       Value   Percentile   TotalCount 1/(1-Percentile)

        0.29     0.000000            1         1.00
        0.57     0.050000        18411         1.05
        0.60     0.100000        35673         1.11
        0.61     0.150000        54028         1.18
        0.63     0.200000        78998         1.25
        0.64     0.250000        94087         1.33
        0.65     0.300000       110575         1.43
        0.66     0.350000       128734         1.54
        0.66     0.400000       147531         1.67
        0.67     0.450000       166954         1.82
        0.68     0.500000       186582         2.00
        0.68     0.525000       186582         2.11
        0.69     0.550000       205762         2.22
        0.69     0.575000       205762         2.35
        0.69     0.600000       224287         2.50
        0.69     0.625000       224287         2.67
        0.70     0.650000       241287         2.86
        0.70     0.675000       241287         3.08
        0.71     0.700000       256998         3.33
        0.71     0.725000       256998         3.64
        0.72     0.750000       271271         4.00
        0.72     0.762500       271271         4.21
        0.73     0.775000       283970         4.44
        0.73     0.787500       283970         4.71
        0.73     0.800000       283970         5.00
        0.73     0.812500       294943         5.33
        0.73     0.825000       294943         5.71
        0.74     0.837500       304965         6.15
        0.74     0.850000       304965         6.67
        0.75     0.862500       313383         7.27
        0.75     0.875000       313383         8.00
        0.75     0.881250       313383         8.42
        0.76     0.887500       320572         8.89
        0.76     0.893750       320572         9.41
        0.76     0.900000       320572        10.00
        0.77     0.906250       326596        10.67
        0.77     0.912500       326596        11.43
        0.77     0.918750       326596        12.31
        0.78     0.925000       331635        13.33
        0.78     0.931250       331635        14.55
        0.78     0.937500       335816        16.00
        0.78     0.940625       335816        16.84
        0.78     0.943750       335816        17.78
        0.78     0.946875       335816        18.82
        0.79     0.950000       339227        20.00
        0.79     0.953125       339227        21.33
        0.79     0.956250       339227        22.86
        0.80     0.959375       342001        24.62
        0.80     0.962500       342001        26.67
        0.80     0.965625       342001        29.09
        0.81     0.968750       344218        32.00
        0.81     0.970313       344218        33.68
        0.81     0.971875       344218        35.56
        0.81     0.973437       346019        37.65
        0.81     0.975000       346019        40.00
        0.81     0.976562       346019        42.67
        0.82     0.978125       347547        45.71
        0.82     0.979688       347547        49.23
        0.82     0.981250       347547        53.33
        0.83     0.982812       348758        58.18
        0.83     0.984375       348758        64.00
        0.83     0.985156       348758        67.37
        0.84     0.985938       349719        71.11
        0.84     0.986719       349719        75.29
        0.84     0.987500       349719        80.00
        0.85     0.988281       350548        85.33
        0.85     0.989062       350548        91.43
        0.85     0.989844       350548        98.46
        0.85     0.990625       351189       106.67
        0.85     0.991406       351189       116.36
        0.85     0.992188       351189       128.00
        0.86     0.992578       351697       134.74
        0.86     0.992969       351697       142.22
        0.86     0.993359       351697       150.59
        0.86     0.993750       351697       160.00
        0.87     0.994141       352105       170.67
        0.87     0.994531       352105       182.86
        0.87     0.994922       352105       196.92
        0.88     0.995313       352359       213.33
        0.88     0.995703       352359       232.73
        0.89     0.996094       352600       256.00
        0.89     0.996289       352600       269.47
        0.90     0.996484       352814       284.44
        0.90     0.996680       352814       301.18
        0.90     0.996875       352814       320.00
        0.90     0.997070       352956       341.33
        0.90     0.997266       352956       365.71
        0.91     0.997461       353064       393.85
        0.91     0.997656       353064       426.67
        0.92     0.997852       353179       465.45
        0.93     0.998047       353254       512.00
        0.93     0.998145       353254       538.95
        0.93     0.998242       353254       568.89
        0.94     0.998340       353312       602.35
        0.94     0.998437       353364       640.00
        0.94     0.998535       353364       682.67
        0.95     0.998633       353403       731.43
        0.96     0.998730       353431       787.69
        0.97     0.998828       353483       853.33
        0.98     0.998926       353503       930.91
        1.00     0.999023       353542      1024.00
        1.01     0.999072       353555      1077.89
        1.02     0.999121       353573      1137.78
        1.03     0.999170       353586      1204.71
        1.05     0.999219       353609      1280.00
        1.06     0.999268       353624      1365.33
        1.07     0.999316       353633      1462.86
        1.09     0.999365       353657      1575.38
        1.10     0.999414       353675      1706.67
        1.12     0.999463       353698      1861.82
        1.13     0.999512       353710      2048.00
        1.13     0.999536       353710      2155.79
        1.14     0.999561       353721      2275.56
        1.16     0.999585       353729      2409.41
        1.17     0.999609       353738      2560.00
        1.18     0.999634       353747      2730.67
        1.19     0.999658       353759      2925.71
        1.20     0.999683       353767      3150.77
        1.21     0.999707       353775      3413.33
        1.22     0.999731       353779      3723.64
        1.24     0.999756       353789      4096.00
        1.25     0.999768       353792      4311.58
        1.26     0.999780       353799      4551.11
        1.27     0.999792       353804      4818.82
        1.28     0.999805       353807      5120.00
        1.29     0.999817       353811      5461.33
        1.30     0.999829       353814      5851.43
        1.33     0.999841       353820      6301.54
        1.34     0.999854       353823      6826.67
        1.38     0.999866       353827      7447.27
        1.45     0.999878       353831      8192.00
        1.50     0.999884       353833      8623.16
        1.53     0.999890       353837      9102.22
        1.53     0.999896       353838      9637.65
        1.54     0.999902       353840     10240.00
        1.61     0.999908       353842     10922.67
        2.93     0.999915       353844     11702.86
        3.07     0.999921       353847     12603.08
        3.23     0.999927       353850     13653.33
        3.44     0.999933       353851     14894.55
        3.54     0.999939       353853     16384.00
        3.57     0.999942       353854     17246.32
        3.58     0.999945       353855     18204.44
        3.60     0.999948       353856     19275.29
        3.63     0.999951       353858     20480.00
        3.63     0.999954       353858     21845.33
        3.65     0.999957       353859     23405.71
        3.66     0.999960       353861     25206.15
        3.68     0.999963       353862     27306.67
        3.69     0.999966       353863     29789.09
        3.76     0.999969       353864     32768.00
        3.76     0.999971       353864     34492.63
        3.95     0.999973       353865     36408.89
        3.95     0.999974       353865     38550.59
        4.09     0.999976       353866     40960.00
        4.09     0.999977       353866     43690.67
        4.16     0.999979       353867     46811.43
        4.16     0.999980       353867     50412.31
        4.29     0.999982       353869     54613.33
        4.29     0.999983       353869     59578.18
        4.29     0.999985       353869     65536.00
        4.29     0.999986       353869     68985.26
        4.32     0.999986       353870     72817.78
        4.32     0.999987       353870     77101.18
        4.32     0.999988       353870     81920.00
        4.32     0.999989       353870     87381.33
        5.09     0.999989       353871     93622.86
        5.09     0.999990       353871    100824.62
        5.09     0.999991       353871    109226.67
        5.12     0.999992       353872    119156.36
        5.12     0.999992       353872    131072.00
        5.12     0.999993       353872    137970.53
        5.12     0.999993       353872    145635.56
        5.12     0.999994       353872    154202.35
        5.12     0.999994       353872    163840.00
        5.12     0.999994       353872    174762.67
        5.57     0.999995       353873    187245.71
        5.57     0.999995       353873    201649.23
        5.57     0.999995       353873    218453.33
        5.57     0.999996       353873    238312.73
        5.57     0.999996       353873    262144.00
        5.57     0.999996       353873    275941.05
        5.57     0.999997       353873    291271.11
        5.57     0.999997       353873    308404.71
        5.57     0.999997       353873    327680.00
        5.57     0.999997       353873    349525.33
        5.63     0.999997       353874    374491.43
        5.63     1.000000       353874          inf
#[Mean    =        0.677, StdDeviation   =        0.074]
#[Max     =        5.631, Total count    =       353874]
#[Buckets =           20, SubBuckets     =          256]
