       Value   Percentile   TotalCount 1/(1-Percentile)

        0.07     0.000000           65         1.00
        0.29     0.050000       729920         1.05
        0.47     0.100000      1520010         1.11
        0.54     0.150000      2289930         1.18
        0.57     0.200000      2999950         1.25
        0.59     0.250000      4071735         1.33
        0.60     0.300000      4828605         1.43
        0.61     0.350000      5828405         1.54
        0.61     0.400000      5828405         1.67
        0.61     0.450000      6779325         1.82
        0.62     0.500000      7510555         2.00
        0.63     0.525000      8110455         2.11
        0.63     0.550000      8110455         2.22
        0.64     0.575000      8620610         2.35
        0.65     0.600000      9093715         2.50
        0.66     0.625000      9541335         2.67
        0.66     0.650000      9541335         2.86
        0.66     0.675000      9966025         3.08
        0.67     0.700000     10358560         3.33
        0.68     0.725000     10710295         3.64
        0.69     0.750000     11011460         4.00
        0.69     0.762500     11259095         4.21
        0.70     0.775000     11463910         4.44
        0.71     0.787500     11631595         4.71
        0.72     0.800000     11782950         5.00
        0.73     0.812500     11914135         5.33
        0.73     0.825000     12029355         5.71
        0.75     0.837500     12238620         6.15
        0.77     0.850000     12428070         6.67
        0.78     0.862500     12592625         7.27
        0.80     0.875000     12750990         8.00
        0.81     0.881250     12900205         8.42
        0.82     0.887500     12969615         8.89
        0.83     0.893750     13036765         9.41
        0.85     0.900000     13164285        10.00
        0.85     0.906250     13225085        10.67
        0.87     0.912500     13343220        11.43
        0.88     0.918750     13400420        12.31
        0.90     0.925000     13513590        13.33
        0.90     0.931250     13570005        14.55
        0.92     0.937500     13686380        16.00
        0.93     0.940625     13743615        16.84
        0.94     0.943750     13799430        17.78
        0.94     0.946875     13799430        18.82
        0.94     0.950000     13856750        20.00
        0.95     0.953125     13912430        21.33
        0.96     0.956250     13966310        22.86
        0.97     0.959375     14018245        24.62
        0.97     0.962500     14068545        26.67
        0.97     0.965625     14068545        29.09
        0.98     0.968750     14116180        32.00
        0.99     0.970313     14162300        33.68
        0.99     0.971875     14162300        35.56
        1.00     0.973437     14202505        37.65
        1.01     0.975000     14239445        40.00
        1.01     0.976562     14239445        42.67
        1.01     0.978125     14271255        45.71
        1.02     0.979688     14299805        49.23
        1.02     0.981250     14299805        53.33
        1.03     0.982812     14323765        58.18
        1.04     0.984375     14344035        64.00
        1.05     0.985156     14360030        67.37
        1.05     0.985938     14373970        71.11
        1.06     0.986719     14385230        75.29
        1.07     0.987500     14394940        80.00
        1.08     0.988281     14402330        85.33
        1.09     0.989062     14413880        91.43
        1.11     0.989844     14422755        98.46
        1.14     0.990625     14434580       106.67
        1.18     0.991406     14443895       116.36
        1.25     0.992188     14455785       128.00
        1.29     0.992578     14461785       134.74
        1.33     0.992969     14467345       142.22
        1.38     0.993359     14472065       150.59
        1.43     0.993750     14478600       160.00
        1.49     0.994141     14484175       170.67
        1.57     0.994531     14489440       182.86
        1.66     0.994922     14495135       196.92
        1.77     0.995313     14500905       213.33
        1.91     0.995703     14506520       232.73
        2.08     0.996094     14512195       256.00
        2.21     0.996289     14514870       269.47
        2.40     0.996484     14517865       284.44
        2.59     0.996680     14520650       301.18
        2.81     0.996875     14523390       320.00
        3.06     0.997070     14526155       341.33
        3.41     0.997266     14529045       365.71
        3.85     0.997461     14531865       393.85
        4.25     0.997656     14534840       426.67
        4.70     0.997852     14537545       465.45
        5.25     0.998047     14540425       512.00
        5.63     0.998145     14541795       538.95
        6.05     0.998242     14543215       568.89
        6.33     0.998340     14544635       602.35
        6.62     0.998437     14546125       640.00
        6.94     0.998535     14547510       682.67
        7.29     0.998633     14548965       731.43
        7.58     0.998730     14550365       787.69
        7.93     0.998828     14551765       853.33
        8.38     0.998926     14553270       930.91
        8.83     0.999023     14554595      1024.00
        9.28     0.999072     14555315      1077.89
        9.79     0.999121     14556035      1137.78
       10.30     0.999170     14556810      1204.71
       11.01     0.999219     14557445      1280.00
       11.90     0.999268     14558150      1365.33
       12.29     0.999316     14558895      1462.86
       12.61     0.999365     14559590      1575.38
       13.31     0.999414     14560265      1706.67
       15.04     0.999463     14560990      1861.82
       16.06     0.999512     14561730      2048.00
       16.19     0.999536     14562245      2155.79
       16.32     0.999561     14562510      2275.56
       16.38     0.999585     14562840      2409.41
       16.51     0.999609     14563220      2560.00
       16.64     0.999634     14563685      2730.67
       16.77     0.999658     14563855      2925.71
       17.28     0.999683     14564190      3150.77
       17.92     0.999707     14564575      3413.33
       18.82     0.999731     14564930      3723.64
       20.22     0.999756     14565370      4096.00
       20.35     0.999768     14565525      4311.58
       20.48     0.999780     14565785      4551.11
       20.48     0.999792     14565785      4818.82
       20.61     0.999805     14566050      5120.00
       20.73     0.999817     14566130      5461.33
       21.63     0.999829     14566360      5851.43
       23.04     0.999841     14566525      6301.54
       24.06     0.999854     14566705      6826.67
       24.32     0.999866     14567000      7447.27
       24.45     0.999878     14567330      8192.00
       24.45     0.999884     14567330      8623.16
       24.45     0.999890     14567330      9102.22
       24.45     0.999896     14567330      9637.65
       24.57     0.999902     14567650     10240.00
       24.57     0.999908     14567650     10922.67
       24.57     0.999915     14567650     11702.86
       24.57     0.999921     14567650     12603.08
       24.70     0.999927     14567805     13653.33
       24.83     0.999933     14567880     14894.55
       25.21     0.999939     14567930     16384.00
       26.11     0.999942     14567970     17246.32
       27.01     0.999945     14567995     18204.44
       27.65     0.999948     14568045     19275.29
       27.90     0.999951     14568095     20480.00
       28.03     0.999954     14568135     21845.33
       28.16     0.999957     14568190     23405.71
       28.29     0.999960     14568270     25206.15
       28.29     0.999963     14568270     27306.67
       28.41     0.999966     14568385     29789.09
       28.41     0.999969     14568385     32768.00
       28.41     0.999971     14568385     34492.63
       28.54     0.999973     14568505     36408.89
       28.54     0.999974     14568505     38550.59
       28.54     0.999976     14568505     40960.00
       28.54     0.999977     14568505     43690.67
       28.54     0.999979     14568505     46811.43
       28.67     0.999980     14568520     50412.31
       29.44     0.999982     14568560     54613.33
       29.44     0.999983     14568560     59578.18
       30.08     0.999985     14568575     65536.00
       30.21     0.999986     14568595     68985.26
       30.21     0.999986     14568595     72817.78
       32.13     0.999987     14568635     77101.18
       32.13     0.999988     14568635     81920.00
       32.13     0.999989     14568635     87381.33
       32.26     0.999989     14568700     93622.86
       32.26     0.999990     14568700    100824.62
       32.26     0.999991     14568700    109226.67
       32.26     0.999992     14568700    119156.36
       32.26     0.999992     14568700    131072.00
       32.26     0.999993     14568700    137970.53
       32.26     0.999993     14568700    145635.56
       32.38     0.999994     14568720    154202.35
       32.38     0.999994     14568720    163840.00
       32.38     0.999994     14568720    174762.67
       32.38     0.999995     14568720    187245.71
       32.51     0.999995     14568735    201649.23
       32.51     0.999995     14568735    218453.33
       32.51     0.999996     14568735    238312.73
       32.64     0.999996     14568745    262144.00
       32.64     0.999996     14568745    275941.05
       32.64     0.999997     14568745    291271.11
       32.77     0.999997     14568750    308404.71
       33.02     0.999997     14568755    327680.00
       33.02     0.999997     14568755    349525.33
       36.35     0.999997     14568795    374491.43
       36.35     1.000000     14568795          inf
#[Mean    =        0.657, StdDeviation   =        0.595]
#[Max     =       36.351, Total count    =     14568795]
#[Buckets =           20, SubBuckets     =          256]
