       Value   Percentile   TotalCount 1/(1-Percentile)

        0.15     0.000000            1         1.00
        0.25     0.050000        54162         1.05
        0.26     0.100000        79280         1.11
        0.29     0.150000       103484         1.18
        0.30     0.200000       132098         1.25
        0.32     0.250000       196412         1.33
        0.33     0.300000       230359         1.43
        0.34     0.350000       262223         1.54
        0.34     0.400000       283030         1.67
        0.35     0.450000       297266         1.82
        0.37     0.500000       356788         2.00
        0.37     0.525000       356788         2.11
        0.38     0.550000       405114         2.22
        0.38     0.575000       405114         2.35
        0.38     0.600000       405114         2.50
        0.38     0.625000       452714         2.67
        0.38     0.650000       452714         2.86
        0.38     0.675000       452714         3.08
        0.39     0.700000       495176         3.33
        0.39     0.725000       495176         3.64
        0.39     0.750000       495176         4.00
        0.40     0.762500       530113         4.21
        0.40     0.775000       530113         4.44
        0.40     0.787500       530113         4.71
        0.40     0.800000       530113         5.00
        0.41     0.812500       551246         5.33
        0.41     0.825000       551246         5.71
        0.41     0.837500       559377         6.15
        0.42     0.850000       562068         6.67
        0.49     0.862500       569414         7.27
        0.51     0.875000       577890         8.00
        0.52     0.881250       588210         8.42
        0.52     0.887500       588210         8.89
        0.53     0.893750       604445         9.41
        0.53     0.900000       604445        10.00
        0.53     0.906250       604445        10.67
        0.53     0.912500       604445        11.43
        0.54     0.918750       623702        12.31
        0.54     0.925000       623702        13.33
        0.54     0.931250       623702        14.55
        0.54     0.937500       623702        16.00
        0.54     0.940625       623702        16.84
        0.54     0.943750       623702        17.78
        0.54     0.946875       641030        18.82
        0.54     0.950000       641030        20.00
        0.54     0.953125       641030        21.33
        0.54     0.956250       641030        22.86
        0.54     0.959375       641030        24.62
        0.54     0.962500       641030        26.67
        0.54     0.965625       641030        29.09
        0.54     0.968750       641030        32.00
        0.54     0.970313       641030        33.68
        0.54     0.971875       641030        35.56
        0.55     0.973437       652089        37.65
        0.55     0.975000       652089        40.00
        0.55     0.976562       652089        42.67
        0.55     0.978125       652089        45.71
        0.55     0.979688       652089        49.23
        0.55     0.981250       652089        53.33
        0.55     0.982812       652089        58.18
        0.55     0.984375       652089        64.00
        0.55     0.985156       652089        67.37
        0.55     0.985938       652089        71.11
        0.55     0.986719       652089        75.29
        0.55     0.987500       652089        80.00
        0.55     0.988281       652089        85.33
        0.55     0.989062       652089        91.43
        0.56     0.989844       656864        98.46
        0.56     0.990625       656864       106.67
        0.56     0.991406       656864       116.36
        0.56     0.992188       656864       128.00
        0.56     0.992578       656864       134.74
        0.56     0.992969       656864       142.22
        0.56     0.993359       656864       150.59
        0.56     0.993750       656864       160.00
        0.56     0.994141       656864       170.67
        0.56     0.994531       656864       182.86
        0.56     0.994922       656864       196.92
        0.56     0.995313       656864       213.33
        0.56     0.995703       656864       232.73
        0.56     0.996094       656864       256.00
        0.56     0.996289       656864       269.47
        0.57     0.996484       658399       284.44
        0.57     0.996680       658399       301.18
        0.57     0.996875       658399       320.00
        0.57     0.997070       658399       341.33
        0.57     0.997266       658399       365.71
        0.57     0.997461       658399       393.85
        0.57     0.997656       658399       426.67
        0.57     0.997852       658399       465.45
        0.57     0.998047       658399       512.00
        0.57     0.998145       658399       538.95
        0.57     0.998242       658399       568.89
        0.57     0.998340       658399       602.35
        0.57     0.998437       658399       640.00
        0.57     0.998535       658399       682.67
        0.57     0.998633       658399       731.43
        0.57     0.998730       658399       787.69
        0.57     0.998828       658800       853.33
        0.57     0.998926       658800       930.91
        0.57     0.999023       658800      1024.00
        0.57     0.999072       658800      1077.89
        0.57     0.999121       658800      1137.78
        0.57     0.999170       658800      1204.71
        0.57     0.999219       658800      1280.00
        0.57     0.999268       658800      1365.33
        0.57     0.999316       658800      1462.86
        0.57     0.999365       658800      1575.38
        0.58     0.999414       658917      1706.67
        0.58     0.999463       658917      1861.82
        0.58     0.999512       658917      2048.00
        0.58     0.999536       658917      2155.79
        0.59     0.999561       658959      2275.56
        0.59     0.999585       658959      2409.41
        0.59     0.999609       658959      2560.00
        0.60     0.999634       658984      2730.67
        0.61     0.999658       659007      2925.71
        0.61     0.999683       659007      3150.77
        0.61     0.999707       659022      3413.33
        0.62     0.999731       659039      3723.64
        0.63     0.999756       659057      4096.00
        0.64     0.999768       659069      4311.58
        0.64     0.999780       659069      4551.11
        0.65     0.999792       659077      4818.82
        0.66     0.999805       659088      5120.00
        0.67     0.999817       659100      5461.33
        0.68     0.999829       659106      5851.43
        0.69     0.999841       659111      6301.54
        0.70     0.999854       659120      6826.67
        0.72     0.999866       659130      7447.27
        0.73     0.999878       659136      8192.00
        0.73     0.999884       659139      8623.16
        0.74     0.999890       659144      9102.22
        0.75     0.999896       659150      9637.65
        0.75     0.999902       659150     10240.00
        0.76     0.999908       659154     10922.67
        0.77     0.999915       659159     11702.86
        0.78     0.999921       659162     12603.08
        0.78     0.999927       659166     13653.33
        0.79     0.999933       659171     14894.55
        0.80     0.999939       659174     16384.00
        0.81     0.999942       659177     17246.32
        0.81     0.999945       659177     18204.44
        0.81     0.999948       659179     19275.29
        0.82     0.999951       659184     20480.00
        0.82     0.999954       659184     21845.33
        0.83     0.999957       659186     23405.71
        0.84     0.999960       659190     25206.15
        0.84     0.999963       659190     27306.67
        0.85     0.999966       659193     29789.09
        0.85     0.999969       659193     32768.00
        0.85     0.999971       659195     34492.63
        0.85     0.999973       659195     36408.89
        0.86     0.999974       659198     38550.59
        0.86     0.999976       659198     40960.00
        0.86     0.999977       659198     43690.67
        0.87     0.999979       659201     46811.43
        0.87     0.999980       659201     50412.31
        0.87     0.999982       659201     54613.33
        0.89     0.999983       659202     59578.18
        0.90     0.999985       659203     65536.00
        0.90     0.999986       659205     68985.26
        0.90     0.999986       659205     72817.78
        0.90     0.999987       659205     77101.18
        0.90     0.999988       659205     81920.00
        0.92     0.999989       659206     87381.33
        0.92     0.999989       659206     93622.86
        0.94     0.999990       659207    100824.62
        0.94     0.999991       659207    109226.67
        0.99     0.999992       659208    119156.36
        0.99     0.999992       659208    131072.00
        1.00     0.999993       659209    137970.53
        1.00     0.999993       659209    145635.56
        1.00     0.999994       659209    154202.35
        1.00     0.999994       659209    163840.00
        4.61     0.999994       659210    174762.67
        4.61     0.999995       659210    187245.71
        4.61     0.999995       659210    201649.23
        4.61     0.999995       659210    218453.33
        4.67     0.999996       659211    238312.73
        4.67     0.999996       659211    262144.00
        4.67     0.999996       659211    275941.05
        4.67     0.999997       659211    291271.11
        4.67     0.999997       659211    308404.71
        4.67     0.999997       659211    327680.00
        4.77     0.999997       659213    349525.33
        4.77     1.000000       659213          inf
#[Mean    =        0.364, StdDeviation   =        0.084]
#[Max     =        4.767, Total count    =       659213]
#[Buckets =           20, SubBuckets     =          256]
