       Value   Percentile   TotalCount 1/(1-Percentile)

        0.17     0.000000            1         1.00
        0.31     0.050000        28581         1.05
        0.33     0.100000        61443         1.11
        0.37     0.150000        78049         1.18
        0.39     0.200000       109145         1.25
        0.40     0.250000       129380         1.33
        0.41     0.300000       171879         1.43
        0.42     0.350000       192793         1.54
        0.43     0.400000       209935         1.67
        0.46     0.450000       240767         1.82
        0.46     0.500000       258301         2.00
        0.47     0.525000       282197         2.11
        0.48     0.550000       310394         2.22
        0.48     0.575000       310394         2.35
        0.48     0.600000       310394         2.50
        0.49     0.625000       340228         2.67
        0.49     0.650000       340228         2.86
        0.49     0.675000       370504         3.08
        0.49     0.700000       370504         3.33
        0.50     0.725000       398897         3.64
        0.50     0.750000       398897         4.00
        0.50     0.762500       398897         4.21
        0.51     0.775000       420417         4.44
        0.51     0.787500       420417         4.71
        0.51     0.800000       420417         5.00
        0.51     0.812500       420417         5.33
        0.52     0.825000       433053         5.71
        0.52     0.837500       433053         6.15
        0.54     0.850000       440545         6.67
        0.64     0.862500       446587         7.27
        0.66     0.875000       457412         8.00
        0.66     0.881250       457412         8.42
        0.66     0.887500       467617         8.89
        0.66     0.893750       467617         9.41
        0.66     0.900000       467617        10.00
        0.66     0.906250       467617        10.67
        0.67     0.912500       480076        11.43
        0.67     0.918750       480076        12.31
        0.67     0.925000       480076        13.33
        0.68     0.931250       492337        14.55
        0.68     0.937500       492337        16.00
        0.68     0.940625       492337        16.84
        0.68     0.943750       492337        17.78
        0.68     0.946875       492337        18.82
        0.68     0.950000       492337        20.00
        0.68     0.953125       492337        21.33
        0.69     0.956250       502389        22.86
        0.69     0.959375       502389        24.62
        0.69     0.962500       502389        26.67
        0.69     0.965625       502389        29.09
        0.69     0.968750       502389        32.00
        0.69     0.970313       502389        33.68
        0.69     0.971875       502389        35.56
        0.69     0.973437       502389        37.65
        0.69     0.975000       509163        40.00
        0.69     0.976562       509163        42.67
        0.69     0.978125       509163        45.71
        0.69     0.979688       509163        49.23
        0.69     0.981250       509163        53.33
        0.69     0.982812       509163        58.18
        0.69     0.984375       509163        64.00
        0.69     0.985156       509163        67.37
        0.69     0.985938       509163        71.11
        0.69     0.986719       509163        75.29
        0.70     0.987500       512983        80.00
        0.70     0.988281       512983        85.33
        0.70     0.989062       512983        91.43
        0.70     0.989844       512983        98.46
        0.70     0.990625       512983       106.67
        0.70     0.991406       512983       116.36
        0.70     0.992188       512983       128.00
        0.70     0.992578       512983       134.74
        0.70     0.992969       512983       142.22
        0.70     0.993359       512983       150.59
        0.70     0.993750       512983       160.00
        0.70     0.994141       512983       170.67
        0.71     0.994531       514723       182.86
        0.71     0.994922       514723       196.92
        0.71     0.995313       514723       213.33
        0.71     0.995703       514723       232.73
        0.71     0.996094       514723       256.00
        0.71     0.996289       514723       269.47
        0.71     0.996484       514723       284.44
        0.71     0.996680       514723       301.18
        0.71     0.996875       514723       320.00
        0.71     0.997070       514723       341.33
        0.71     0.997266       514723       365.71
        0.71     0.997461       514723       393.85
        0.72     0.997656       515419       426.67
        0.72     0.997852       515419       465.45
        0.72     0.998047       515419       512.00
        0.72     0.998145       515419       538.95
        0.72     0.998242       515419       568.89
        0.72     0.998340       515419       602.35
        0.72     0.998437       515419       640.00
        0.72     0.998535       515419       682.67
        0.72     0.998633       515419       731.43
        0.72     0.998730       515419       787.69
        0.72     0.998828       515419       853.33
        0.72     0.998926       515419       930.91
        0.73     0.999023       515699      1024.00
        0.73     0.999072       515699      1077.89
        0.73     0.999121       515699      1137.78
        0.73     0.999170       515699      1204.71
        0.73     0.999219       515699      1280.00
        0.73     0.999268       515699      1365.33
        0.73     0.999316       515699      1462.86
        0.73     0.999365       515699      1575.38
        0.73     0.999414       515699      1706.67
        0.73     0.999463       515699      1861.82
        0.73     0.999512       515699      2048.00
        0.73     0.999536       515787      2155.79
        0.73     0.999561       515787      2275.56
        0.73     0.999585       515787      2409.41
        0.73     0.999609       515787      2560.00
        0.73     0.999634       515787      2730.67
        0.73     0.999658       515787      2925.71
        0.73     0.999683       515787      3150.77
        0.74     0.999707       515812      3413.33
        0.74     0.999731       515812      3723.64
        0.75     0.999756       515830      4096.00
        0.76     0.999768       515840      4311.58
        0.76     0.999780       515840      4551.11
        0.77     0.999792       515848      4818.82
        0.78     0.999805       515857      5120.00
        0.78     0.999817       515857      5461.33
        0.78     0.999829       515862      5851.43
        0.79     0.999841       515870      6301.54
        0.80     0.999854       515876      6826.67
        0.81     0.999866       515882      7447.27
        0.82     0.999878       515894      8192.00
        0.82     0.999884       515894      8623.16
        0.82     0.999890       515894      9102.22
        0.83     0.999896       515901      9637.65
        0.83     0.999902       515901     10240.00
        0.84     0.999908       515908     10922.67
        0.84     0.999915       515908     11702.86
        0.85     0.999921       515912     12603.08
        0.85     0.999927       515914     13653.33
        0.87     0.999933       515917     14894.55
        0.88     0.999939       515919     16384.00
        0.90     0.999942       515921     17246.32
        0.90     0.999945       515923     18204.44
        0.91     0.999948       515926     19275.29
        0.91     0.999951       515926     20480.00
        0.92     0.999954       515929     21845.33
        0.92     0.999957       515929     23405.71
        0.93     0.999960       515930     25206.15
        0.96     0.999963       515932     27306.67
        1.02     0.999966       515934     29789.09
        1.03     0.999969       515935     32768.00
        1.09     0.999971       515936     34492.63
        1.09     0.999973       515936     36408.89
        1.24     0.999974       515937     38550.59
        1.25     0.999976       515938     40960.00
        1.31     0.999977       515939     43690.67
        1.31     0.999979       515939     46811.43
        1.39     0.999980       515940     50412.31
        1.44     0.999982       515941     54613.33
        1.65     0.999983       515942     59578.18
        4.83     0.999985       515943     65536.00
        4.83     0.999986       515943     68985.26
        4.83     0.999986       515943     72817.78
        4.96     0.999987       515944     77101.18
        4.96     0.999988       515944     81920.00
        5.05     0.999989       515945     87381.33
        5.05     0.999989       515945     93622.86
        5.05     0.999990       515945    100824.62
        5.18     0.999991       515946    109226.67
        5.18     0.999992       515946    119156.36
       11.97     0.999992       515947    131072.00
       11.97     0.999993       515947    137970.53
       11.97     0.999993       515947    145635.56
       11.97     0.999994       515947    154202.35
       11.97     0.999994       515947    163840.00
       12.10     0.999994       515948    174762.67
       12.10     0.999995       515948    187245.71
       12.10     0.999995       515948    201649.23
       12.10     0.999995       515948    218453.33
       12.10     0.999996       515948    238312.73
       12.16     0.999996       515949    262144.00
       12.16     0.999996       515949    275941.05
       12.16     0.999997       515949    291271.11
       12.16     0.999997       515949    308404.71
       12.16     0.999997       515949    327680.00
       12.16     0.999997       515949    349525.33
       12.16     0.999997       515949    374491.43
       12.16     0.999998       515949    403298.46
       12.16     0.999998       515949    436906.67
       12.16     0.999998       515949    476625.45
       12.29     0.999998       515950    524288.00
       12.29     1.000000       515950          inf
#[Mean    =        0.465, StdDeviation   =        0.110]
#[Max     =       12.287, Total count    =       515950]
#[Buckets =           20, SubBuckets     =          256]
