       Value   Percentile   TotalCount 1/(1-Percentile)

        0.02     0.000000          255         1.00
        0.05     0.050000       198361         1.05
        0.06     0.100000       406779         1.11
        0.25     0.150000       512112         1.18
        0.48     0.200000       746322         1.25
        0.49     0.250000       908090         1.33
        0.49     0.300000      1218337         1.43
        0.49     0.350000      1218337         1.54
        0.50     0.400000      1612861         1.67
        0.50     0.450000      1612861         1.82
        0.51     0.500000      1923650         2.00
        0.51     0.525000      1923650         2.11
        0.51     0.550000      1923650         2.22
        0.52     0.575000      2100173         2.35
        0.52     0.600000      2100173         2.50
        0.53     0.625000      2222056         2.67
        0.53     0.650000      2222056         2.86
        0.54     0.675000      2351614         3.08
        0.54     0.700000      2508105         3.33
        0.54     0.725000      2508105         3.64
        0.55     0.750000      2683261         4.00
        0.55     0.762500      2683261         4.21
        0.55     0.775000      2683261         4.44
        0.56     0.787500      2830696         4.71
        0.56     0.800000      2830696         5.00
        0.56     0.812500      2830696         5.33
        0.56     0.825000      2830696         5.71
        0.57     0.837500      2925925         6.15
        0.57     0.850000      2925925         6.67
        0.57     0.862500      2980670         7.27
        0.58     0.875000      3017606         8.00
        0.58     0.881250      3017606         8.42
        0.59     0.887500      3042391         8.89
        0.60     0.893750      3057015         9.41
        0.61     0.900000      3072015        10.00
        0.66     0.906250      3095243        10.67
        0.69     0.912500      3117018        11.43
        0.72     0.918750      3141678        12.31
        0.73     0.925000      3157349        13.33
        0.73     0.931250      3178233        14.55
        0.74     0.937500      3203548        16.00
        0.75     0.940625      3228373        16.84
        0.75     0.943750      3228373        17.78
        0.76     0.946875      3249399        18.82
        0.76     0.950000      3249399        20.00
        0.77     0.953125      3265346        21.33
        0.77     0.956250      3265346        22.86
        0.78     0.959375      3277376        24.62
        0.78     0.962500      3286862        26.67
        0.79     0.965625      3294554        29.09
        0.81     0.968750      3308570        32.00
        0.81     0.970313      3315776        33.68
        0.81     0.971875      3315776        35.56
        0.82     0.973437      3322770        37.65
        0.83     0.975000      3328727        40.00
        0.84     0.976562      3333505        42.67
        0.85     0.978125      3337038        45.71
        0.87     0.979688      3343149        49.23
        0.93     0.981250      3347700        53.33
        1.08     0.982812      3352814        58.18
        1.37     0.984375      3358021        64.00
        1.58     0.985156      3360669        67.37
        2.06     0.985938      3363364        71.11
        2.38     0.986719      3366021        75.29
        2.46     0.987500      3370161        80.00
        2.48     0.988281      3372794        85.33
        2.50     0.989062      3376293        91.43
        2.51     0.989844      3380412        98.46
        2.51     0.990625      3380412       106.67
        2.53     0.991406      3384418       116.36
        2.54     0.992188      3388012       128.00
        2.54     0.992578      3388012       134.74
        2.54     0.992969      3388012       142.22
        2.56     0.993359      3390432       150.59
        2.56     0.993750      3390432       160.00
        2.58     0.994141      3391993       170.67
        2.59     0.994531      3392862       182.86
        2.64     0.994922      3394095       196.92
        2.72     0.995313      3395596       213.33
        2.77     0.995703      3396892       232.73
        2.81     0.996094      3398118       256.00
        2.85     0.996289      3398713       269.47
        2.94     0.996484      3399268       284.44
        3.34     0.996680      3399957       301.18
        3.98     0.996875      3400595       320.00
        5.73     0.997070      3401285       341.33
        8.96     0.997266      3401936       365.71
       12.29     0.997461      3402594       393.85
       16.13     0.997656      3403263       426.67
       20.09     0.997852      3403942       465.45
       23.42     0.998047      3404591       512.00
       24.06     0.998145      3404941       538.95
       24.19     0.998242      3405422       568.89
       24.57     0.998340      3405603       602.35
       26.75     0.998437      3405928       640.00
       28.16     0.998535      3408938       682.67
       28.16     0.998633      3408938       731.43
       28.16     0.998730      3408938       787.69
       28.16     0.998828      3408938       853.33
       28.16     0.998926      3408938       930.91
       28.16     0.999023      3408938      1024.00
       28.16     0.999072      3408938      1077.89
       28.16     0.999121      3408938      1137.78
       28.16     0.999170      3408938      1204.71
       28.16     0.999219      3408938      1280.00
       28.16     0.999268      3408938      1365.33
       28.16     0.999316      3408938      1462.86
       28.29     0.999365      3409563      1575.38
       28.29     0.999414      3409563      1706.67
       28.29     0.999463      3409563      1861.82
       28.41     0.999512      3409745      2048.00
       28.41     0.999536      3409745      2155.79
       28.54     0.999561      3409774      2275.56
       29.18     0.999585      3409845      2409.41
       29.95     0.999609      3409920      2560.00
       30.72     0.999634      3410008      2730.67
       31.23     0.999658      3410092      2925.71
       32.00     0.999683      3410170      3150.77
       32.13     0.999707      3410591      3413.33
       32.13     0.999731      3410591      3723.64
       32.13     0.999756      3410591      4096.00
       32.13     0.999768      3410591      4311.58
       32.13     0.999780      3410591      4551.11
       32.13     0.999792      3410591      4818.82
       32.13     0.999805      3410591      5120.00
       32.26     0.999817      3410631      5461.33
       32.77     0.999829      3410687      5851.43
       33.79     0.999841      3410718      6301.54
       36.09     0.999854      3410797      6826.67
       36.09     0.999866      3410797      7447.27
       36.35     0.999878      3410879      8192.00
       36.35     0.999884      3410879      8623.16
       36.35     0.999890      3410879      9102.22
       36.86     0.999896      3410908      9637.65
       37.63     0.999902      3410919     10240.00
       40.19     0.999908      3411011     10922.67
       40.19     0.999915      3411011     11702.86
       40.19     0.999921      3411011     12603.08
       40.19     0.999927      3411011     13653.33
       42.24     0.999933      3411022     14894.55
       44.29     0.999939      3411063     16384.00
       44.29     0.999942      3411063     17246.32
       44.54     0.999945      3411073     18204.44
       44.80     0.999948      3411076     19275.29
       48.13     0.999951      3411095     20480.00
       48.13     0.999954      3411095     21845.33
       48.38     0.999957      3411132     23405.71
       48.38     0.999960      3411132     25206.15
       48.38     0.999963      3411132     27306.67
       52.22     0.999966      3411175     29789.09
       52.22     0.999969      3411175     32768.00
       52.22     0.999971      3411175     34492.63
       52.22     0.999973      3411175     36408.89
       52.22     0.999974      3411175     38550.59
       52.22     0.999976      3411175     40960.00
       52.22     0.999977      3411175     43690.67
       52.48     0.999979      3411179     46811.43
       56.06     0.999980      3411185     50412.31
       56.32     0.999982      3411203     54613.33
       56.32     0.999983      3411203     59578.18
       56.32     0.999985      3411203     65536.00
       56.32     0.999986      3411203     68985.26
       56.58     0.999986      3411206     72817.78
       56.83     0.999987      3411207     77101.18
       60.16     0.999988      3411212     81920.00
       60.16     0.999989      3411212     87381.33
       60.93     0.999989      3411215     93622.86
       61.70     0.999990      3411218    100824.62
      266.24     0.999991      3411242    109226.67
      266.24     0.999992      3411242    119156.36
      266.24     0.999992      3411242    131072.00
      266.24     0.999993      3411242    137970.53
      266.24     0.999993      3411242    145635.56
      266.24     0.999994      3411242    154202.35
      266.24     0.999994      3411242    163840.00
      266.24     0.999994      3411242    174762.67
      266.24     0.999995      3411242    187245.71
      266.24     0.999995      3411242    201649.23
      266.24     0.999995      3411242    218453.33
      266.24     0.999996      3411242    238312.73
      266.24     0.999996      3411242    262144.00
      266.24     0.999996      3411242    275941.05
      266.24     0.999997      3411242    291271.11
      266.24     0.999997      3411242    308404.71
      266.24     0.999997      3411242    327680.00
      266.24     0.999997      3411242    349525.33
      266.24     0.999997      3411242    374491.43
      270.33     0.999998      3411246    403298.46
      270.33     0.999998      3411246    436906.67
      270.33     0.999998      3411246    476625.45
      270.33     0.999998      3411246    524288.00
      270.33     0.999998      3411246    551882.11
      270.33     0.999998      3411246    582542.22
      270.33     0.999998      3411246    616809.41
      270.33     0.999998      3411246    655360.00
      280.57     0.999999      3411248    699050.67
      280.57     0.999999      3411248    748982.86
      280.57     0.999999      3411248    806596.92
      280.57     0.999999      3411248    873813.33
      280.57     0.999999      3411248    953250.91
      280.57     0.999999      3411248   1048576.00
      280.57     0.999999      3411248   1103764.21
      284.67     0.999999      3411251   1165084.44
      284.67     1.000000      3411251          inf
#[Mean    =        0.562, StdDeviation   =        1.607]
#[Max     =      284.671, Total count    =      3411251]
#[Buckets =           20, SubBuckets     =          256]
