       Value   Percentile   TotalCount 1/(1-Percentile)

        0.17     0.000000            1         1.00
        0.61     0.050000        17533         1.05
        0.65     0.100000        33724         1.11
        0.67     0.150000        54414         1.18
        0.69     0.200000        73142         1.25
        0.69     0.250000        84217         1.33
        0.71     0.300000       108987         1.43
        0.72     0.350000       122416         1.54
        0.73     0.400000       136480         1.67
        0.73     0.450000       150796         1.82
        0.74     0.500000       164931         2.00
        0.75     0.525000       179008         2.11
        0.75     0.550000       179008         2.22
        0.76     0.575000       193047         2.35
        0.77     0.600000       206270         2.50
        0.77     0.625000       206270         2.67
        0.78     0.650000       218746         2.86
        0.78     0.675000       218746         3.08
        0.78     0.700000       230710         3.33
        0.79     0.725000       241731         3.64
        0.80     0.750000       251682         4.00
        0.80     0.762500       251682         4.21
        0.80     0.775000       251682         4.44
        0.81     0.787500       260646         4.71
        0.81     0.800000       260646         5.00
        0.81     0.812500       268738         5.33
        0.81     0.825000       268738         5.71
        0.82     0.837500       275823         6.15
        0.82     0.850000       275823         6.67
        0.83     0.862500       282184         7.27
        0.83     0.875000       282184         8.00
        0.84     0.881250       287757         8.42
        0.84     0.887500       287757         8.89
        0.85     0.893750       292606         9.41
        0.85     0.900000       292606        10.00
        0.85     0.906250       292606        10.67
        0.85     0.912500       296955        11.43
        0.85     0.918750       296955        12.31
        0.86     0.925000       300604        13.33
        0.86     0.931250       300604        14.55
        0.87     0.937500       303761        16.00
        0.87     0.940625       303761        16.84
        0.88     0.943750       306537        17.78
        0.88     0.946875       306537        18.82
        0.88     0.950000       306537        20.00
        0.89     0.953125       308886        21.33
        0.89     0.956250       308886        22.86
        0.90     0.959375       310909        24.62
        0.90     0.962500       310909        26.67
        0.90     0.965625       312578        29.09
        0.90     0.968750       312578        32.00
        0.91     0.970313       314006        33.68
        0.91     0.971875       314006        35.56
        0.91     0.973437       314006        37.65
        0.92     0.975000       315251        40.00
        0.92     0.976562       315251        42.67
        0.93     0.978125       316292        45.71
        0.93     0.979688       316292        49.23
        0.94     0.981250       317170        53.33
        0.94     0.982812       317170        58.18
        0.94     0.984375       317879        64.00
        0.94     0.985156       317879        67.37
        0.95     0.985938       318544        71.11
        0.95     0.986719       318544        75.29
        0.95     0.987500       318544        80.00
        0.96     0.988281       319104        85.33
        0.96     0.989062       319104        91.43
        0.97     0.989844       319539        98.46
        0.97     0.990625       319539       106.67
        0.97     0.991406       319940       116.36
        0.97     0.992188       319940       128.00
        0.98     0.992578       320276       134.74
        0.98     0.992969       320276       142.22
        0.99     0.993359       320561       150.59
        0.99     0.993750       320561       160.00
        0.99     0.994141       320561       170.67
        1.00     0.994531       320788       182.86
        1.01     0.994922       320978       196.92
        1.01     0.995313       320978       213.33
        1.01     0.995703       321139       232.73
        1.02     0.996094       321279       256.00
        1.02     0.996289       321279       269.47
        1.03     0.996484       321389       284.44
        1.03     0.996680       321389       301.18
        1.04     0.996875       321485       320.00
        1.05     0.997070       321564       341.33
        1.05     0.997266       321615       365.71
        1.06     0.997461       321666       393.85
        1.07     0.997656       321713       426.67
        1.09     0.997852       321784       465.45
        1.10     0.998047       321851       512.00
        1.10     0.998145       321851       538.95
        1.12     0.998242       321891       568.89
        1.14     0.998340       321923       602.35
        1.16     0.998437       321957       640.00
        1.18     0.998535       321982       682.67
        1.20     0.998633       322020       731.43
        1.22     0.998730       322045       787.69
        1.24     0.998828       322074       853.33
        1.27     0.998926       322103       930.91
        1.33     0.999023       322136      1024.00
        1.37     0.999072       322152      1077.89
        1.40     0.999121       322166      1137.78
        1.55     0.999170       322182      1204.71
        2.17     0.999219       322199      1280.00
        2.24     0.999268       322220      1365.33
        2.27     0.999316       322233      1462.86
        2.32     0.999365       322250      1575.38
        2.35     0.999414       322261      1706.67
        2.38     0.999463       322281      1861.82
        2.43     0.999512       322294      2048.00
        2.45     0.999536       322302      2155.79
        2.46     0.999561       322313      2275.56
        2.48     0.999585       322320      2409.41
        2.50     0.999609       322327      2560.00
        2.51     0.999634       322333      2730.67
        2.54     0.999658       322341      2925.71
        2.58     0.999683       322350      3150.77
        2.59     0.999707       322355      3413.33
        2.64     0.999731       322364      3723.64
        2.67     0.999756       322371      4096.00
        2.69     0.999768       322375      4311.58
        2.72     0.999780       322379      4551.11
        2.75     0.999792       322383      4818.82
        2.80     0.999805       322389      5120.00
        2.81     0.999817       322392      5461.33
        2.83     0.999829       322395      5851.43
        2.86     0.999841       322399      6301.54
        3.01     0.999854       322402      6826.67
        3.06     0.999866       322407      7447.27
        3.09     0.999878       322411      8192.00
        3.10     0.999884       322413      8623.16
        3.12     0.999890       322414      9102.22
        3.15     0.999896       322417      9637.65
        3.18     0.999902       322420     10240.00
        3.18     0.999908       322420     10922.67
        3.21     0.999915       322422     11702.86
        3.25     0.999921       322424     12603.08
        3.31     0.999927       322426     13653.33
        3.49     0.999933       322429     14894.55
        3.52     0.999939       322430     16384.00
        3.57     0.999942       322431     17246.32
        3.63     0.999945       322432     18204.44
        3.76     0.999948       322433     19275.29
        3.84     0.999951       322434     20480.00
        4.06     0.999954       322435     21845.33
        4.25     0.999957       322438     23405.71
        4.25     0.999960       322438     25206.15
        4.25     0.999963       322438     27306.67
        4.51     0.999966       322439     29789.09
        4.64     0.999969       322440     32768.00
        4.64     0.999971       322440     34492.63
        4.70     0.999973       322441     36408.89
        4.70     0.999974       322441     38550.59
        4.74     0.999976       322442     40960.00
        4.74     0.999977       322442     43690.67
        4.80     0.999979       322444     46811.43
        4.80     0.999980       322444     50412.31
        4.80     0.999982       322444     54613.33
        4.80     0.999983       322444     59578.18
        4.83     0.999985       322445     65536.00
        4.83     0.999986       322445     68985.26
        4.83     0.999986       322445     72817.78
        4.83     0.999987       322445     77101.18
        4.89     0.999988       322447     81920.00
        4.89     0.999989       322447     87381.33
        4.89     0.999989       322447     93622.86
        4.89     0.999990       322447    100824.62
        4.89     0.999991       322447    109226.67
        4.89     0.999992       322447    119156.36
        4.89     0.999992       322447    131072.00
        4.89     0.999993       322447    137970.53
        4.89     0.999993       322447    145635.56
        4.89     0.999994       322447    154202.35
        4.99     0.999994       322448    163840.00
        4.99     0.999994       322448    174762.67
        4.99     0.999995       322448    187245.71
        4.99     0.999995       322448    201649.23
        4.99     0.999995       322448    218453.33
        4.99     0.999996       322448    238312.73
        4.99     0.999996       322448    262144.00
        4.99     0.999996       322448    275941.05
        4.99     0.999997       322448    291271.11
        4.99     0.999997       322448    308404.71
        5.18     0.999997       322449    327680.00
        5.18     1.000000       322449          inf
#[Mean    =        0.743, StdDeviation   =        0.105]
#[Max     =        5.183, Total count    =       322449]
#[Buckets =           20, SubBuckets     =          256]
