       Value   Percentile   TotalCount 1/(1-Percentile)

        0.26     0.000000            3         1.00
        0.40     0.050000        27027         1.05
        0.42     0.100000        45166         1.11
        0.46     0.150000        63845         1.18
        0.49     0.200000        91676         1.25
        0.50     0.250000       104807         1.33
        0.52     0.300000       134846         1.43
        0.53     0.350000       148842         1.54
        0.54     0.400000       170082         1.67
        0.57     0.450000       191340         1.82
        0.58     0.500000       209896         2.00
        0.59     0.525000       221820         2.11
        0.60     0.550000       235620         2.22
        0.61     0.575000       250336         2.35
        0.61     0.600000       250336         2.50
        0.61     0.625000       265441         2.67
        0.62     0.650000       280523         2.86
        0.62     0.675000       280523         3.08
        0.63     0.700000       294923         3.33
        0.64     0.725000       308215         3.64
        0.64     0.750000       308215         4.00
        0.65     0.762500       319575         4.21
        0.65     0.775000       319575         4.44
        0.66     0.787500       328801         4.71
        0.66     0.800000       328801         5.00
        0.66     0.812500       336084         5.33
        0.67     0.825000       341319         5.71
        0.68     0.837500       345104         6.15
        0.69     0.850000       349421         6.67
        0.76     0.862500       354461         7.27
        0.78     0.875000       359538         8.00
        0.79     0.881250       362547         8.42
        0.80     0.887500       366194         8.89
        0.81     0.893750       370532         9.41
        0.81     0.900000       370532        10.00
        0.81     0.906250       375417        10.67
        0.81     0.912500       375417        11.43
        0.82     0.918750       380841        12.31
        0.82     0.925000       380841        13.33
        0.83     0.931250       386336        14.55
        0.83     0.937500       386336        16.00
        0.83     0.940625       386336        16.84
        0.84     0.943750       391615        17.78
        0.84     0.946875       391615        18.82
        0.84     0.950000       391615        20.00
        0.84     0.953125       391615        21.33
        0.85     0.956250       396440        22.86
        0.85     0.959375       396440        24.62
        0.85     0.962500       396440        26.67
        0.85     0.965625       396440        29.09
        0.85     0.968750       400541        32.00
        0.85     0.970313       400541        33.68
        0.85     0.971875       400541        35.56
        0.85     0.973437       400541        37.65
        0.85     0.975000       400541        40.00
        0.86     0.976562       403746        42.67
        0.86     0.978125       403746        45.71
        0.86     0.979688       403746        49.23
        0.86     0.981250       403746        53.33
        0.86     0.982812       403746        58.18
        0.87     0.984375       406109        64.00
        0.87     0.985156       406109        67.37
        0.87     0.985938       406109        71.11
        0.87     0.986719       406109        75.29
        0.87     0.987500       406109        80.00
        0.87     0.988281       406109        85.33
        0.87     0.989062       406109        91.43
        0.87     0.989844       406109        98.46
        0.88     0.990625       407729       106.67
        0.88     0.991406       407729       116.36
        0.88     0.992188       407729       128.00
        0.88     0.992578       407729       134.74
        0.88     0.992969       407729       142.22
        0.88     0.993359       407729       150.59
        0.88     0.993750       407729       160.00
        0.89     0.994141       408704       170.67
        0.89     0.994531       408704       182.86
        0.89     0.994922       408704       196.92
        0.89     0.995313       408704       213.33
        0.89     0.995703       408704       232.73
        0.89     0.996094       408704       256.00
        0.89     0.996289       408704       269.47
        0.90     0.996484       409280       284.44
        0.90     0.996680       409280       301.18
        0.90     0.996875       409280       320.00
        0.90     0.997070       409280       341.33
        0.90     0.997266       409280       365.71
        0.90     0.997461       409280       393.85
        0.90     0.997656       409280       426.67
        0.90     0.997852       409621       465.45
        0.90     0.998047       409621       512.00
        0.90     0.998145       409621       538.95
        0.90     0.998242       409621       568.89
        0.90     0.998340       409621       602.35
        0.90     0.998437       409621       640.00
        0.90     0.998535       409621       682.67
        0.91     0.998633       409828       731.43
        0.91     0.998730       409828       787.69
        0.91     0.998828       409828       853.33
        0.91     0.998926       409828       930.91
        0.91     0.999023       409828      1024.00
        0.92     0.999072       409924      1077.89
        0.92     0.999121       409924      1137.78
        0.92     0.999170       409924      1204.71
        0.92     0.999219       409924      1280.00
        0.92     0.999268       409924      1365.33
        0.93     0.999316       409994      1462.86
        0.93     0.999365       409994      1575.38
        0.93     0.999414       409994      1706.67
        0.94     0.999463       410026      1861.82
        0.94     0.999512       410026      2048.00
        0.94     0.999536       410050      2155.79
        0.94     0.999561       410050      2275.56
        0.94     0.999585       410050      2409.41
        0.96     0.999609       410070      2560.00
        0.96     0.999634       410070      2730.67
        0.97     0.999658       410080      2925.71
        0.97     0.999683       410091      3150.77
        0.99     0.999707       410103      3413.33
        1.00     0.999731       410113      3723.64
        1.01     0.999756       410120      4096.00
        1.01     0.999768       410127      4311.58
        1.02     0.999780       410136      4551.11
        1.02     0.999792       410136      4818.82
        1.03     0.999805       410140      5120.00
        1.04     0.999817       410147      5461.33
        1.05     0.999829       410150      5851.43
        1.06     0.999841       410156      6301.54
        1.07     0.999854       410162      6826.67
        1.08     0.999866       410165      7447.27
        1.09     0.999878       410170      8192.00
        1.09     0.999884       410173      8623.16
        1.11     0.999890       410176      9102.22
        1.13     0.999896       410179      9637.65
        1.14     0.999902       410180     10240.00
        1.16     0.999908       410185     10922.67
        1.16     0.999915       410185     11702.86
        1.18     0.999921       410191     12603.08
        1.18     0.999927       410191     13653.33
        1.19     0.999933       410194     14894.55
        1.21     0.999939       410197     16384.00
        1.21     0.999942       410197     17246.32
        1.22     0.999945       410198     18204.44
        1.25     0.999948       410200     19275.29
        1.25     0.999951       410200     20480.00
        1.29     0.999954       410202     21845.33
        1.29     0.999957       410203     23405.71
        1.31     0.999960       410204     25206.15
        1.33     0.999963       410207     27306.67
        1.33     0.999966       410207     29789.09
        1.33     0.999969       410208     32768.00
        1.35     0.999971       410209     34492.63
        1.35     0.999973       410209     36408.89
        1.37     0.999974       410210     38550.59
        1.37     0.999976       410210     40960.00
        1.39     0.999977       410212     43690.67
        1.39     0.999979       410212     46811.43
        1.39     0.999980       410212     50412.31
        1.40     0.999982       410213     54613.33
        1.41     0.999983       410214     59578.18
        1.41     0.999985       410214     65536.00
        1.43     0.999986       410215     68985.26
        1.43     0.999986       410215     72817.78
        1.43     0.999987       410215     77101.18
        1.43     0.999988       410215     81920.00
        1.51     0.999989       410216     87381.33
        1.51     0.999989       410216     93622.86
        1.51     0.999990       410216    100824.62
        1.54     0.999991       410217    109226.67
        1.54     0.999992       410217    119156.36
        1.54     0.999992       410217    131072.00
        1.55     0.999993       410218    137970.53
        1.55     0.999993       410218    145635.56
        1.55     0.999994       410218    154202.35
        1.55     0.999994       410218    163840.00
        1.55     0.999994       410218    174762.67
        1.55     0.999995       410218    187245.71
        1.55     0.999995       410218    201649.23
        1.57     0.999995       410219    218453.33
        1.57     0.999996       410219    238312.73
        1.57     0.999996       410219    262144.00
        1.57     0.999996       410219    275941.05
        1.57     0.999997       410219    291271.11
        1.57     0.999997       410219    308404.71
        1.57     0.999997       410219    327680.00
        1.57     0.999997       410219    349525.33
        1.57     0.999997       410219    374491.43
        1.57     0.999998       410219    403298.46
        1.62     0.999998       410220    436906.67
        1.62     1.000000       410220          inf
#[Mean    =        0.584, StdDeviation   =        0.126]
#[Max     =        1.623, Total count    =       410220]
#[Buckets =           20, SubBuckets     =          256]
