       Value   Percentile   TotalCount 1/(1-Percentile)

        0.17     0.000000            1         1.00
        0.30     0.050000        28722         1.05
        0.34     0.100000        63614         1.11
        0.35     0.150000        92952         1.18
        0.36     0.200000       109643         1.25
        0.38     0.250000       144959         1.33
        0.38     0.300000       162818         1.43
        0.40     0.350000       196022         1.54
        0.41     0.400000       224862         1.67
        0.43     0.450000       251810         1.82
        0.45     0.500000       279682         2.00
        0.46     0.525000       294948         2.11
        0.46     0.550000       294948         2.22
        0.46     0.575000       310955         2.35
        0.47     0.600000       327513         2.50
        0.48     0.625000       343278         2.67
        0.49     0.650000       358535         2.86
        0.49     0.675000       373348         3.08
        0.50     0.700000       387494         3.33
        0.51     0.725000       401246         3.64
        0.52     0.750000       414441         4.00
        0.52     0.762500       414441         4.21
        0.53     0.775000       426623         4.44
        0.53     0.787500       426623         4.71
        0.54     0.800000       437747         5.00
        0.54     0.812500       437747         5.33
        0.54     0.825000       448043         5.71
        0.55     0.837500       457560         6.15
        0.55     0.850000       457560         6.67
        0.56     0.862500       466043         7.27
        0.57     0.875000       473392         8.00
        0.57     0.881250       473392         8.42
        0.57     0.887500       479591         8.89
        0.57     0.893750       479591         9.41
        0.58     0.900000       484767        10.00
        0.59     0.906250       489280        10.67
        0.59     0.912500       489280        11.43
        0.60     0.918750       493292        12.31
        0.61     0.925000       497116        13.33
        0.61     0.931250       500717        14.55
        0.62     0.937500       504334        16.00
        0.62     0.940625       504334        16.84
        0.63     0.943750       507837        17.78
        0.63     0.946875       507837        18.82
        0.64     0.950000       511052        20.00
        0.64     0.953125       511052        21.33
        0.65     0.956250       514193        22.86
        0.65     0.959375       514193        24.62
        0.66     0.962500       517195        26.67
        0.66     0.965625       517195        29.09
        0.66     0.968750       519997        32.00
        0.66     0.970313       519997        33.68
        0.67     0.971875       522752        35.56
        0.67     0.973437       522752        37.65
        0.67     0.975000       522752        40.00
        0.68     0.976562       525355        42.67
        0.68     0.978125       525355        45.71
        0.68     0.979688       525355        49.23
        0.69     0.981250       527735        53.33
        0.69     0.982812       527735        58.18
        0.69     0.984375       527735        64.00
        0.69     0.985156       527735        67.37
        0.69     0.985938       529727        71.11
        0.69     0.986719       529727        75.29
        0.69     0.987500       529727        80.00
        0.69     0.988281       529727        85.33
        0.69     0.989062       529727        91.43
        0.70     0.989844       531383        98.46
        0.70     0.990625       531383       106.67
        0.70     0.991406       531383       116.36
        0.70     0.992188       531383       128.00
        0.71     0.992578       532594       134.74
        0.71     0.992969       532594       142.22
        0.71     0.993359       532594       150.59
        0.71     0.993750       532594       160.00
        0.71     0.994141       532594       170.67
        0.71     0.994531       532594       182.86
        0.72     0.994922       533497       196.92
        0.72     0.995313       533497       213.33
        0.72     0.995703       533497       232.73
        0.72     0.996094       533497       256.00
        0.72     0.996289       533497       269.47
        0.73     0.996484       534112       284.44
        0.73     0.996680       534112       301.18
        0.73     0.996875       534112       320.00
        0.73     0.997070       534112       341.33
        0.73     0.997266       534112       365.71
        0.73     0.997461       534112       393.85
        0.73     0.997656       534515       426.67
        0.73     0.997852       534515       465.45
        0.73     0.998047       534515       512.00
        0.73     0.998145       534515       538.95
        0.73     0.998242       534515       568.89
        0.74     0.998340       534773       602.35
        0.74     0.998437       534773       640.00
        0.74     0.998535       534773       682.67
        0.74     0.998633       534773       731.43
        0.74     0.998730       534773       787.69
        0.75     0.998828       534936       853.33
        0.75     0.998926       534936       930.91
        0.75     0.999023       534936      1024.00
        0.75     0.999072       534936      1077.89
        0.76     0.999121       535039      1137.78
        0.76     0.999170       535039      1204.71
        0.76     0.999219       535039      1280.00
        0.76     0.999268       535039      1365.33
        0.77     0.999316       535104      1462.86
        0.77     0.999365       535104      1575.38
        0.78     0.999414       535134      1706.67
        0.78     0.999463       535155      1861.82
        0.79     0.999512       535176      2048.00
        0.79     0.999536       535176      2155.79
        0.80     0.999561       535196      2275.56
        0.81     0.999585       535203      2409.41
        0.81     0.999609       535216      2560.00
        0.83     0.999634       535231      2730.67
        0.84     0.999658       535244      2925.71
        0.85     0.999683       535256      3150.77
        0.86     0.999707       535269      3413.33
        0.88     0.999731       535287      3723.64
        0.89     0.999756       535294      4096.00
        0.90     0.999768       535300      4311.58
        0.90     0.999780       535309      4551.11
        0.91     0.999792       535313      4818.82
        0.93     0.999805       535322      5120.00
        0.94     0.999817       535332      5461.33
        0.94     0.999829       535332      5851.43
        0.94     0.999841       535342      6301.54
        0.95     0.999854       535349      6826.67
        0.96     0.999866       535356      7447.27
        0.97     0.999878       535360      8192.00
        0.97     0.999884       535364      8623.16
        0.98     0.999890       535366      9102.22
        0.99     0.999896       535369      9637.65
        1.00     0.999902       535376     10240.00
        1.00     0.999908       535376     10922.67
        1.01     0.999915       535379     11702.86
        1.01     0.999921       535383     12603.08
        1.02     0.999927       535387     13653.33
        1.04     0.999933       535388     14894.55
        1.05     0.999939       535391     16384.00
        1.06     0.999942       535393     17246.32
        1.07     0.999945       535395     18204.44
        1.08     0.999948       535400     19275.29
        1.08     0.999951       535400     20480.00
        1.08     0.999954       535400     21845.33
        1.09     0.999957       535402     23405.71
        1.09     0.999960       535402     25206.15
        1.09     0.999963       535404     27306.67
        1.12     0.999966       535408     29789.09
        1.12     0.999969       535408     32768.00
        1.12     0.999971       535408     34492.63
        1.14     0.999973       535409     36408.89
        1.14     0.999974       535411     38550.59
        1.14     0.999976       535411     40960.00
        1.14     0.999977       535411     43690.67
        1.18     0.999979       535414     46811.43
        1.18     0.999980       535414     50412.31
        1.18     0.999982       535414     54613.33
        1.18     0.999983       535415     59578.18
        1.18     0.999985       535415     65536.00
        1.19     0.999986       535416     68985.26
        1.19     0.999986       535416     72817.78
        1.20     0.999987       535417     77101.18
        1.20     0.999988       535417     81920.00
        1.20     0.999989       535417     87381.33
        1.22     0.999989       535418     93622.86
        1.22     0.999990       535418    100824.62
        1.24     0.999991       535419    109226.67
        1.24     0.999992       535419    119156.36
        1.24     0.999992       535419    131072.00
        1.30     0.999993       535420    137970.53
        1.30     0.999993       535420    145635.56
        1.30     0.999994       535420    154202.35
        1.30     0.999994       535420    163840.00
        1.30     0.999994       535420    174762.67
        1.33     0.999995       535421    187245.71
        1.33     0.999995       535421    201649.23
        1.33     0.999995       535421    218453.33
        1.33     0.999996       535421    238312.73
        1.33     0.999996       535421    262144.00
        1.33     0.999996       535422    275941.05
        1.33     0.999997       535422    291271.11
        1.33     0.999997       535422    308404.71
        1.33     0.999997       535422    327680.00
        1.33     0.999997       535422    349525.33
        1.33     0.999997       535422    374491.43
        1.33     0.999998       535422    403298.46
        1.33     0.999998       535422    436906.67
        1.33     0.999998       535422    476625.45
        1.33     0.999998       535422    524288.00
        1.42     0.999998       535423    551882.11
        1.42     1.000000       535423          inf
#[Mean    =        0.448, StdDeviation   =        0.100]
#[Max     =        1.423, Total count    =       535423]
#[Buckets =           20, SubBuckets     =          256]
