       Value   Percentile   TotalCount 1/(1-Percentile)

        0.26     0.000000            1         1.00
        0.57     0.050000        20597         1.05
        0.60     0.100000        40954         1.11
        0.61     0.150000        62135         1.18
        0.62     0.200000        75334         1.25
        0.63     0.250000        90275         1.33
        0.64     0.300000       107289         1.43
        0.65     0.350000       125707         1.54
        0.66     0.400000       145057         1.67
        0.66     0.450000       165380         1.82
        0.67     0.500000       186157         2.00
        0.68     0.525000       206311         2.11
        0.68     0.550000       206311         2.22
        0.68     0.575000       206311         2.35
        0.69     0.600000       225691         2.50
        0.69     0.625000       225691         2.67
        0.69     0.650000       243632         2.86
        0.69     0.675000       243632         3.08
        0.70     0.700000       260284         3.33
        0.70     0.725000       260284         3.64
        0.71     0.750000       275284         4.00
        0.71     0.762500       275284         4.21
        0.72     0.775000       288511         4.44
        0.72     0.787500       288511         4.71
        0.72     0.800000       288511         5.00
        0.73     0.812500       299834         5.33
        0.73     0.825000       299834         5.71
        0.73     0.837500       299834         6.15
        0.73     0.850000       309913         6.67
        0.73     0.862500       309913         7.27
        0.74     0.875000       318567         8.00
        0.74     0.881250       318567         8.42
        0.74     0.887500       318567         8.89
        0.75     0.893750       325464         9.41
        0.75     0.900000       325464        10.00
        0.75     0.906250       325464        10.67
        0.76     0.912500       331456        11.43
        0.76     0.918750       331456        12.31
        0.76     0.925000       331456        13.33
        0.77     0.931250       336358        14.55
        0.77     0.937500       336358        16.00
        0.77     0.940625       336358        16.84
        0.78     0.943750       340353        17.78
        0.78     0.946875       340353        18.82
        0.78     0.950000       340353        20.00
        0.78     0.953125       343686        21.33
        0.78     0.956250       343686        22.86
        0.78     0.959375       343686        24.62
        0.79     0.962500       346323        26.67
        0.79     0.965625       346323        29.09
        0.79     0.968750       346323        32.00
        0.80     0.970313       348465        33.68
        0.80     0.971875       348465        35.56
        0.80     0.973437       348465        37.65
        0.81     0.975000       350188        40.00
        0.81     0.976562       350188        42.67
        0.81     0.978125       350188        45.71
        0.81     0.979688       351612        49.23
        0.81     0.981250       351612        53.33
        0.81     0.982812       351612        58.18
        0.82     0.984375       352766        64.00
        0.82     0.985156       352766        67.37
        0.82     0.985938       352766        71.11
        0.82     0.986719       352766        75.29
        0.83     0.987500       353683        80.00
        0.83     0.988281       353683        85.33
        0.83     0.989062       353683        91.43
        0.84     0.989844       354455        98.46
        0.84     0.990625       354455       106.67
        0.84     0.991406       354455       116.36
        0.85     0.992188       355027       128.00
        0.85     0.992578       355027       134.74
        0.85     0.992969       355027       142.22
        0.85     0.993359       355523       150.59
        0.85     0.993750       355523       160.00
        0.85     0.994141       355523       170.67
        0.85     0.994531       355523       182.86
        0.86     0.994922       355880       196.92
        0.86     0.995313       355880       213.33
        0.87     0.995703       356170       232.73
        0.87     0.996094       356170       256.00
        0.87     0.996289       356170       269.47
        0.88     0.996484       356381       284.44
        0.88     0.996680       356381       301.18
        0.88     0.996875       356381       320.00
        0.89     0.997070       356536       341.33
        0.89     0.997266       356536       365.71
        0.90     0.997461       356642       393.85
        0.90     0.997656       356642       426.67
        0.90     0.997852       356743       465.45
        0.91     0.998047       356818       512.00
        0.91     0.998145       356818       538.95
        0.92     0.998242       356863       568.89
        0.93     0.998340       356922       602.35
        0.93     0.998437       356922       640.00
        0.94     0.998535       356966       682.67
        0.95     0.998633       356981       731.43
        0.97     0.998730       357019       787.69
        0.99     0.998828       357066       853.33
        1.01     0.998926       357105       930.91
        1.01     0.999023       357120      1024.00
        1.03     0.999072       357148      1077.89
        1.04     0.999121       357165      1137.78
        1.05     0.999170       357181      1204.71
        1.05     0.999219       357196      1280.00
        1.06     0.999268       357210      1365.33
        1.08     0.999316       357227      1462.86
        1.09     0.999365       357249      1575.38
        1.11     0.999414       357264      1706.67
        1.13     0.999463       357281      1861.82
        1.14     0.999512       357305      2048.00
        1.14     0.999536       357305      2155.79
        1.15     0.999561       357316      2275.56
        1.17     0.999585       357328      2409.41
        1.18     0.999609       357335      2560.00
        1.18     0.999634       357339      2730.67
        1.21     0.999658       357353      2925.71
        1.22     0.999683       357362      3150.77
        1.22     0.999707       357366      3413.33
        1.25     0.999731       357375      3723.64
        1.28     0.999756       357386      4096.00
        1.29     0.999768       357392      4311.58
        1.29     0.999780       357392      4551.11
        1.29     0.999792       357396      4818.82
        1.31     0.999805       357401      5120.00
        1.34     0.999817       357404      5461.33
        1.37     0.999829       357408      5851.43
        1.39     0.999841       357413      6301.54
        1.42     0.999854       357417      6826.67
        1.47     0.999866       357422      7447.27
        1.53     0.999878       357427      8192.00
        1.55     0.999884       357428      8623.16
        2.42     0.999890       357430      9102.22
        2.67     0.999896       357432      9637.65
        2.80     0.999902       357435     10240.00
        2.83     0.999908       357437     10922.67
        2.99     0.999915       357439     11702.86
        3.07     0.999921       357441     12603.08
        3.13     0.999927       357443     13653.33
        3.21     0.999933       357446     14894.55
        3.29     0.999939       357448     16384.00
        3.31     0.999942       357449     17246.32
        3.33     0.999945       357450     18204.44
        3.34     0.999948       357452     19275.29
        3.34     0.999951       357452     20480.00
        3.39     0.999954       357453     21845.33
        3.42     0.999957       357454     23405.71
        3.46     0.999960       357455     25206.15
        3.52     0.999963       357457     27306.67
        3.58     0.999966       357459     29789.09
        3.58     0.999969       357459     32768.00
        3.58     0.999971       357459     34492.63
        3.60     0.999973       357460     36408.89
        3.60     0.999974       357460     38550.59
        3.77     0.999976       357461     40960.00
        3.77     0.999977       357461     43690.67
        3.87     0.999979       357462     46811.43
        3.87     0.999980       357462     50412.31
        4.03     0.999982       357463     54613.33
        4.06     0.999983       357464     59578.18
        4.06     0.999985       357464     65536.00
        4.06     0.999986       357464     68985.26
        4.29     0.999986       357465     72817.78
        4.29     0.999987       357465     77101.18
        4.29     0.999988       357465     81920.00
        4.29     0.999989       357465     87381.33
        4.54     0.999989       357466     93622.86
        4.54     0.999990       357466    100824.62
        4.54     0.999991       357466    109226.67
        4.58     0.999992       357467    119156.36
        4.58     0.999992       357467    131072.00
        4.58     0.999993       357467    137970.53
        4.58     0.999993       357467    145635.56
        4.58     0.999994       357467    154202.35
        4.58     0.999994       357467    163840.00
        4.58     0.999994       357467    174762.67
        4.61     0.999995       357468    187245.71
        4.61     0.999995       357468    201649.23
        4.61     0.999995       357468    218453.33
        4.61     0.999996       357468    238312.73
        4.61     0.999996       357468    262144.00
        4.61     0.999996       357468    275941.05
        4.61     0.999997       357468    291271.11
        4.61     0.999997       357468    308404.71
        4.61     0.999997       357468    327680.00
        4.61     0.999997       357468    349525.33
        4.64     0.999997       357469    374491.43
        4.64     1.000000       357469          inf
#[Mean    =        0.671, StdDeviation   =        0.072]
#[Max     =        4.639, Total count    =       357469]
#[Buckets =           20, SubBuckets     =          256]
