       Value   Percentile   TotalCount 1/(1-Percentile)

        0.07     0.000000           10         1.00
        0.47     0.050000      1049920         1.05
        0.66     0.100000      2215940         1.11
        0.75     0.150000      3237170         1.18
        0.79     0.200000      4232550         1.25
        0.83     0.250000      5275410         1.33
        0.87     0.300000      6450900         1.43
        0.90     0.350000      7463110         1.54
        0.91     0.400000      8442240         1.67
        0.93     0.450000      9758660         1.82
        0.94     0.500000     10564760         2.00
        0.94     0.525000     11441000         2.11
        0.95     0.550000     12388990         2.22
        0.95     0.575000     12388990         2.35
        0.96     0.600000     13374910         2.50
        0.96     0.625000     13374910         2.67
        0.97     0.650000     14364080         2.86
        0.97     0.675000     14364080         3.08
        0.97     0.700000     15326870         3.33
        0.97     0.725000     15326870         3.64
        0.98     0.750000     16225280         4.00
        0.98     0.762500     16225280         4.21
        0.98     0.775000     16225280         4.44
        0.99     0.787500     17026750         4.71
        0.99     0.800000     17026750         5.00
        0.99     0.812500     17026750         5.33
        1.00     0.825000     17691130         5.71
        1.00     0.837500     17691130         6.15
        1.01     0.850000     18211980         6.67
        1.01     0.862500     18211980         7.27
        1.01     0.875000     18595130         8.00
        1.01     0.881250     18595130         8.42
        1.01     0.887500     18595130         8.89
        1.02     0.893750     18860480         9.41
        1.02     0.900000     18860480        10.00
        1.03     0.906250     19039740        10.67
        1.04     0.912500     19151910        11.43
        1.05     0.918750     19225800        12.31
        1.08     0.925000     19363800        13.33
        1.13     0.931250     19511450        14.55
        1.17     0.937500     19631000        16.00
        1.19     0.940625     19692590        16.84
        1.22     0.943750     19766060        17.78
        1.25     0.946875     19816820        18.82
        1.28     0.950000     19885240        20.00
        1.31     0.953125     19961870        21.33
        1.33     0.956250     20030540        22.86
        1.35     0.959375     20085820        24.62
        1.37     0.962500     20149990        26.67
        1.38     0.965625     20222270        29.09
        1.40     0.968750     20302170        32.00
        1.41     0.970313     20342650        33.68
        1.41     0.971875     20342650        35.56
        1.42     0.973437     20383130        37.65
        1.42     0.975000     20423400        40.00
        1.43     0.976562     20463400        42.67
        1.44     0.978125     20501030        45.71
        1.44     0.979688     20501030        49.23
        1.45     0.981250     20537850        53.33
        1.46     0.982812     20573380        58.18
        1.46     0.984375     20606320        64.00
        1.47     0.985156     20637550        67.37
        1.47     0.985938     20637550        71.11
        1.48     0.986719     20664420        75.29
        1.48     0.987500     20664420        80.00
        1.49     0.988281     20688750        85.33
        1.50     0.989062     20710290        91.43
        1.50     0.989844     20727510        98.46
        1.51     0.990625     20742180       106.67
        1.52     0.991406     20753150       116.36
        1.53     0.992188     20768370       128.00
        1.54     0.992578     20773540       134.74
        1.56     0.992969     20780790       142.22
        1.58     0.993359     20788260       150.59
        1.61     0.993750     20797180       160.00
        1.64     0.994141     20803490       170.67
        1.67     0.994531     20811510       182.86
        1.71     0.994922     20821090       196.92
        1.75     0.995313     20828460       213.33
        1.81     0.995703     20835980       232.73
        1.90     0.996094     20844630       256.00
        1.95     0.996289     20848100       269.47
        2.06     0.996484     20852600       284.44
        2.16     0.996680     20856600       301.18
        2.27     0.996875     20860450       320.00
        2.45     0.997070     20864660       341.33
        2.64     0.997266     20868710       365.71
        2.88     0.997461     20872770       393.85
        3.13     0.997656     20876680       426.67
        3.54     0.997852     20881030       465.45
        4.01     0.998047     20884940       512.00
        4.35     0.998145     20887110       538.95
        4.54     0.998242     20889030       568.89
        4.86     0.998340     20891010       602.35
        5.28     0.998437     20893120       640.00
        6.05     0.998535     20895140       682.67
        6.66     0.998633     20897160       731.43
        7.07     0.998730     20899230       787.69
        7.49     0.998828     20901280       853.33
        7.97     0.998926     20903320       930.91
        8.38     0.999023     20905490      1024.00
        8.70     0.999072     20906700      1077.89
        8.83     0.999121     20907480      1137.78
        9.09     0.999170     20908400      1204.71
        9.54     0.999219     20909570      1280.00
        9.92     0.999268     20910510      1365.33
       10.43     0.999316     20911430      1462.86
       11.01     0.999365     20912460      1575.38
       12.10     0.999414     20913530      1706.67
       12.93     0.999463     20914490      1861.82
       14.46     0.999512     20915520      2048.00
       14.97     0.999536     20916090      2155.79
       15.55     0.999561     20916530      2275.56
       16.00     0.999585     20917100      2409.41
       16.32     0.999609     20917590      2560.00
       16.77     0.999634     20918270      2730.67
       16.89     0.999658     20918610      2925.71
       17.28     0.999683     20919110      3150.77
       18.18     0.999707     20919710      3413.33
       18.94     0.999731     20920150      3723.64
       20.09     0.999756     20920700      4096.00
       20.22     0.999768     20921050      4311.58
       20.35     0.999780     20921130      4551.11
       20.61     0.999792     20921380      4818.82
       20.99     0.999805     20921690      5120.00
       21.25     0.999817     20921900      5461.33
       21.89     0.999829     20922150      5851.43
       22.40     0.999841     20922430      6301.54
       23.17     0.999854     20922670      6826.67
       23.81     0.999866     20923020      7447.27
       24.19     0.999878     20923750      8192.00
       24.19     0.999884     20923750      8623.16
       24.19     0.999890     20923750      9102.22
       24.19     0.999896     20923750      9637.65
       24.19     0.999902     20923750     10240.00
       24.32     0.999908     20924470     10922.67
       24.32     0.999915     20924470     11702.86
       24.32     0.999921     20924470     12603.08
       24.32     0.999927     20924470     13653.33
       24.32     0.999933     20924470     14894.55
       24.32     0.999939     20924470     16384.00
       24.45     0.999942     20924560     17246.32
       24.57     0.999945     20924650     18204.44
       24.57     0.999948     20924650     19275.29
       24.70     0.999951     20924710     20480.00
       25.09     0.999954     20924770     21845.33
       25.34     0.999957     20924880     23405.71
       25.47     0.999960     20924890     25206.15
       25.98     0.999963     20924960     27306.67
       26.50     0.999966     20925020     29789.09
       27.26     0.999969     20925140     32768.00
       27.26     0.999971     20925140     34492.63
       27.39     0.999973     20925190     36408.89
       27.39     0.999974     20925190     38550.59
       28.03     0.999976     20925240     40960.00
       28.16     0.999977     20925250     43690.67
       28.29     0.999979     20925320     46811.43
       28.29     0.999980     20925320     50412.31
       28.54     0.999982     20925360     54613.33
       28.67     0.999983     20925380     59578.18
       31.10     0.999985     20925440     65536.00
       31.10     0.999986     20925440     68985.26
       31.10     0.999986     20925440     72817.78
       31.23     0.999987     20925460     77101.18
       31.36     0.999988     20925480     81920.00
       32.13     0.999989     20925500     87381.33
       32.13     0.999989     20925500     93622.86
       32.26     0.999990     20925560    100824.62
       32.26     0.999991     20925560    109226.67
       32.26     0.999992     20925560    119156.36
       34.05     0.999992     20925630    131072.00
       34.05     0.999993     20925630    137970.53
       34.05     0.999993     20925630    145635.56
       34.05     0.999994     20925630    154202.35
       34.05     0.999994     20925630    163840.00
       34.05     0.999994     20925630    174762.67
       34.05     0.999995     20925630    187245.71
       34.05     0.999995     20925630    201649.23
       34.05     0.999995     20925630    218453.33
       34.30     0.999996     20925640    238312.73
       36.35     0.999996     20925720    262144.00
       36.35     1.000000     20925720          inf
#[Mean    =        0.915, StdDeviation   =        0.566]
#[Max     =       36.351, Total count    =     20925720]
#[Buckets =           20, SubBuckets     =          256]
