       Value   Percentile   TotalCount 1/(1-Percentile)

        0.17     0.000000            2         1.00
        0.40     0.050000        22092         1.05
        0.43     0.100000        45499         1.11
        0.46     0.150000        62013         1.18
        0.49     0.200000        84659         1.25
        0.51     0.250000       106941         1.33
        0.53     0.300000       133828         1.43
        0.54     0.350000       146568         1.54
        0.55     0.400000       166413         1.67
        0.57     0.450000       189069         1.82
        0.59     0.500000       207653         2.00
        0.60     0.525000       219165         2.11
        0.61     0.550000       231809         2.22
        0.61     0.575000       245287         2.35
        0.61     0.600000       245287         2.50
        0.62     0.625000       258914         2.67
        0.63     0.650000       272335         2.86
        0.64     0.675000       285115         3.08
        0.64     0.700000       285115         3.33
        0.65     0.725000       297174         3.64
        0.66     0.750000       307683         4.00
        0.66     0.762500       316578         4.21
        0.66     0.775000       316578         4.44
        0.67     0.787500       323746         4.71
        0.67     0.800000       323746         5.00
        0.68     0.812500       329421         5.33
        0.69     0.825000       333858         5.71
        0.70     0.837500       339696         6.15
        0.72     0.850000       343178         6.67
        0.76     0.862500       348295         7.27
        0.79     0.875000       354158         8.00
        0.80     0.881250       356731         8.42
        0.81     0.887500       359942         8.89
        0.81     0.893750       363709         9.41
        0.81     0.900000       363709        10.00
        0.82     0.906250       367883        10.67
        0.83     0.912500       372236        11.43
        0.83     0.918750       372236        12.31
        0.84     0.925000       376895        13.33
        0.84     0.931250       376895        14.55
        0.85     0.937500       381500        16.00
        0.85     0.940625       381500        16.84
        0.85     0.943750       381500        17.78
        0.85     0.946875       385836        18.82
        0.85     0.950000       385836        20.00
        0.85     0.953125       385836        21.33
        0.86     0.956250       389743        22.86
        0.86     0.959375       389743        24.62
        0.86     0.962500       389743        26.67
        0.87     0.965625       392943        29.09
        0.87     0.968750       392943        32.00
        0.87     0.970313       392943        33.68
        0.87     0.971875       392943        35.56
        0.87     0.973437       392943        37.65
        0.88     0.975000       395568        40.00
        0.88     0.976562       395568        42.67
        0.88     0.978125       395568        45.71
        0.88     0.979688       395568        49.23
        0.89     0.981250       397570        53.33
        0.89     0.982812       397570        58.18
        0.89     0.984375       397570        64.00
        0.90     0.985156       399082        67.37
        0.90     0.985938       399082        71.11
        0.90     0.986719       399082        75.29
        0.90     0.987500       399082        80.00
        0.90     0.988281       399082        85.33
        0.90     0.989062       400209        91.43
        0.90     0.989844       400209        98.46
        0.90     0.990625       400209       106.67
        0.90     0.991406       400209       116.36
        0.91     0.992188       401005       128.00
        0.91     0.992578       401005       134.74
        0.91     0.992969       401005       142.22
        0.91     0.993359       401005       150.59
        0.92     0.993750       401603       160.00
        0.92     0.994141       401603       170.67
        0.92     0.994531       401603       182.86
        0.93     0.994922       402029       196.92
        0.93     0.995313       402029       213.33
        0.93     0.995703       402029       232.73
        0.94     0.996094       402349       256.00
        0.94     0.996289       402349       269.47
        0.94     0.996484       402349       284.44
        0.94     0.996680       402349       301.18
        0.94     0.996875       402609       320.00
        0.94     0.997070       402609       341.33
        0.94     0.997266       402609       365.71
        0.95     0.997461       402816       393.85
        0.95     0.997656       402816       426.67
        0.95     0.997852       402816       465.45
        0.96     0.998047       402957       512.00
        0.96     0.998145       402957       538.95
        0.96     0.998242       402957       568.89
        0.97     0.998340       403074       602.35
        0.97     0.998437       403074       640.00
        0.97     0.998535       403074       682.67
        0.97     0.998633       403163       731.43
        0.97     0.998730       403163       787.69
        0.98     0.998828       403253       853.33
        0.98     0.998926       403253       930.91
        0.99     0.999023       403319      1024.00
        0.99     0.999072       403319      1077.89
        0.99     0.999121       403319      1137.78
        1.00     0.999170       403383      1204.71
        1.00     0.999219       403383      1280.00
        1.00     0.999268       403383      1365.33
        1.01     0.999316       403427      1462.86
        1.01     0.999365       403427      1575.38
        1.01     0.999414       403472      1706.67
        1.01     0.999463       403472      1861.82
        1.01     0.999512       403472      2048.00
        1.02     0.999536       403500      2155.79
        1.02     0.999561       403500      2275.56
        1.02     0.999585       403500      2409.41
        1.03     0.999609       403521      2560.00
        1.03     0.999634       403521      2730.67
        1.04     0.999658       403537      2925.71
        1.04     0.999683       403537      3150.77
        1.05     0.999707       403556      3413.33
        1.05     0.999731       403556      3723.64
        1.06     0.999756       403573      4096.00
        1.06     0.999768       403573      4311.58
        1.07     0.999780       403576      4551.11
        1.09     0.999792       403584      4818.82
        1.10     0.999805       403589      5120.00
        1.11     0.999817       403592      5461.33
        1.14     0.999829       403597      5851.43
        1.18     0.999841       403601      6301.54
        1.21     0.999854       403605      6826.67
        1.29     0.999866       403610      7447.27
        2.17     0.999878       403615      8192.00
        2.43     0.999884       403618      8623.16
        2.75     0.999890       403620      9102.22
        3.55     0.999896       403624      9637.65
        3.58     0.999902       403625     10240.00
        3.63     0.999908       403628     10922.67
        3.71     0.999915       403631     11702.86
        3.76     0.999921       403632     12603.08
        3.79     0.999927       403636     13653.33
        3.81     0.999933       403637     14894.55
        4.09     0.999939       403640     16384.00
        4.45     0.999942       403641     17246.32
        4.51     0.999945       403642     18204.44
        4.64     0.999948       403645     19275.29
        4.64     0.999951       403645     20480.00
        4.67     0.999954       403647     21845.33
        4.67     0.999957       403647     23405.71
        4.70     0.999960       403648     25206.15
        4.80     0.999963       403650     27306.67
        4.86     0.999966       403651     29789.09
        4.96     0.999969       403652     32768.00
        6.33     0.999971       403653     34492.63
        6.33     0.999973       403653     36408.89
        6.46     0.999974       403655     38550.59
        6.46     0.999976       403655     40960.00
        6.46     0.999977       403655     43690.67
        6.56     0.999979       403656     46811.43
        6.56     0.999980       403656     50412.31
        6.59     0.999982       403658     54613.33
        6.59     0.999983       403658     59578.18
        6.59     0.999985       403658     65536.00
        6.62     0.999986       403659     68985.26
        6.62     0.999986       403659     72817.78
        6.62     0.999987       403659     77101.18
        6.72     0.999988       403661     81920.00
        6.72     0.999989       403661     87381.33
        6.72     0.999989       403661     93622.86
        6.72     0.999990       403661    100824.62
        6.72     0.999991       403661    109226.67
        6.72     0.999992       403661    119156.36
        6.72     0.999992       403661    131072.00
        6.88     0.999993       403662    137970.53
        6.88     0.999993       403662    145635.56
        6.88     0.999994       403662    154202.35
        6.88     0.999994       403662    163840.00
        6.88     0.999994       403662    174762.67
        6.88     0.999995       403662    187245.71
        6.88     0.999995       403662    201649.23
        6.91     0.999995       403663    218453.33
        6.91     0.999996       403663    238312.73
        6.91     0.999996       403663    262144.00
        6.91     0.999996       403663    275941.05
        6.91     0.999997       403663    291271.11
        6.91     0.999997       403663    308404.71
        6.91     0.999997       403663    327680.00
        6.91     0.999997       403663    349525.33
        6.91     0.999997       403663    374491.43
        6.91     0.999998       403663    403298.46
        7.01     0.999998       403664    436906.67
        7.01     1.000000       403664          inf
#[Mean    =        0.594, StdDeviation   =        0.138]
#[Max     =        7.007, Total count    =       403664]
#[Buckets =           20, SubBuckets     =          256]
