       Value   Percentile   TotalCount 1/(1-Percentile)

        0.19     0.000000            4         1.00
        0.29     0.050000        46315         1.05
        0.29     0.100000        63612         1.11
        0.34     0.150000        85649         1.18
        0.36     0.200000       130995         1.25
        0.37     0.250000       155277         1.33
        0.38     0.300000       179924         1.43
        0.38     0.350000       204203         1.54
        0.40     0.400000       235738         1.67
        0.41     0.450000       264324         1.82
        0.42     0.500000       289435         2.00
        0.43     0.525000       321068         2.11
        0.43     0.550000       321068         2.22
        0.44     0.575000       355461         2.35
        0.44     0.600000       355461         2.50
        0.44     0.625000       355461         2.67
        0.45     0.650000       389856         2.86
        0.45     0.675000       389856         3.08
        0.46     0.700000       421824         3.33
        0.46     0.725000       421824         3.64
        0.46     0.750000       446645         4.00
        0.46     0.762500       446645         4.21
        0.46     0.775000       446645         4.44
        0.46     0.787500       446645         4.71
        0.47     0.800000       461845         5.00
        0.47     0.812500       461845         5.33
        0.48     0.825000       469620         5.71
        0.49     0.837500       473908         6.15
        0.51     0.850000       480240         6.67
        0.58     0.862500       489735         7.27
        0.59     0.875000       496130         8.00
        0.60     0.881250       506327         8.42
        0.60     0.887500       506327         8.89
        0.60     0.893750       506327         9.41
        0.61     0.900000       518996        10.00
        0.61     0.906250       518996        10.67
        0.61     0.912500       518996        11.43
        0.61     0.918750       518996        12.31
        0.61     0.925000       532081        13.33
        0.61     0.931250       532081        14.55
        0.61     0.937500       532081        16.00
        0.61     0.940625       532081        16.84
        0.62     0.943750       543401        17.78
        0.62     0.946875       543401        18.82
        0.62     0.950000       543401        20.00
        0.62     0.953125       543401        21.33
        0.62     0.956250       543401        22.86
        0.62     0.959375       543401        24.62
        0.63     0.962500       551099        26.67
        0.63     0.965625       551099        29.09
        0.63     0.968750       551099        32.00
        0.63     0.970313       551099        33.68
        0.63     0.971875       551099        35.56
        0.63     0.973437       551099        37.65
        0.63     0.975000       551099        40.00
        0.64     0.976562       555776        42.67
        0.64     0.978125       555776        45.71
        0.64     0.979688       555776        49.23
        0.64     0.981250       555776        53.33
        0.64     0.982812       555776        58.18
        0.65     0.984375       558333        64.00
        0.65     0.985156       558333        67.37
        0.65     0.985938       558333        71.11
        0.65     0.986719       558333        75.29
        0.65     0.987500       558333        80.00
        0.65     0.988281       558333        85.33
        0.66     0.989062       559750        91.43
        0.66     0.989844       559750        98.46
        0.66     0.990625       559750       106.67
        0.66     0.991406       560671       116.36
        0.66     0.992188       560671       128.00
        0.66     0.992578       560671       134.74
        0.67     0.992969       561346       142.22
        0.67     0.993359       561346       150.59
        0.67     0.993750       561346       160.00
        0.68     0.994141       561896       170.67
        0.68     0.994531       561896       182.86
        0.68     0.994922       561896       196.92
        0.69     0.995313       562366       213.33
        0.69     0.995703       562366       232.73
        0.69     0.996094       562758       256.00
        0.69     0.996289       562758       269.47
        0.70     0.996484       563097       284.44
        0.70     0.996680       563097       301.18
        0.70     0.996875       563097       320.00
        0.71     0.997070       563423       341.33
        0.71     0.997266       563423       365.71
        0.71     0.997461       563423       393.85
        0.72     0.997656       563735       426.67
        0.72     0.997852       563735       465.45
        0.72     0.998047       563735       512.00
        0.72     0.998145       563735       538.95
        0.73     0.998242       563957       568.89
        0.73     0.998340       563957       602.35
        0.73     0.998437       563957       640.00
        0.73     0.998535       563957       682.67
        0.73     0.998633       564160       731.43
        0.73     0.998730       564160       787.69
        0.73     0.998828       564160       853.33
        0.73     0.998926       564160       930.91
        0.74     0.999023       564310      1024.00
        0.74     0.999072       564310      1077.89
        0.74     0.999121       564310      1137.78
        0.74     0.999170       564310      1204.71
        0.75     0.999219       564408      1280.00
        0.75     0.999268       564408      1365.33
        0.75     0.999316       564408      1462.86
        0.75     0.999365       564408      1575.38
        0.76     0.999414       564479      1706.67
        0.76     0.999463       564479      1861.82
        0.77     0.999512       564521      2048.00
        0.77     0.999536       564521      2155.79
        0.77     0.999561       564521      2275.56
        0.78     0.999585       564562      2409.41
        0.78     0.999609       564562      2560.00
        0.78     0.999634       564562      2730.67
        0.78     0.999658       564576      2925.71
        0.79     0.999683       564590      3150.77
        0.80     0.999707       564599      3413.33
        0.81     0.999731       564608      3723.64
        0.82     0.999756       564625      4096.00
        0.83     0.999768       564633      4311.58
        0.84     0.999780       564642      4551.11
        0.84     0.999792       564642      4818.82
        0.85     0.999805       564649      5120.00
        0.87     0.999817       564657      5461.33
        0.90     0.999829       564664      5851.43
        0.91     0.999841       564670      6301.54
        0.93     0.999854       564681      6826.67
        0.94     0.999866       564684      7447.27
        0.97     0.999878       564691      8192.00
        1.01     0.999884       564694      8623.16
        1.05     0.999890       564697      9102.22
        1.29     0.999896       564701      9637.65
        1.47     0.999902       564704     10240.00
        1.57     0.999908       564708     10922.67
        1.85     0.999915       564711     11702.86
        2.27     0.999921       564715     12603.08
        2.30     0.999927       564722     13653.33
        2.30     0.999933       564722     14894.55
        2.35     0.999939       564725     16384.00
        2.37     0.999942       564727     17246.32
        2.40     0.999945       564729     18204.44
        2.43     0.999948       564730     19275.29
        2.48     0.999951       564732     20480.00
        2.56     0.999954       564734     21845.33
        2.58     0.999957       564736     23405.71
        2.65     0.999960       564737     25206.15
        2.70     0.999963       564739     27306.67
        2.75     0.999966       564741     29789.09
        2.78     0.999969       564743     32768.00
        2.78     0.999971       564743     34492.63
        2.80     0.999973       564744     36408.89
        2.85     0.999974       564745     38550.59
        2.98     0.999976       564746     40960.00
        3.01     0.999977       564747     43690.67
        3.01     0.999979       564747     46811.43
        3.49     0.999980       564748     50412.31
        3.52     0.999982       564749     54613.33
        3.55     0.999983       564750     59578.18
        3.57     0.999985       564751     65536.00
        3.57     0.999986       564751     68985.26
        3.58     0.999986       564753     72817.78
        3.58     0.999987       564753     77101.18
        3.58     0.999988       564753     81920.00
        3.58     0.999989       564753     87381.33
        3.58     0.999989       564753     93622.86
        3.62     0.999990       564754    100824.62
        3.62     0.999991       564754    109226.67
        3.65     0.999992       564756    119156.36
        3.65     0.999992       564756    131072.00
        3.65     0.999993       564756    137970.53
        3.65     0.999993       564756    145635.56
        3.65     0.999994       564756    154202.35
        3.65     0.999994       564756    163840.00
        3.65     0.999994       564756    174762.67
        3.65     0.999995       564756    187245.71
        3.66     0.999995       564757    201649.23
        3.66     0.999995       564757    218453.33
        3.66     0.999996       564757    238312.73
        3.66     0.999996       564757    262144.00
        3.66     0.999996       564757    275941.05
        3.81     0.999997       564758    291271.11
        3.81     0.999997       564758    308404.71
        3.81     0.999997       564758    327680.00
        3.81     0.999997       564758    349525.33
        3.81     0.999997       564758    374491.43
        3.81     0.999998       564758    403298.46
        3.81     0.999998       564758    436906.67
        3.81     0.999998       564758    476625.45
        3.81     0.999998       564758    524288.00
        3.81     0.999998       564758    551882.11
        3.87     0.999998       564759    582542.22
        3.87     1.000000       564759          inf
#[Mean    =        0.425, StdDeviation   =        0.100]
#[Max     =        3.871, Total count    =       564759]
#[Buckets =           20, SubBuckets     =          256]
