       Value   Percentile   TotalCount 1/(1-Percentile)

        0.23     0.000000            1         1.00
        0.60     0.050000        17141         1.05
        0.63     0.100000        38222         1.11
        0.65     0.150000        55825         1.18
        0.66     0.200000        78418         1.25
        0.67     0.250000        92140         1.33
        0.68     0.300000       106874         1.43
        0.69     0.350000       122779         1.54
        0.69     0.400000       139425         1.67
        0.70     0.450000       156636         1.82
        0.71     0.500000       174054         2.00
        0.72     0.525000       191225         2.11
        0.72     0.550000       191225         2.22
        0.73     0.575000       207902         2.35
        0.73     0.600000       207902         2.50
        0.73     0.625000       223628         2.67
        0.73     0.650000       223628         2.86
        0.74     0.675000       238407         3.08
        0.74     0.700000       238407         3.33
        0.75     0.725000       252021         3.64
        0.76     0.750000       264154         4.00
        0.76     0.762500       264154         4.21
        0.76     0.775000       264154         4.44
        0.77     0.787500       274909         4.71
        0.77     0.800000       274909         5.00
        0.77     0.812500       274909         5.33
        0.78     0.825000       284354         5.71
        0.78     0.837500       284354         6.15
        0.78     0.850000       292681         6.67
        0.78     0.862500       292681         7.27
        0.79     0.875000       299922         8.00
        0.79     0.881250       299922         8.42
        0.79     0.887500       299922         8.89
        0.80     0.893750       306107         9.41
        0.80     0.900000       306107        10.00
        0.80     0.906250       306107        10.67
        0.81     0.912500       311296        11.43
        0.81     0.918750       311296        12.31
        0.81     0.925000       315675        13.33
        0.81     0.931250       315675        14.55
        0.82     0.937500       319534        16.00
        0.82     0.940625       319534        16.84
        0.82     0.943750       319534        17.78
        0.83     0.946875       322653        18.82
        0.83     0.950000       322653        20.00
        0.83     0.953125       322653        21.33
        0.84     0.956250       325333        22.86
        0.84     0.959375       325333        24.62
        0.84     0.962500       325333        26.67
        0.85     0.965625       327512        29.09
        0.85     0.968750       327512        32.00
        0.85     0.970313       327512        33.68
        0.85     0.971875       329418        35.56
        0.85     0.973437       329418        37.65
        0.85     0.975000       329418        40.00
        0.86     0.976562       330927        42.67
        0.86     0.978125       330927        45.71
        0.86     0.979688       330927        49.23
        0.87     0.981250       332145        53.33
        0.87     0.982812       332145        58.18
        0.88     0.984375       333105        64.00
        0.88     0.985156       333105        67.37
        0.88     0.985938       333105        71.11
        0.88     0.986719       333105        75.29
        0.89     0.987500       333937        80.00
        0.89     0.988281       333937        85.33
        0.89     0.989062       333937        91.43
        0.90     0.989844       334621        98.46
        0.90     0.990625       334621       106.67
        0.90     0.991406       334621       116.36
        0.90     0.992188       335158       128.00
        0.90     0.992578       335158       134.74
        0.90     0.992969       335158       142.22
        0.91     0.993359       335628       150.59
        0.91     0.993750       335628       160.00
        0.91     0.994141       335628       170.67
        0.92     0.994531       335975       182.86
        0.92     0.994922       335975       196.92
        0.92     0.995313       335975       213.33
        0.93     0.995703       336236       232.73
        0.93     0.996094       336236       256.00
        0.94     0.996289       336450       269.47
        0.94     0.996484       336450       284.44
        0.94     0.996680       336450       301.18
        0.94     0.996875       336450       320.00
        0.94     0.997070       336633       341.33
        0.94     0.997266       336633       365.71
        0.95     0.997461       336766       393.85
        0.95     0.997656       336766       426.67
        0.96     0.997852       336882       465.45
        0.96     0.998047       336882       512.00
        0.96     0.998145       336882       538.95
        0.97     0.998242       336960       568.89
        0.97     0.998340       336960       602.35
        0.97     0.998437       337022       640.00
        0.97     0.998535       337022       682.67
        0.98     0.998633       337084       731.43
        0.98     0.998730       337084       787.69
        0.99     0.998828       337122       853.33
        1.00     0.998926       337153       930.91
        1.01     0.999023       337189      1024.00
        1.01     0.999072       337189      1077.89
        1.01     0.999121       337211      1137.78
        1.02     0.999170       337226      1204.71
        1.03     0.999219       337239      1280.00
        1.04     0.999268       337250      1365.33
        1.05     0.999316       337262      1462.86
        1.06     0.999365       337279      1575.38
        1.08     0.999414       337303      1706.67
        1.09     0.999463       337312      1861.82
        1.10     0.999512       337333      2048.00
        1.11     0.999536       337339      2155.79
        1.12     0.999561       337344      2275.56
        1.14     0.999585       337358      2409.41
        1.14     0.999609       337362      2560.00
        1.16     0.999634       337379      2730.67
        1.16     0.999658       337379      2925.71
        1.18     0.999683       337388      3150.77
        1.18     0.999707       337395      3413.33
        1.20     0.999731       337404      3723.64
        1.21     0.999756       337410      4096.00
        1.22     0.999768       337416      4311.58
        1.22     0.999780       337419      4551.11
        1.24     0.999792       337427      4818.82
        1.24     0.999805       337427      5120.00
        1.25     0.999817       337434      5461.33
        1.25     0.999829       337442      5851.43
        1.25     0.999841       337442      6301.54
        1.26     0.999854       337443      6826.67
        1.28     0.999866       337450      7447.27
        1.29     0.999878       337453      8192.00
        1.29     0.999884       337453      8623.16
        1.30     0.999890       337455      9102.22
        1.32     0.999896       337459      9637.65
        1.33     0.999902       337461     10240.00
        1.33     0.999908       337462     10922.67
        1.38     0.999915       337465     11702.86
        1.41     0.999921       337466     12603.08
        1.42     0.999927       337468     13653.33
        2.67     0.999933       337470     14894.55
        3.13     0.999939       337473     16384.00
        3.13     0.999942       337473     17246.32
        3.15     0.999945       337474     18204.44
        3.26     0.999948       337475     19275.29
        3.29     0.999951       337476     20480.00
        3.33     0.999954       337477     21845.33
        3.41     0.999957       337478     23405.71
        3.54     0.999960       337479     25206.15
        3.57     0.999963       337480     27306.67
        3.79     0.999966       337481     29789.09
        4.09     0.999969       337482     32768.00
        4.22     0.999971       337484     34492.63
        4.22     0.999973       337484     36408.89
        4.22     0.999974       337484     38550.59
        4.22     0.999976       337484     40960.00
        4.25     0.999977       337485     43690.67
        4.25     0.999979       337485     46811.43
        4.38     0.999980       337488     50412.31
        4.38     0.999982       337488     54613.33
        4.38     0.999983       337488     59578.18
        4.38     0.999985       337488     65536.00
        4.38     0.999986       337488     68985.26
        4.38     0.999986       337488     72817.78
        4.38     0.999987       337488     77101.18
        4.38     0.999988       337488     81920.00
        4.48     0.999989       337489     87381.33
        4.48     0.999989       337489     93622.86
        4.48     0.999990       337489    100824.62
        4.48     0.999991       337489    109226.67
        4.77     0.999992       337490    119156.36
        4.77     0.999992       337490    131072.00
        4.77     0.999993       337490    137970.53
        4.77     0.999993       337490    145635.56
        4.77     0.999994       337490    154202.35
        4.77     0.999994       337490    163840.00
        4.83     0.999994       337491    174762.67
        4.83     0.999995       337491    187245.71
        4.83     0.999995       337491    201649.23
        4.83     0.999995       337491    218453.33
        4.83     0.999996       337491    238312.73
        4.83     0.999996       337491    262144.00
        4.83     0.999996       337491    275941.05
        4.83     0.999997       337491    291271.11
        4.83     0.999997       337491    308404.71
        4.83     0.999997       337491    327680.00
        4.86     0.999997       337492    349525.33
        4.86     1.000000       337492          inf
#[Mean    =        0.710, StdDeviation   =        0.078]
#[Max     =        4.863, Total count    =       337492]
#[Buckets =           20, SubBuckets     =          256]
