       Value   Percentile   TotalCount 1/(1-Percentile)

        0.18     0.000000            1         1.00
        0.30     0.050000        44658         1.05
        0.31     0.100000        62264         1.11
        0.35     0.150000        82552         1.18
        0.38     0.200000       118926         1.25
        0.38     0.250000       142482         1.33
        0.39     0.300000       166141         1.43
        0.40     0.350000       189859         1.54
        0.41     0.400000       227408         1.67
        0.43     0.450000       247416         1.82
        0.45     0.500000       287367         2.00
        0.45     0.525000       287367         2.11
        0.46     0.550000       317199         2.22
        0.46     0.575000       317199         2.35
        0.46     0.600000       349217         2.50
        0.46     0.625000       349217         2.67
        0.47     0.650000       382479         2.86
        0.47     0.675000       382479         3.08
        0.47     0.700000       382479         3.33
        0.48     0.725000       414641         3.64
        0.48     0.750000       414641         4.00
        0.48     0.762500       414641         4.21
        0.49     0.775000       439602         4.44
        0.49     0.787500       439602         4.71
        0.49     0.800000       439602         5.00
        0.49     0.812500       439602         5.33
        0.49     0.825000       454175         5.71
        0.49     0.837500       454175         6.15
        0.50     0.850000       460307         6.67
        0.61     0.862500       467664         7.27
        0.62     0.875000       477870         8.00
        0.62     0.881250       477870         8.42
        0.63     0.887500       488393         8.89
        0.63     0.893750       488393         9.41
        0.63     0.900000       488393        10.00
        0.64     0.906250       501578        10.67
        0.64     0.912500       501578        11.43
        0.64     0.918750       501578        12.31
        0.64     0.925000       501578        13.33
        0.65     0.931250       515101        14.55
        0.65     0.937500       515101        16.00
        0.65     0.940625       515101        16.84
        0.65     0.943750       515101        17.78
        0.65     0.946875       515101        18.82
        0.65     0.950000       515101        20.00
        0.66     0.953125       526409        21.33
        0.66     0.956250       526409        22.86
        0.66     0.959375       526409        24.62
        0.66     0.962500       526409        26.67
        0.66     0.965625       526409        29.09
        0.66     0.968750       526409        32.00
        0.66     0.970313       526409        33.68
        0.66     0.971875       526409        35.56
        0.66     0.973437       533889        37.65
        0.66     0.975000       533889        40.00
        0.66     0.976562       533889        42.67
        0.66     0.978125       533889        45.71
        0.66     0.979688       533889        49.23
        0.66     0.981250       533889        53.33
        0.66     0.982812       533889        58.18
        0.66     0.984375       533889        64.00
        0.66     0.985156       533889        67.37
        0.66     0.985938       533889        71.11
        0.66     0.986719       533889        75.29
        0.67     0.987500       537980        80.00
        0.67     0.988281       537980        85.33
        0.67     0.989062       537980        91.43
        0.67     0.989844       537980        98.46
        0.67     0.990625       537980       106.67
        0.67     0.991406       537980       116.36
        0.67     0.992188       537980       128.00
        0.67     0.992578       537980       134.74
        0.67     0.992969       537980       142.22
        0.67     0.993359       537980       150.59
        0.67     0.993750       537980       160.00
        0.67     0.994141       537980       170.67
        0.68     0.994531       539810       182.86
        0.68     0.994922       539810       196.92
        0.68     0.995313       539810       213.33
        0.68     0.995703       539810       232.73
        0.68     0.996094       539810       256.00
        0.68     0.996289       539810       269.47
        0.68     0.996484       539810       284.44
        0.68     0.996680       539810       301.18
        0.68     0.996875       539810       320.00
        0.68     0.997070       539810       341.33
        0.68     0.997266       539810       365.71
        0.68     0.997461       539810       393.85
        0.68     0.997656       539810       426.67
        0.69     0.997852       540492       465.45
        0.69     0.998047       540492       512.00
        0.69     0.998145       540492       538.95
        0.69     0.998242       540492       568.89
        0.69     0.998340       540492       602.35
        0.69     0.998437       540492       640.00
        0.69     0.998535       540492       682.67
        0.69     0.998633       540492       731.43
        0.69     0.998730       540492       787.69
        0.69     0.998828       540492       853.33
        0.69     0.998926       540492       930.91
        0.69     0.999023       540492      1024.00
        0.69     0.999072       540757      1077.89
        0.69     0.999121       540757      1137.78
        0.69     0.999170       540757      1204.71
        0.69     0.999219       540757      1280.00
        0.69     0.999268       540757      1365.33
        0.69     0.999316       540757      1462.86
        0.69     0.999365       540757      1575.38
        0.69     0.999414       540757      1706.67
        0.69     0.999463       540757      1861.82
        0.69     0.999512       540757      2048.00
        0.69     0.999536       540757      2155.79
        0.70     0.999561       540863      2275.56
        0.70     0.999585       540863      2409.41
        0.70     0.999609       540863      2560.00
        0.70     0.999634       540863      2730.67
        0.70     0.999658       540863      2925.71
        0.70     0.999683       540863      3150.77
        0.70     0.999707       540863      3413.33
        0.70     0.999731       540863      3723.64
        0.70     0.999756       540863      4096.00
        0.71     0.999768       540911      4311.58
        0.71     0.999780       540911      4551.11
        0.71     0.999792       540911      4818.82
        0.71     0.999805       540911      5120.00
        0.71     0.999817       540911      5461.33
        0.71     0.999829       540911      5851.43
        0.71     0.999841       540911      6301.54
        0.72     0.999854       540934      6826.67
        0.72     0.999866       540934      7447.27
        0.72     0.999878       540934      8192.00
        0.72     0.999884       540934      8623.16
        0.73     0.999890       540938      9102.22
        0.73     0.999896       540944      9637.65
        0.73     0.999902       540944     10240.00
        0.74     0.999908       540948     10922.67
        0.75     0.999915       540952     11702.86
        0.76     0.999921       540960     12603.08
        0.76     0.999927       540960     13653.33
        0.76     0.999933       540960     14894.55
        0.77     0.999939       540965     16384.00
        0.77     0.999942       540965     17246.32
        0.78     0.999945       540969     18204.44
        0.78     0.999948       540969     19275.29
        0.78     0.999951       540969     20480.00
        0.79     0.999954       540971     21845.33
        0.80     0.999957       540973     23405.71
        0.81     0.999960       540975     25206.15
        0.82     0.999963       540976     27306.67
        0.84     0.999966       540978     29789.09
        0.86     0.999969       540980     32768.00
        0.86     0.999971       540980     34492.63
        0.88     0.999973       540981     36408.89
        0.88     0.999974       540981     38550.59
        0.90     0.999976       540982     40960.00
        0.90     0.999977       540983     43690.67
        0.93     0.999979       540984     46811.43
        0.98     0.999980       540985     50412.31
        0.99     0.999982       540987     54613.33
        0.99     0.999983       540987     59578.18
        0.99     0.999985       540987     65536.00
        1.01     0.999986       540988     68985.26
        1.01     0.999986       540988     72817.78
        1.01     0.999987       540988     77101.18
        1.01     0.999988       540989     81920.00
        1.01     0.999989       540989     87381.33
        1.18     0.999989       540990     93622.86
        1.18     0.999990       540990    100824.62
        1.25     0.999991       540992    109226.67
        1.25     0.999992       540992    119156.36
        1.25     0.999992       540992    131072.00
        1.25     0.999993       540992    137970.53
        1.25     0.999993       540992    145635.56
        1.25     0.999994       540992    154202.35
        1.25     0.999994       540992    163840.00
        1.25     0.999994       540992    174762.67
        1.35     0.999995       540993    187245.71
        1.35     0.999995       540993    201649.23
        1.35     0.999995       540993    218453.33
        1.35     0.999996       540993    238312.73
        1.35     0.999996       540993    262144.00
        1.40     0.999996       540994    275941.05
        1.40     0.999997       540994    291271.11
        1.40     0.999997       540994    308404.71
        1.40     0.999997       540994    327680.00
        1.40     0.999997       540994    349525.33
        1.40     0.999997       540994    374491.43
        1.40     0.999998       540994    403298.46
        1.40     0.999998       540994    436906.67
        1.40     0.999998       540994    476625.45
        1.40     0.999998       540994    524288.00
        1.53     0.999998       540995    551882.11
        1.53     1.000000       540995          inf
#[Mean    =        0.443, StdDeviation   =        0.099]
#[Max     =        1.527, Total count    =       540995]
#[Buckets =           20, SubBuckets     =          256]
