       Value   Percentile   TotalCount 1/(1-Percentile)

        0.21     0.000000            2         1.00
        0.30     0.050000        39193         1.05
        0.31     0.100000        55192         1.11
        0.36     0.150000        83957         1.18
        0.38     0.200000       108437         1.25
        0.39     0.250000       148498         1.33
        0.40     0.300000       169532         1.43
        0.41     0.350000       190511         1.54
        0.42     0.400000       220533         1.67
        0.44     0.450000       244887         1.82
        0.46     0.500000       291482         2.00
        0.46     0.525000       291482         2.11
        0.46     0.550000       321074         2.22
        0.46     0.575000       321074         2.35
        0.46     0.600000       321074         2.50
        0.47     0.625000       351463         2.67
        0.47     0.650000       351463         2.86
        0.48     0.675000       380826         3.08
        0.48     0.700000       380826         3.33
        0.49     0.725000       406611         3.64
        0.49     0.750000       406611         4.00
        0.49     0.762500       406611         4.21
        0.49     0.775000       425375         4.44
        0.49     0.787500       425375         4.71
        0.49     0.800000       425375         5.00
        0.50     0.812500       436795         5.33
        0.51     0.825000       443199         5.71
        0.52     0.837500       446885         6.15
        0.54     0.850000       452290         6.67
        0.61     0.862500       459132         7.27
        0.63     0.875000       469069         8.00
        0.63     0.881250       469069         8.42
        0.64     0.887500       478338         8.89
        0.64     0.893750       478338         9.41
        0.64     0.900000       478338        10.00
        0.65     0.906250       489619        10.67
        0.65     0.912500       489619        11.43
        0.65     0.918750       489619        12.31
        0.66     0.925000       500970        13.33
        0.66     0.931250       500970        14.55
        0.66     0.937500       500970        16.00
        0.66     0.940625       500970        16.84
        0.66     0.943750       510896        17.78
        0.66     0.946875       510896        18.82
        0.66     0.950000       510896        20.00
        0.66     0.953125       510896        21.33
        0.66     0.956250       510896        22.86
        0.66     0.959375       510896        24.62
        0.67     0.962500       518070        26.67
        0.67     0.965625       518070        29.09
        0.67     0.968750       518070        32.00
        0.67     0.970313       518070        33.68
        0.67     0.971875       518070        35.56
        0.67     0.973437       518070        37.65
        0.68     0.975000       522586        40.00
        0.68     0.976562       522586        42.67
        0.68     0.978125       522586        45.71
        0.68     0.979688       522586        49.23
        0.68     0.981250       522586        53.33
        0.68     0.982812       522586        58.18
        0.69     0.984375       525263        64.00
        0.69     0.985156       525263        67.37
        0.69     0.985938       525263        71.11
        0.69     0.986719       525263        75.29
        0.69     0.987500       525263        80.00
        0.69     0.988281       525263        85.33
        0.69     0.989062       526850        91.43
        0.69     0.989844       526850        98.46
        0.69     0.990625       526850       106.67
        0.70     0.991406       527852       116.36
        0.70     0.992188       527852       128.00
        0.70     0.992578       527852       134.74
        0.70     0.992969       527852       142.22
        0.71     0.993359       528522       150.59
        0.71     0.993750       528522       160.00
        0.71     0.994141       528522       170.67
        0.72     0.994531       529021       182.86
        0.72     0.994922       529021       196.92
        0.72     0.995313       529021       213.33
        0.73     0.995703       529437       232.73
        0.73     0.996094       529437       256.00
        0.73     0.996289       529792       269.47
        0.73     0.996484       529792       284.44
        0.73     0.996680       529792       301.18
        0.74     0.996875       530087       320.00
        0.74     0.997070       530087       341.33
        0.74     0.997266       530087       365.71
        0.75     0.997461       530331       393.85
        0.75     0.997656       530331       426.67
        0.75     0.997852       530331       465.45
        0.76     0.998047       530548       512.00
        0.76     0.998145       530548       538.95
        0.76     0.998242       530548       568.89
        0.77     0.998340       530749       602.35
        0.77     0.998437       530749       640.00
        0.77     0.998535       530749       682.67
        0.77     0.998633       530749       731.43
        0.78     0.998730       530916       787.69
        0.78     0.998828       530916       853.33
        0.78     0.998926       530916       930.91
        0.78     0.999023       531041      1024.00
        0.78     0.999072       531041      1077.89
        0.78     0.999121       531041      1137.78
        0.78     0.999170       531041      1204.71
        0.78     0.999219       531041      1280.00
        0.79     0.999268       531137      1365.33
        0.79     0.999316       531137      1462.86
        0.79     0.999365       531137      1575.38
        0.80     0.999414       531220      1706.67
        0.80     0.999463       531220      1861.82
        0.80     0.999512       531220      2048.00
        0.80     0.999536       531220      2155.79
        0.81     0.999561       531260      2275.56
        0.81     0.999585       531260      2409.41
        0.81     0.999609       531260      2560.00
        0.81     0.999634       531295      2730.67
        0.81     0.999658       531295      2925.71
        0.81     0.999683       531295      3150.77
        0.82     0.999707       531315      3413.33
        0.82     0.999731       531315      3723.64
        0.84     0.999756       531339      4096.00
        0.84     0.999768       531339      4311.58
        0.85     0.999780       531344      4551.11
        0.85     0.999792       531352      4818.82
        0.86     0.999805       531360      5120.00
        0.86     0.999817       531360      5461.33
        0.88     0.999829       531367      5851.43
        0.90     0.999841       531372      6301.54
        0.91     0.999854       531379      6826.67
        0.94     0.999866       531385      7447.27
        1.09     0.999878       531392      8192.00
        1.14     0.999884       531395      8623.16
        1.41     0.999890       531398      9102.22
        1.58     0.999896       531401      9637.65
        1.65     0.999902       531405     10240.00
        1.97     0.999908       531408     10922.67
        2.51     0.999915       531411     11702.86
        2.56     0.999921       531415     12603.08
        2.61     0.999927       531418     13653.33
        2.67     0.999933       531421     14894.55
        2.75     0.999939       531424     16384.00
        2.78     0.999942       531426     17246.32
        2.80     0.999945       531427     18204.44
        2.83     0.999948       531429     19275.29
        3.04     0.999951       531431     20480.00
        3.07     0.999954       531432     21845.33
        3.26     0.999957       531434     23405.71
        3.28     0.999960       531436     25206.15
        3.29     0.999963       531437     27306.67
        3.31     0.999966       531440     29789.09
        3.31     0.999969       531440     32768.00
        3.38     0.999971       531441     34492.63
        3.54     0.999973       531442     36408.89
        3.55     0.999974       531444     38550.59
        3.55     0.999976       531444     40960.00
        3.55     0.999977       531444     43690.67
        3.90     0.999979       531445     46811.43
        3.97     0.999980       531447     50412.31
        3.97     0.999982       531447     54613.33
        4.00     0.999983       531449     59578.18
        4.00     0.999985       531449     65536.00
        4.00     0.999986       531449     68985.26
        4.00     0.999986       531449     72817.78
        4.03     0.999987       531451     77101.18
        4.03     0.999988       531451     81920.00
        4.03     0.999989       531451     87381.33
        4.03     0.999989       531451     93622.86
        4.03     0.999990       531451    100824.62
        4.06     0.999991       531453    109226.67
        4.06     0.999992       531453    119156.36
        4.06     0.999992       531453    131072.00
        4.06     0.999993       531453    137970.53
        4.06     0.999993       531453    145635.56
        4.06     0.999994       531453    154202.35
        4.06     0.999994       531453    163840.00
        4.06     0.999994       531453    174762.67
        4.16     0.999995       531454    187245.71
        4.16     0.999995       531454    201649.23
        4.16     0.999995       531454    218453.33
        4.16     0.999996       531454    238312.73
        4.16     0.999996       531454    262144.00
        4.22     0.999996       531455    275941.05
        4.22     0.999997       531455    291271.11
        4.22     0.999997       531455    308404.71
        4.22     0.999997       531455    327680.00
        4.22     0.999997       531455    349525.33
        4.22     0.999997       531455    374491.43
        4.22     0.999998       531455    403298.46
        4.22     0.999998       531455    436906.67
        4.22     0.999998       531455    476625.45
        4.22     0.999998       531455    524288.00
        4.25     0.999998       531456    551882.11
        4.25     1.000000       531456          inf
#[Mean    =        0.451, StdDeviation   =        0.107]
#[Max     =        4.255, Total count    =       531456]
#[Buckets =           20, SubBuckets     =          256]
