       Value   Percentile   TotalCount 1/(1-Percentile)

        0.19     0.000000            1         1.00
        0.57     0.050000        18594         1.05
        0.60     0.100000        43745         1.11
        0.61     0.150000        65317         1.18
        0.62     0.200000        78735         1.25
        0.63     0.250000        94080         1.33
        0.64     0.300000       111114         1.43
        0.65     0.350000       129675         1.54
        0.66     0.400000       149253         1.67
        0.66     0.450000       169585         1.82
        0.67     0.500000       190201         2.00
        0.67     0.525000       190201         2.11
        0.68     0.550000       210436         2.22
        0.68     0.575000       210436         2.35
        0.69     0.600000       229822         2.50
        0.69     0.625000       229822         2.67
        0.69     0.650000       247773         2.86
        0.69     0.675000       247773         3.08
        0.70     0.700000       264221         3.33
        0.70     0.725000       264221         3.64
        0.71     0.750000       279033         4.00
        0.71     0.762500       279033         4.21
        0.71     0.775000       279033         4.44
        0.72     0.787500       292121         4.71
        0.72     0.800000       292121         5.00
        0.72     0.812500       292121         5.33
        0.73     0.825000       303375         5.71
        0.73     0.837500       303375         6.15
        0.73     0.850000       313017         6.67
        0.73     0.862500       313017         7.27
        0.74     0.875000       321360         8.00
        0.74     0.881250       321360         8.42
        0.74     0.887500       321360         8.89
        0.74     0.893750       321360         9.41
        0.75     0.900000       328393        10.00
        0.75     0.906250       328393        10.67
        0.75     0.912500       328393        11.43
        0.76     0.918750       334222        12.31
        0.76     0.925000       334222        13.33
        0.76     0.931250       334222        14.55
        0.77     0.937500       338934        16.00
        0.77     0.940625       338934        16.84
        0.77     0.943750       338934        17.78
        0.78     0.946875       342831        18.82
        0.78     0.950000       342831        20.00
        0.78     0.953125       342831        21.33
        0.78     0.956250       346002        22.86
        0.78     0.959375       346002        24.62
        0.78     0.962500       346002        26.67
        0.79     0.965625       348543        29.09
        0.79     0.968750       348543        32.00
        0.79     0.970313       348543        33.68
        0.80     0.971875       350579        35.56
        0.80     0.973437       350579        37.65
        0.80     0.975000       350579        40.00
        0.80     0.976562       350579        42.67
        0.81     0.978125       352226        45.71
        0.81     0.979688       352226        49.23
        0.81     0.981250       352226        53.33
        0.81     0.982812       353586        58.18
        0.81     0.984375       353586        64.00
        0.81     0.985156       353586        67.37
        0.82     0.985938       354667        71.11
        0.82     0.986719       354667        75.29
        0.82     0.987500       354667        80.00
        0.82     0.988281       354667        85.33
        0.83     0.989062       355524        91.43
        0.83     0.989844       355524        98.46
        0.83     0.990625       355524       106.67
        0.84     0.991406       356209       116.36
        0.84     0.992188       356209       128.00
        0.84     0.992578       356209       134.74
        0.85     0.992969       356754       142.22
        0.85     0.993359       356754       150.59
        0.85     0.993750       356754       160.00
        0.85     0.994141       356754       170.67
        0.85     0.994531       357161       182.86
        0.85     0.994922       357161       196.92
        0.86     0.995313       357535       213.33
        0.86     0.995703       357535       232.73
        0.86     0.996094       357535       256.00
        0.86     0.996289       357535       269.47
        0.87     0.996484       357785       284.44
        0.87     0.996680       357785       301.18
        0.87     0.996875       357785       320.00
        0.88     0.997070       357967       341.33
        0.88     0.997266       357967       365.71
        0.88     0.997461       357967       393.85
        0.89     0.997656       358137       426.67
        0.89     0.997852       358137       465.45
        0.90     0.998047       358257       512.00
        0.90     0.998145       358257       538.95
        0.90     0.998242       358257       568.89
        0.90     0.998340       358257       602.35
        0.90     0.998437       358357       640.00
        0.90     0.998535       358357       682.67
        0.91     0.998633       358428       731.43
        0.91     0.998730       358428       787.69
        0.92     0.998828       358474       853.33
        0.92     0.998926       358474       930.91
        0.93     0.999023       358518      1024.00
        0.94     0.999072       358550      1077.89
        0.94     0.999121       358550      1137.78
        0.94     0.999170       358579      1204.71
        0.94     0.999219       358579      1280.00
        0.95     0.999268       358595      1365.33
        0.96     0.999316       358606      1462.86
        0.97     0.999365       358626      1575.38
        0.99     0.999414       358645      1706.67
        1.01     0.999463       358664      1861.82
        1.03     0.999512       358677      2048.00
        1.04     0.999536       358686      2155.79
        1.05     0.999561       358701      2275.56
        1.06     0.999585       358704      2409.41
        1.07     0.999609       358712      2560.00
        1.08     0.999634       358722      2730.67
        1.10     0.999658       358736      2925.71
        1.11     0.999683       358740      3150.77
        1.12     0.999707       358748      3413.33
        1.14     0.999731       358758      3723.64
        1.16     0.999756       358767      4096.00
        1.17     0.999768       358771      4311.58
        1.18     0.999780       358773      4551.11
        1.18     0.999792       358779      4818.82
        1.19     0.999805       358783      5120.00
        1.20     0.999817       358789      5461.33
        1.21     0.999829       358791      5851.43
        1.22     0.999841       358796      6301.54
        1.23     0.999854       358799      6826.67
        1.25     0.999866       358804      7447.27
        1.26     0.999878       358808      8192.00
        1.27     0.999884       358812      8623.16
        1.27     0.999890       358812      9102.22
        1.29     0.999896       358814      9637.65
        1.30     0.999902       358816     10240.00
        1.46     0.999908       358819     10922.67
        2.64     0.999915       358822     11702.86
        2.67     0.999921       358823     12603.08
        2.73     0.999927       358825     13653.33
        2.83     0.999933       358827     14894.55
        3.09     0.999939       358830     16384.00
        3.10     0.999942       358834     17246.32
        3.10     0.999945       358834     18204.44
        3.10     0.999948       358834     19275.29
        3.10     0.999951       358834     20480.00
        3.12     0.999954       358835     21845.33
        3.13     0.999957       358837     23405.71
        3.13     0.999960       358837     25206.15
        3.15     0.999963       358838     27306.67
        3.21     0.999966       358840     29789.09
        3.33     0.999969       358841     32768.00
        3.33     0.999971       358841     34492.63
        3.44     0.999973       358843     36408.89
        3.44     0.999974       358843     38550.59
        3.44     0.999976       358843     40960.00
        3.44     0.999977       358843     43690.67
        3.54     0.999979       358844     46811.43
        3.54     0.999980       358844     50412.31
        3.81     0.999982       358845     54613.33
        3.81     0.999983       358845     59578.18
        3.82     0.999985       358846     65536.00
        3.82     0.999986       358846     68985.26
        3.90     0.999986       358847     72817.78
        3.90     0.999987       358847     77101.18
        3.90     0.999988       358847     81920.00
        3.90     0.999989       358847     87381.33
        4.06     0.999989       358848     93622.86
        4.06     0.999990       358848    100824.62
        4.06     0.999991       358848    109226.67
        4.06     0.999992       358848    119156.36
        4.32     0.999992       358849    131072.00
        4.32     0.999993       358849    137970.53
        4.32     0.999993       358849    145635.56
        4.32     0.999994       358849    154202.35
        4.32     0.999994       358849    163840.00
        4.32     0.999994       358849    174762.67
        4.42     0.999995       358850    187245.71
        4.42     0.999995       358850    201649.23
        4.42     0.999995       358850    218453.33
        4.42     0.999996       358850    238312.73
        4.42     0.999996       358850    262144.00
        4.42     0.999996       358850    275941.05
        4.42     0.999997       358850    291271.11
        4.42     0.999997       358850    308404.71
        4.42     0.999997       358850    327680.00
        4.42     0.999997       358850    349525.33
        4.51     0.999997       358851    374491.43
        4.51     1.000000       358851          inf
#[Mean    =        0.668, StdDeviation   =        0.071]
#[Max     =        4.511, Total count    =       358851]
#[Buckets =           20, SubBuckets     =          256]
