       Value   Percentile   TotalCount 1/(1-Percentile)

        0.18     0.000000            2         1.00
        0.31     0.050000        42365         1.05
        0.32     0.100000        57505         1.11
        0.37     0.150000        83477         1.18
        0.38     0.200000       108342         1.25
        0.40     0.250000       147202         1.33
        0.41     0.300000       167646         1.43
        0.41     0.350000       187755         1.54
        0.43     0.400000       216627         1.67
        0.45     0.450000       239387         1.82
        0.46     0.500000       282072         2.00
        0.46     0.525000       282072         2.11
        0.47     0.550000       310025         2.22
        0.47     0.575000       310025         2.35
        0.48     0.600000       339247         2.50
        0.48     0.625000       339247         2.67
        0.48     0.650000       339247         2.86
        0.49     0.675000       368172         3.08
        0.49     0.700000       368172         3.33
        0.49     0.725000       394444         3.64
        0.49     0.750000       394444         4.00
        0.50     0.762500       414186         4.21
        0.50     0.775000       414186         4.44
        0.50     0.787500       414186         4.71
        0.51     0.800000       426633         5.00
        0.51     0.812500       426633         5.33
        0.52     0.825000       433674         5.71
        0.53     0.837500       437755         6.15
        0.55     0.850000       443722         6.67
        0.62     0.862500       450270         7.27
        0.64     0.875000       458276         8.00
        0.65     0.881250       466265         8.42
        0.65     0.887500       466265         8.89
        0.65     0.893750       466265         9.41
        0.66     0.900000       476713        10.00
        0.66     0.906250       476713        10.67
        0.66     0.912500       476713        11.43
        0.66     0.918750       487839        12.31
        0.66     0.925000       487839        13.33
        0.66     0.931250       487839        14.55
        0.67     0.937500       498035        16.00
        0.67     0.940625       498035        16.84
        0.67     0.943750       498035        17.78
        0.67     0.946875       498035        18.82
        0.67     0.950000       498035        20.00
        0.67     0.953125       498035        21.33
        0.68     0.956250       505976        22.86
        0.68     0.959375       505976        24.62
        0.68     0.962500       505976        26.67
        0.68     0.965625       505976        29.09
        0.68     0.968750       505976        32.00
        0.69     0.970313       511225        33.68
        0.69     0.971875       511225        35.56
        0.69     0.973437       511225        37.65
        0.69     0.975000       511225        40.00
        0.69     0.976562       511225        42.67
        0.69     0.978125       511225        45.71
        0.69     0.979688       511225        49.23
        0.69     0.981250       514346        53.33
        0.69     0.982812       514346        58.18
        0.69     0.984375       514346        64.00
        0.69     0.985156       514346        67.37
        0.69     0.985938       514346        71.11
        0.70     0.986719       516193        75.29
        0.70     0.987500       516193        80.00
        0.70     0.988281       516193        85.33
        0.70     0.989062       516193        91.43
        0.71     0.989844       517306        98.46
        0.71     0.990625       517306       106.67
        0.71     0.991406       517306       116.36
        0.72     0.992188       518111       128.00
        0.72     0.992578       518111       134.74
        0.72     0.992969       518111       142.22
        0.73     0.993359       518666       150.59
        0.73     0.993750       518666       160.00
        0.73     0.994141       518666       170.67
        0.73     0.994531       519152       182.86
        0.73     0.994922       519152       196.92
        0.73     0.995313       519152       213.33
        0.74     0.995703       519599       232.73
        0.74     0.996094       519599       256.00
        0.75     0.996289       519977       269.47
        0.75     0.996484       519977       284.44
        0.75     0.996680       519977       301.18
        0.75     0.996875       519977       320.00
        0.76     0.997070       520305       341.33
        0.76     0.997266       520305       365.71
        0.76     0.997461       520305       393.85
        0.77     0.997656       520559       426.67
        0.77     0.997852       520559       465.45
        0.78     0.998047       520766       512.00
        0.78     0.998145       520766       538.95
        0.78     0.998242       520766       568.89
        0.78     0.998340       520766       602.35
        0.78     0.998437       520967       640.00
        0.78     0.998535       520967       682.67
        0.78     0.998633       520967       731.43
        0.78     0.998730       520967       787.69
        0.79     0.998828       521152       853.33
        0.79     0.998926       521152       930.91
        0.79     0.999023       521152      1024.00
        0.79     0.999072       521152      1077.89
        0.79     0.999121       521152      1137.78
        0.80     0.999170       521294      1204.71
        0.80     0.999219       521294      1280.00
        0.80     0.999268       521294      1365.33
        0.80     0.999316       521294      1462.86
        0.80     0.999365       521294      1575.38
        0.80     0.999414       521294      1706.67
        0.81     0.999463       521369      1861.82
        0.81     0.999512       521369      2048.00
        0.81     0.999536       521369      2155.79
        0.81     0.999561       521369      2275.56
        0.81     0.999585       521435      2409.41
        0.81     0.999609       521435      2560.00
        0.81     0.999634       521435      2730.67
        0.81     0.999658       521435      2925.71
        0.81     0.999683       521435      3150.77
        0.82     0.999707       521464      3413.33
        0.82     0.999731       521464      3723.64
        0.83     0.999756       521488      4096.00
        0.83     0.999768       521488      4311.58
        0.83     0.999780       521488      4551.11
        0.83     0.999792       521488      4818.82
        0.84     0.999805       521498      5120.00
        0.85     0.999817       521501      5461.33
        0.86     0.999829       521507      5851.43
        0.89     0.999841       521515      6301.54
        0.92     0.999854       521520      6826.67
        0.99     0.999866       521526      7447.27
        1.61     0.999878       521533      8192.00
        1.68     0.999884       521536      8623.16
        1.90     0.999890       521539      9102.22
        2.43     0.999896       521542      9637.65
        2.51     0.999902       521547     10240.00
        2.56     0.999908       521550     10922.67
        2.59     0.999915       521554     11702.86
        2.61     0.999921       521555     12603.08
        2.67     0.999927       521558     13653.33
        2.72     0.999933       521562     14894.55
        2.85     0.999939       521565     16384.00
        2.86     0.999942       521567     17246.32
        2.91     0.999945       521568     18204.44
        2.99     0.999948       521569     19275.29
        3.20     0.999951       521573     20480.00
        3.20     0.999954       521573     21845.33
        3.21     0.999957       521574     23405.71
        3.25     0.999960       521577     25206.15
        3.25     0.999963       521577     27306.67
        3.41     0.999966       521579     29789.09
        3.94     0.999969       521581     32768.00
        3.94     0.999971       521581     34492.63
        3.97     0.999973       521584     36408.89
        3.97     0.999974       521584     38550.59
        3.97     0.999976       521584     40960.00
        3.98     0.999977       521585     43690.67
        3.98     0.999979       521585     46811.43
        4.01     0.999980       521586     50412.31
        4.06     0.999982       521587     54613.33
        4.09     0.999983       521588     59578.18
        4.13     0.999985       521590     65536.00
        4.13     0.999986       521590     68985.26
        4.13     0.999986       521590     72817.78
        4.13     0.999987       521590     77101.18
        4.13     0.999988       521590     81920.00
        4.16     0.999989       521591     87381.33
        4.16     0.999989       521591     93622.86
        4.16     0.999990       521591    100824.62
        4.29     0.999991       521592    109226.67
        4.29     0.999992       521592    119156.36
        4.38     0.999992       521593    131072.00
        4.38     0.999993       521593    137970.53
        4.38     0.999993       521593    145635.56
        4.38     0.999994       521593    154202.35
        4.38     0.999994       521593    163840.00
        4.51     0.999994       521595    174762.67
        4.51     0.999995       521595    187245.71
        4.51     0.999995       521595    201649.23
        4.51     0.999995       521595    218453.33
        4.51     0.999996       521595    238312.73
        4.51     0.999996       521595    262144.00
        4.51     0.999996       521595    275941.05
        4.51     0.999997       521595    291271.11
        4.51     0.999997       521595    308404.71
        4.51     0.999997       521595    327680.00
        4.51     0.999997       521595    349525.33
        4.51     0.999997       521595    374491.43
        4.51     0.999998       521595    403298.46
        4.51     0.999998       521595    436906.67
        4.51     0.999998       521595    476625.45
        4.61     0.999998       521596    524288.00
        4.61     1.000000       521596          inf
#[Mean    =        0.460, StdDeviation   =        0.109]
#[Max     =        4.607, Total count    =       521596]
#[Buckets =           20, SubBuckets     =          256]
