       Value   Percentile   TotalCount 1/(1-Percentile)

        0.18     0.000000            2         1.00
        0.29     0.050000        29254         1.05
        0.31     0.100000        65047         1.11
        0.35     0.150000        84104         1.18
        0.38     0.200000       122369         1.25
        0.38     0.250000       145252         1.33
        0.39     0.300000       168594         1.43
        0.40     0.350000       192015         1.54
        0.41     0.400000       228996         1.67
        0.43     0.450000       249837         1.82
        0.45     0.500000       291744         2.00
        0.45     0.525000       291744         2.11
        0.46     0.550000       322080         2.22
        0.46     0.575000       322080         2.35
        0.46     0.600000       354435         2.50
        0.46     0.625000       354435         2.67
        0.46     0.650000       354435         2.86
        0.47     0.675000       386930         3.08
        0.47     0.700000       386930         3.33
        0.48     0.725000       417166         3.64
        0.48     0.750000       417166         4.00
        0.48     0.762500       417166         4.21
        0.49     0.775000       440817         4.44
        0.49     0.787500       440817         4.71
        0.49     0.800000       440817         5.00
        0.49     0.812500       440817         5.33
        0.49     0.825000       454646         5.71
        0.49     0.837500       454646         6.15
        0.51     0.850000       462885         6.67
        0.60     0.862500       467700         7.27
        0.62     0.875000       478715         8.00
        0.62     0.881250       478715         8.42
        0.63     0.887500       488397         8.89
        0.63     0.893750       488397         9.41
        0.63     0.900000       488397        10.00
        0.64     0.906250       501069        10.67
        0.64     0.912500       501069        11.43
        0.64     0.918750       501069        12.31
        0.65     0.925000       514475        13.33
        0.65     0.931250       514475        14.55
        0.65     0.937500       514475        16.00
        0.65     0.940625       514475        16.84
        0.65     0.943750       514475        17.78
        0.65     0.946875       514475        18.82
        0.66     0.950000       525929        20.00
        0.66     0.953125       525929        21.33
        0.66     0.956250       525929        22.86
        0.66     0.959375       525929        24.62
        0.66     0.962500       525929        26.67
        0.66     0.965625       525929        29.09
        0.66     0.968750       525929        32.00
        0.66     0.970313       534049        33.68
        0.66     0.971875       534049        35.56
        0.66     0.973437       534049        37.65
        0.66     0.975000       534049        40.00
        0.66     0.976562       534049        42.67
        0.66     0.978125       534049        45.71
        0.66     0.979688       534049        49.23
        0.66     0.981250       534049        53.33
        0.66     0.982812       534049        58.18
        0.66     0.984375       534049        64.00
        0.66     0.985156       534049        67.37
        0.67     0.985938       538600        71.11
        0.67     0.986719       538600        75.29
        0.67     0.987500       538600        80.00
        0.67     0.988281       538600        85.33
        0.67     0.989062       538600        91.43
        0.67     0.989844       538600        98.46
        0.67     0.990625       538600       106.67
        0.67     0.991406       538600       116.36
        0.67     0.992188       538600       128.00
        0.67     0.992578       538600       134.74
        0.67     0.992969       538600       142.22
        0.67     0.993359       538600       150.59
        0.68     0.993750       540690       160.00
        0.68     0.994141       540690       170.67
        0.68     0.994531       540690       182.86
        0.68     0.994922       540690       196.92
        0.68     0.995313       540690       213.33
        0.68     0.995703       540690       232.73
        0.68     0.996094       540690       256.00
        0.68     0.996289       540690       269.47
        0.68     0.996484       540690       284.44
        0.68     0.996680       540690       301.18
        0.68     0.996875       540690       320.00
        0.68     0.997070       540690       341.33
        0.68     0.997266       540690       365.71
        0.69     0.997461       541487       393.85
        0.69     0.997656       541487       426.67
        0.69     0.997852       541487       465.45
        0.69     0.998047       541487       512.00
        0.69     0.998145       541487       538.95
        0.69     0.998242       541487       568.89
        0.69     0.998340       541487       602.35
        0.69     0.998437       541487       640.00
        0.69     0.998535       541487       682.67
        0.69     0.998633       541487       731.43
        0.69     0.998730       541487       787.69
        0.69     0.998828       541487       853.33
        0.69     0.998926       541777       930.91
        0.69     0.999023       541777      1024.00
        0.69     0.999072       541777      1077.89
        0.69     0.999121       541777      1137.78
        0.69     0.999170       541777      1204.71
        0.69     0.999219       541777      1280.00
        0.69     0.999268       541777      1365.33
        0.69     0.999316       541777      1462.86
        0.69     0.999365       541777      1575.38
        0.69     0.999414       541777      1706.67
        0.70     0.999463       541914      1861.82
        0.70     0.999512       541914      2048.00
        0.70     0.999536       541914      2155.79
        0.70     0.999561       541914      2275.56
        0.70     0.999585       541914      2409.41
        0.70     0.999609       541914      2560.00
        0.70     0.999634       541914      2730.67
        0.70     0.999658       541914      2925.71
        0.70     0.999683       541914      3150.77
        0.70     0.999707       541914      3413.33
        0.71     0.999731       541974      3723.64
        0.71     0.999756       541974      4096.00
        0.71     0.999768       541974      4311.58
        0.71     0.999780       541974      4551.11
        0.71     0.999792       541974      4818.82
        0.71     0.999805       541974      5120.00
        0.71     0.999817       541974      5461.33
        0.72     0.999829       542012      5851.43
        0.72     0.999841       542012      6301.54
        0.72     0.999854       542012      6826.67
        0.72     0.999866       542012      7447.27
        0.72     0.999878       542012      8192.00
        0.72     0.999884       542012      8623.16
        0.72     0.999890       542012      9102.22
        0.73     0.999896       542029      9637.65
        0.73     0.999902       542029     10240.00
        0.73     0.999908       542029     10922.67
        0.73     0.999915       542029     11702.86
        0.73     0.999921       542029     12603.08
        0.73     0.999927       542041     13653.33
        0.73     0.999933       542041     14894.55
        0.73     0.999939       542041     16384.00
        0.73     0.999942       542041     17246.32
        0.73     0.999945       542041     18204.44
        0.74     0.999948       542047     19275.29
        0.74     0.999951       542047     20480.00
        0.74     0.999954       542047     21845.33
        0.74     0.999957       542047     23405.71
        0.75     0.999960       542049     25206.15
        0.76     0.999963       542055     27306.67
        0.76     0.999966       542055     29789.09
        0.76     0.999969       542055     32768.00
        0.76     0.999971       542055     34492.63
        0.77     0.999973       542057     36408.89
        0.77     0.999974       542057     38550.59
        0.77     0.999976       542057     40960.00
        0.78     0.999977       542058     43690.67
        0.78     0.999979       542060     46811.43
        0.78     0.999980       542060     50412.31
        0.81     0.999982       542061     54613.33
        0.81     0.999983       542061     59578.18
        0.82     0.999985       542064     65536.00
        0.82     0.999986       542064     68985.26
        0.82     0.999986       542064     72817.78
        0.82     0.999987       542064     77101.18
        0.82     0.999988       542064     81920.00
        0.82     0.999989       542064     87381.33
        0.84     0.999989       542065     93622.86
        0.84     0.999990       542065    100824.62
        0.85     0.999991       542066    109226.67
        0.85     0.999992       542066    119156.36
        0.85     0.999992       542066    131072.00
        0.87     0.999993       542067    137970.53
        0.87     0.999993       542067    145635.56
        0.87     0.999994       542067    154202.35
        0.87     0.999994       542067    163840.00
        0.87     0.999994       542067    174762.67
        0.90     0.999995       542068    187245.71
        0.90     0.999995       542068    201649.23
        0.90     0.999995       542068    218453.33
        0.90     0.999996       542068    238312.73
        0.90     0.999996       542068    262144.00
        0.90     0.999996       542069    275941.05
        0.90     0.999997       542069    291271.11
        0.90     0.999997       542069    308404.71
        0.90     0.999997       542069    327680.00
        0.90     0.999997       542069    349525.33
        0.90     0.999997       542069    374491.43
        0.90     0.999998       542069    403298.46
        0.90     0.999998       542069    436906.67
        0.90     0.999998       542069    476625.45
        0.90     0.999998       542069    524288.00
        1.01     0.999998       542070    551882.11
        1.01     1.000000       542070          inf
#[Mean    =        0.443, StdDeviation   =        0.100]
#[Max     =        1.007, Total count    =       542070]
#[Buckets =           20, SubBuckets     =          256]
