       Value   Percentile   TotalCount 1/(1-Percentile)

        0.25     0.000000            1         1.00
        0.57     0.050000        22824         1.05
        0.59     0.100000        45224         1.11
        0.60     0.150000        56294         1.18
        0.61     0.200000        83889         1.25
        0.62     0.250000       100860         1.33
        0.63     0.300000       119448         1.43
        0.64     0.350000       139592         1.54
        0.65     0.400000       160730         1.67
        0.66     0.450000       182517         1.82
        0.66     0.500000       182517         2.00
        0.66     0.525000       204070         2.11
        0.66     0.550000       204070         2.22
        0.67     0.575000       224301         2.35
        0.67     0.600000       224301         2.50
        0.68     0.625000       243798         2.67
        0.68     0.650000       243798         2.86
        0.69     0.675000       261923         3.08
        0.69     0.700000       261923         3.33
        0.69     0.725000       278037         3.64
        0.69     0.750000       278037         4.00
        0.70     0.762500       292356         4.21
        0.70     0.775000       292356         4.44
        0.70     0.787500       292356         4.71
        0.70     0.800000       292356         5.00
        0.71     0.812500       304989         5.33
        0.71     0.825000       304989         5.71
        0.72     0.837500       315714         6.15
        0.72     0.850000       315714         6.67
        0.72     0.862500       315714         7.27
        0.73     0.875000       324822         8.00
        0.73     0.881250       324822         8.42
        0.73     0.887500       324822         8.89
        0.73     0.893750       332469         9.41
        0.73     0.900000       332469        10.00
        0.73     0.906250       332469        10.67
        0.74     0.912500       338805        11.43
        0.74     0.918750       338805        12.31
        0.74     0.925000       338805        13.33
        0.75     0.931250       343840        14.55
        0.75     0.937500       343840        16.00
        0.75     0.940625       343840        16.84
        0.76     0.943750       348045        17.78
        0.76     0.946875       348045        18.82
        0.76     0.950000       348045        20.00
        0.76     0.953125       348045        21.33
        0.77     0.956250       351491        22.86
        0.77     0.959375       351491        24.62
        0.77     0.962500       351491        26.67
        0.78     0.965625       354247        29.09
        0.78     0.968750       354247        32.00
        0.78     0.970313       354247        33.68
        0.78     0.971875       356472        35.56
        0.78     0.973437       356472        37.65
        0.78     0.975000       356472        40.00
        0.78     0.976562       356472        42.67
        0.79     0.978125       358236        45.71
        0.79     0.979688       358236        49.23
        0.79     0.981250       358236        53.33
        0.80     0.982812       359633        58.18
        0.80     0.984375       359633        64.00
        0.80     0.985156       359633        67.37
        0.81     0.985938       360780        71.11
        0.81     0.986719       360780        75.29
        0.81     0.987500       360780        80.00
        0.81     0.988281       360780        85.33
        0.81     0.989062       361674        91.43
        0.81     0.989844       361674        98.46
        0.81     0.990625       361674       106.67
        0.82     0.991406       362338       116.36
        0.82     0.992188       362338       128.00
        0.82     0.992578       362338       134.74
        0.82     0.992969       362338       142.22
        0.83     0.993359       362855       150.59
        0.83     0.993750       362855       160.00
        0.83     0.994141       362855       170.67
        0.84     0.994531       363270       182.86
        0.84     0.994922       363270       196.92
        0.84     0.995313       363270       213.33
        0.85     0.995703       363586       232.73
        0.85     0.996094       363586       256.00
        0.85     0.996289       363586       269.47
        0.85     0.996484       363844       284.44
        0.85     0.996680       363844       301.18
        0.85     0.996875       363844       320.00
        0.85     0.997070       363844       341.33
        0.86     0.997266       364032       365.71
        0.86     0.997461       364032       393.85
        0.86     0.997656       364032       426.67
        0.87     0.997852       364184       465.45
        0.87     0.998047       364184       512.00
        0.88     0.998145       364293       538.95
        0.88     0.998242       364293       568.89
        0.88     0.998340       364293       602.35
        0.89     0.998437       364378       640.00
        0.89     0.998535       364378       682.67
        0.90     0.998633       364440       731.43
        0.90     0.998730       364440       787.69
        0.90     0.998828       364488       853.33
        0.91     0.998926       364526       930.91
        0.91     0.999023       364526      1024.00
        0.92     0.999072       364542      1077.89
        0.93     0.999121       364568      1137.78
        0.94     0.999170       364593      1204.71
        0.94     0.999219       364605      1280.00
        0.95     0.999268       364617      1365.33
        0.97     0.999316       364638      1462.86
        0.98     0.999365       364654      1575.38
        1.00     0.999414       364669      1706.67
        1.02     0.999463       364687      1861.82
        1.05     0.999512       364707      2048.00
        1.05     0.999536       364718      2155.79
        1.06     0.999561       364727      2275.56
        1.07     0.999585       364731      2409.41
        1.09     0.999609       364743      2560.00
        1.09     0.999634       364754      2730.67
        1.10     0.999658       364761      2925.71
        1.11     0.999683       364766      3150.77
        1.13     0.999707       364776      3413.33
        1.14     0.999731       364783      3723.64
        1.16     0.999756       364795      4096.00
        1.17     0.999768       364799      4311.58
        1.18     0.999780       364803      4551.11
        1.18     0.999792       364809      4818.82
        1.18     0.999805       364809      5120.00
        1.20     0.999817       364816      5461.33
        1.21     0.999829       364820      5851.43
        1.22     0.999841       364824      6301.54
        1.24     0.999854       364830      6826.67
        1.25     0.999866       364836      7447.27
        1.25     0.999878       364836      8192.00
        1.27     0.999884       364838      8623.16
        1.28     0.999890       364841      9102.22
        1.29     0.999896       364843      9637.65
        1.29     0.999902       364845     10240.00
        1.31     0.999908       364847     10922.67
        1.91     0.999915       364849     11702.86
        2.50     0.999921       364852     12603.08
        2.72     0.999927       364854     13653.33
        2.85     0.999933       364856     14894.55
        2.96     0.999939       364858     16384.00
        3.07     0.999942       364859     17246.32
        3.09     0.999945       364861     18204.44
        3.12     0.999948       364864     19275.29
        3.12     0.999951       364864     20480.00
        3.12     0.999954       364864     21845.33
        3.13     0.999957       364866     23405.71
        3.13     0.999960       364866     25206.15
        3.18     0.999963       364868     27306.67
        3.18     0.999966       364868     29789.09
        3.23     0.999969       364869     32768.00
        3.39     0.999971       364871     34492.63
        3.39     0.999973       364871     36408.89
        3.39     0.999974       364871     38550.59
        3.46     0.999976       364872     40960.00
        3.46     0.999977       364872     43690.67
        4.32     0.999979       364873     46811.43
        4.32     0.999980       364873     50412.31
        4.42     0.999982       364874     54613.33
        4.42     0.999983       364874     59578.18
        4.70     0.999985       364875     65536.00
        4.70     0.999986       364875     68985.26
        4.70     0.999986       364875     72817.78
        4.77     0.999987       364876     77101.18
        4.77     0.999988       364876     81920.00
        4.77     0.999989       364876     87381.33
        4.80     0.999989       364877     93622.86
        4.80     0.999990       364877    100824.62
        4.80     0.999991       364877    109226.67
        4.80     0.999992       364877    119156.36
        4.93     0.999992       364879    131072.00
        4.93     0.999993       364879    137970.53
        4.93     0.999993       364879    145635.56
        4.93     0.999994       364879    154202.35
        4.93     0.999994       364879    163840.00
        4.93     0.999994       364879    174762.67
        4.93     0.999995       364879    187245.71
        4.93     0.999995       364879    201649.23
        4.93     0.999995       364879    218453.33
        4.93     0.999996       364879    238312.73
        4.93     0.999996       364879    262144.00
        4.93     0.999996       364879    275941.05
        4.93     0.999997       364879    291271.11
        4.93     0.999997       364879    308404.71
        4.93     0.999997       364879    327680.00
        4.93     0.999997       364879    349525.33
        5.12     0.999997       364880    374491.43
        5.12     1.000000       364880          inf
#[Mean    =        0.657, StdDeviation   =        0.068]
#[Max     =        5.119, Total count    =       364880]
#[Buckets =           20, SubBuckets     =          256]
