       Value   Percentile   TotalCount 1/(1-Percentile)

        0.11     0.000000          160         1.00
        0.18     0.050000       525780         1.05
        0.19     0.100000       960500         1.11
        0.21     0.150000      1890440         1.18
        0.21     0.200000      1890440         1.25
        0.21     0.250000      2497970         1.33
        0.22     0.300000      3253915         1.43
        0.22     0.350000      3253915         1.54
        0.23     0.400000      3893555         1.67
        0.24     0.450000      4286810         1.82
        0.25     0.500000      4593220         2.00
        0.26     0.525000      4808570         2.11
        0.27     0.550000      5199320         2.22
        0.28     0.575000      5476960         2.35
        0.29     0.600000      5822480         2.50
        0.29     0.625000      5822480         2.67
        0.29     0.650000      6225435         2.86
        0.29     0.675000      6225435         3.08
        0.30     0.700000      6634090         3.33
        0.31     0.725000      7040790         3.64
        0.31     0.750000      7040790         4.00
        0.31     0.762500      7040790         4.21
        0.32     0.775000      7443385         4.44
        0.32     0.787500      7443385         4.71
        0.32     0.800000      7443385         5.00
        0.32     0.812500      7443385         5.33
        0.33     0.825000      7809710         5.71
        0.33     0.837500      7809710         6.15
        0.33     0.850000      7809710         6.67
        0.34     0.862500      8127710         7.27
        0.34     0.875000      8127710         8.00
        0.34     0.881250      8127710         8.42
        0.34     0.887500      8369550         8.89
        0.34     0.893750      8369550         9.41
        0.34     0.900000      8369550        10.00
        0.34     0.906250      8369550        10.67
        0.34     0.912500      8369550        11.43
        0.35     0.918750      8522470        12.31
        0.35     0.925000      8522470        13.33
        0.36     0.931250      8592005        14.55
        0.36     0.937500      8592005        16.00
        0.37     0.940625      8620475        16.84
        0.39     0.943750      8646150        17.78
        0.54     0.946875      8673025        18.82
        0.73     0.950000      8700480        20.00
        1.29     0.953125      8729015        21.33
        1.41     0.956250      8758955        22.86
        1.51     0.959375      8786225        24.62
        1.91     0.962500      8815140        26.67
        3.46     0.965625      8843460        29.09
       10.18     0.968750      8872095        32.00
       16.38     0.970313      8887750        33.68
       20.35     0.971875      8915705        35.56
       20.35     0.973437      8915705        37.65
       24.19     0.975000      8936030        40.00
       24.32     0.976562      9050735        42.67
       24.32     0.978125      9050735        45.71
       24.32     0.979688      9050735        49.23
       24.32     0.981250      9050735        53.33
       24.32     0.982812      9050735        58.18
       24.32     0.984375      9050735        64.00
       24.32     0.985156      9050735        67.37
       24.32     0.985938      9050735        71.11
       24.32     0.986719      9050735        75.29
       24.32     0.987500      9050735        80.00
       24.45     0.988281      9120700        85.33
       24.45     0.989062      9120700        91.43
       24.45     0.989844      9120700        98.46
       24.45     0.990625      9120700       106.67
       24.45     0.991406      9120700       116.36
       24.45     0.992188      9120700       128.00
       24.45     0.992578      9120700       134.74
       24.45     0.992969      9120700       142.22
       24.45     0.993359      9120700       150.59
       24.45     0.993750      9120700       160.00
       24.45     0.994141      9120700       170.67
       24.45     0.994531      9120700       182.86
       24.45     0.994922      9120700       196.92
       24.45     0.995313      9120700       213.33
       24.45     0.995703      9120700       232.73
       24.83     0.996094      9122510       256.00
       25.47     0.996289      9124380       269.47
       28.29     0.996484      9139425       284.44
       28.29     0.996680      9139425       301.18
       28.29     0.996875      9139425       320.00
       28.29     0.997070      9139425       341.33
       28.29     0.997266      9139425       365.71
       28.29     0.997461      9139425       393.85
       28.29     0.997656      9139425       426.67
       28.29     0.997852      9139425       465.45
       28.41     0.998047      9151595       512.00
       28.41     0.998145      9151595       538.95
       28.41     0.998242      9151595       568.89
       28.41     0.998340      9151595       602.35
       28.41     0.998437      9151595       640.00
       28.41     0.998535      9151595       682.67
       28.41     0.998633      9151595       731.43
       28.41     0.998730      9151595       787.69
       28.41     0.998828      9151595       853.33
       28.41     0.998926      9151595       930.91
       28.41     0.999023      9151595      1024.00
       28.41     0.999072      9151595      1077.89
       28.41     0.999121      9151595      1137.78
       28.41     0.999170      9151595      1204.71
       28.41     0.999219      9151595      1280.00
       28.41     0.999268      9151595      1365.33
       28.54     0.999316      9151955      1462.86
       28.80     0.999365      9152440      1575.38
       29.18     0.999414      9152950      1706.67
       29.44     0.999463      9153450      1861.82
       31.49     0.999512      9153770      2048.00
       32.26     0.999536      9154775      2155.79
       32.26     0.999561      9154775      2275.56
       32.26     0.999585      9154775      2409.41
       32.26     0.999609      9154775      2560.00
       32.38     0.999634      9156360      2730.67
       32.38     0.999658      9156360      2925.71
       32.38     0.999683      9156360      3150.77
       32.38     0.999707      9156360      3413.33
       32.38     0.999731      9156360      3723.64
       32.38     0.999756      9156360      4096.00
       32.38     0.999768      9156360      4311.58
       32.38     0.999780      9156360      4551.11
       32.38     0.999792      9156360      4818.82
       32.51     0.999805      9156620      5120.00
       32.51     0.999817      9156620      5461.33
       32.64     0.999829      9156705      5851.43
       32.77     0.999841      9156815      6301.54
       33.02     0.999854      9156925      6826.67
       33.28     0.999866      9156995      7447.27
       33.79     0.999878      9157105      8192.00
       36.35     0.999884      9157505      8623.16
       36.35     0.999890      9157505      9102.22
       36.35     0.999896      9157505      9637.65
       36.35     0.999902      9157505     10240.00
       36.35     0.999908      9157505     10922.67
       36.35     0.999915      9157505     11702.86
       36.35     0.999921      9157505     12603.08
       36.61     0.999927      9157660     13653.33
       36.61     0.999933      9157660     14894.55
       36.61     0.999939      9157660     16384.00
       36.86     0.999942      9157725     17246.32
       36.86     0.999945      9157725     18204.44
       37.12     0.999948      9157745     19275.29
       37.38     0.999951      9157790     20480.00
       37.63     0.999954      9157815     21845.33
       40.19     0.999957      9157840     23405.71
       40.45     0.999960      9158095     25206.15
       40.45     0.999963      9158095     27306.67
       40.45     0.999966      9158095     29789.09
       40.45     0.999969      9158095     32768.00
       40.45     0.999971      9158095     34492.63
       40.45     0.999973      9158095     36408.89
       40.45     0.999974      9158095     38550.59
       40.45     0.999976      9158095     40960.00
       40.45     0.999977      9158095     43690.67
       40.45     0.999979      9158095     46811.43
       40.45     0.999980      9158095     50412.31
       40.45     0.999982      9158095     54613.33
       40.45     0.999983      9158095     59578.18
       40.45     0.999985      9158095     65536.00
       40.45     0.999986      9158095     68985.26
       40.45     0.999986      9158095     72817.78
       44.29     0.999987      9158120     77101.18
       44.29     0.999988      9158120     81920.00
       44.29     0.999989      9158120     87381.33
       44.29     0.999989      9158120     93622.86
       44.54     0.999990      9158175    100824.62
       44.54     0.999991      9158175    109226.67
       44.54     0.999992      9158175    119156.36
       44.54     0.999992      9158175    131072.00
       44.54     0.999993      9158175    137970.53
       44.54     0.999993      9158175    145635.56
       44.54     0.999994      9158175    154202.35
       44.54     0.999994      9158175    163840.00
       44.54     0.999994      9158175    174762.67
       44.54     0.999995      9158175    187245.71
       44.54     0.999995      9158175    201649.23
       44.54     0.999995      9158175    218453.33
       48.38     0.999996      9158210    238312.73
       48.38     0.999996      9158210    262144.00
       48.38     0.999996      9158210    275941.05
       48.38     0.999997      9158210    291271.11
       48.38     0.999997      9158210    308404.71
       48.38     0.999997      9158210    327680.00
       48.38     0.999997      9158210    349525.33
       48.38     0.999997      9158210    374491.43
       48.38     0.999998      9158210    403298.46
       48.38     0.999998      9158210    436906.67
       48.38     0.999998      9158210    476625.45
       48.38     0.999998      9158210    524288.00
       48.38     0.999998      9158210    551882.11
       48.38     0.999998      9158210    582542.22
       48.38     0.999998      9158210    616809.41
       48.38     0.999998      9158210    655360.00
       48.38     0.999999      9158210    699050.67
       48.38     0.999999      9158210    748982.86
       48.38     0.999999      9158210    806596.92
       48.38     0.999999      9158210    873813.33
       48.38     0.999999      9158210    953250.91
       48.38     0.999999      9158210   1048576.00
       48.38     0.999999      9158210   1103764.21
       48.38     0.999999      9158210   1165084.44
       48.38     0.999999      9158210   1233618.82
       48.38     0.999999      9158210   1310720.00
       48.38     0.999999      9158210   1398101.33
       48.38     0.999999      9158210   1497965.71
       48.38     0.999999      9158210   1613193.85
       48.38     0.999999      9158210   1747626.67
       48.64     0.999999      9158215   1906501.82
       48.64     1.000000      9158215          inf
#[Mean    =        1.033, StdDeviation   =        4.148]
#[Max     =       48.639, Total count    =      9158215]
#[Buckets =           20, SubBuckets     =          256]
