       Value   Percentile   TotalCount 1/(1-Percentile)

        0.17     0.000000            1         1.00
        0.26     0.050000        32605         1.05
        0.28     0.100000        72482         1.11
        0.31     0.150000        90496         1.18
        0.34     0.200000       134160         1.25
        0.34     0.250000       160368         1.33
        0.35     0.300000       186709         1.43
        0.36     0.350000       214107         1.54
        0.38     0.400000       252578         1.67
        0.39     0.450000       286592         1.82
        0.40     0.500000       318085         2.00
        0.40     0.525000       318085         2.11
        0.41     0.550000       356665         2.22
        0.41     0.575000       356665         2.35
        0.41     0.600000       395575         2.50
        0.41     0.625000       395575         2.67
        0.41     0.650000       395575         2.86
        0.42     0.675000       431990         3.08
        0.42     0.700000       431990         3.33
        0.43     0.725000       463958         3.64
        0.43     0.750000       463958         4.00
        0.43     0.762500       463958         4.21
        0.44     0.775000       486428         4.44
        0.44     0.787500       486428         4.71
        0.44     0.800000       486428         5.00
        0.45     0.812500       498796         5.33
        0.45     0.825000       498796         5.71
        0.46     0.837500       504816         6.15
        0.48     0.850000       512144         6.67
        0.54     0.862500       519288         7.27
        0.56     0.875000       529389         8.00
        0.57     0.881250       540543         8.42
        0.57     0.887500       540543         8.89
        0.57     0.893750       540543         9.41
        0.57     0.900000       555001        10.00
        0.57     0.906250       555001        10.67
        0.57     0.912500       555001        11.43
        0.57     0.918750       555001        12.31
        0.58     0.925000       569958        13.33
        0.58     0.931250       569958        14.55
        0.58     0.937500       569958        16.00
        0.58     0.940625       569958        16.84
        0.58     0.943750       569958        17.78
        0.58     0.946875       569958        18.82
        0.59     0.950000       582333        20.00
        0.59     0.953125       582333        21.33
        0.59     0.956250       582333        22.86
        0.59     0.959375       582333        24.62
        0.59     0.962500       582333        26.67
        0.59     0.965625       582333        29.09
        0.60     0.968750       590388        32.00
        0.60     0.970313       590388        33.68
        0.60     0.971875       590388        35.56
        0.60     0.973437       590388        37.65
        0.60     0.975000       590388        40.00
        0.60     0.976562       590388        42.67
        0.60     0.978125       590388        45.71
        0.60     0.979688       590388        49.23
        0.61     0.981250       594646        53.33
        0.61     0.982812       594646        58.18
        0.61     0.984375       594646        64.00
        0.61     0.985156       594646        67.37
        0.61     0.985938       594646        71.11
        0.61     0.986719       594646        75.29
        0.61     0.987500       594646        80.00
        0.61     0.988281       594646        85.33
        0.61     0.989062       596757        91.43
        0.61     0.989844       596757        98.46
        0.61     0.990625       596757       106.67
        0.61     0.991406       596757       116.36
        0.62     0.992188       597896       128.00
        0.62     0.992578       597896       134.74
        0.62     0.992969       597896       142.22
        0.62     0.993359       597896       150.59
        0.63     0.993750       598690       160.00
        0.63     0.994141       598690       170.67
        0.63     0.994531       598690       182.86
        0.63     0.994922       598690       196.92
        0.64     0.995313       599264       213.33
        0.64     0.995703       599264       232.73
        0.65     0.996094       599674       256.00
        0.65     0.996289       599674       269.47
        0.65     0.996484       599674       284.44
        0.66     0.996680       600000       301.18
        0.66     0.996875       600000       320.00
        0.66     0.997070       600000       341.33
        0.66     0.997266       600299       365.71
        0.66     0.997461       600299       393.85
        0.66     0.997656       600299       426.67
        0.67     0.997852       600557       465.45
        0.67     0.998047       600557       512.00
        0.68     0.998145       600829       538.95
        0.68     0.998242       600829       568.89
        0.68     0.998340       600829       602.35
        0.68     0.998437       600829       640.00
        0.68     0.998535       600829       682.67
        0.69     0.998633       601047       731.43
        0.69     0.998730       601047       787.69
        0.69     0.998828       601047       853.33
        0.69     0.998926       601047       930.91
        0.69     0.999023       601239      1024.00
        0.69     0.999072       601239      1077.89
        0.69     0.999121       601239      1137.78
        0.69     0.999170       601239      1204.71
        0.69     0.999219       601239      1280.00
        0.70     0.999268       601365      1365.33
        0.70     0.999316       601365      1462.86
        0.70     0.999365       601365      1575.38
        0.70     0.999414       601365      1706.67
        0.70     0.999463       601365      1861.82
        0.71     0.999512       601465      2048.00
        0.71     0.999536       601465      2155.79
        0.71     0.999561       601465      2275.56
        0.71     0.999585       601465      2409.41
        0.71     0.999609       601465      2560.00
        0.72     0.999634       601523      2730.67
        0.72     0.999658       601523      2925.71
        0.72     0.999683       601523      3150.77
        0.72     0.999707       601523      3413.33
        0.73     0.999731       601571      3723.64
        0.73     0.999756       601571      4096.00
        0.73     0.999768       601571      4311.58
        0.73     0.999780       601571      4551.11
        0.73     0.999792       601571      4818.82
        0.73     0.999805       601571      5120.00
        0.73     0.999817       601591      5461.33
        0.73     0.999829       601591      5851.43
        0.74     0.999841       601600      6301.54
        0.74     0.999854       601600      6826.67
        0.75     0.999866       601608      7447.27
        0.77     0.999878       601616      8192.00
        0.78     0.999884       601623      8623.16
        0.78     0.999890       601623      9102.22
        0.81     0.999896       601627      9637.65
        0.83     0.999902       601630     10240.00
        1.18     0.999908       601633     10922.67
        1.44     0.999915       601639     11702.86
        1.53     0.999921       601641     12603.08
        1.81     0.999927       601644     13653.33
        2.45     0.999933       601648     14894.55
        2.61     0.999939       601654     16384.00
        2.61     0.999942       601654     17246.32
        2.62     0.999945       601655     18204.44
        2.69     0.999948       601659     19275.29
        2.69     0.999951       601659     20480.00
        2.73     0.999954       601662     21845.33
        2.83     0.999957       601663     23405.71
        3.04     0.999960       601666     25206.15
        3.04     0.999963       601666     27306.67
        3.07     0.999966       601668     29789.09
        3.17     0.999969       601670     32768.00
        3.18     0.999971       601671     34492.63
        3.20     0.999973       601673     36408.89
        3.20     0.999974       601673     38550.59
        3.34     0.999976       601674     40960.00
        3.42     0.999977       601675     43690.67
        3.46     0.999979       601676     46811.43
        3.55     0.999980       601677     50412.31
        3.55     0.999982       601677     54613.33
        3.58     0.999983       601678     59578.18
        3.62     0.999985       601679     65536.00
        3.65     0.999986       601682     68985.26
        3.65     0.999986       601682     72817.78
        3.65     0.999987       601682     77101.18
        3.65     0.999988       601682     81920.00
        3.65     0.999989       601682     87381.33
        3.65     0.999989       601682     93622.86
        3.68     0.999990       601683    100824.62
        3.68     0.999991       601683    109226.67
        3.68     0.999992       601683    119156.36
        3.69     0.999992       601684    131072.00
        3.69     0.999993       601684    137970.53
        3.69     0.999993       601684    145635.56
        3.73     0.999994       601685    154202.35
        3.73     0.999994       601685    163840.00
        3.73     0.999994       601685    174762.67
        3.73     0.999995       601685    187245.71
        3.79     0.999995       601686    201649.23
        3.79     0.999995       601686    218453.33
        3.79     0.999996       601686    238312.73
        3.79     0.999996       601686    262144.00
        3.79     0.999996       601686    275941.05
        3.79     0.999997       601686    291271.11
        3.84     0.999997       601687    308404.71
        3.84     0.999997       601687    327680.00
        3.84     0.999997       601687    349525.33
        3.84     0.999997       601687    374491.43
        3.84     0.999998       601687    403298.46
        3.84     0.999998       601687    436906.67
        3.84     0.999998       601687    476625.45
        3.84     0.999998       601687    524288.00
        3.84     0.999998       601687    551882.11
        3.84     0.999998       601687    582542.22
        3.87     0.999998       601688    616809.41
        3.87     1.000000       601688          inf
#[Mean    =        0.399, StdDeviation   =        0.095]
#[Max     =        3.871, Total count    =       601688]
#[Buckets =           20, SubBuckets     =          256]
