       Value   Percentile   TotalCount 1/(1-Percentile)

        0.18     0.000000            2         1.00
        0.46     0.050000        19205         1.05
        0.49     0.100000        37338         1.11
        0.54     0.150000        54764         1.18
        0.57     0.200000        72128         1.25
        0.58     0.250000        89154         1.33
        0.60     0.300000       110393         1.43
        0.61     0.350000       130655         1.54
        0.63     0.400000       145902         1.67
        0.66     0.450000       162265         1.82
        0.68     0.500000       182422         2.00
        0.69     0.525000       191292         2.11
        0.69     0.550000       201106         2.22
        0.70     0.575000       211657         2.35
        0.71     0.600000       222432         2.50
        0.71     0.625000       222432         2.67
        0.72     0.650000       233428         2.86
        0.73     0.675000       244395         3.08
        0.73     0.700000       254770         3.33
        0.74     0.725000       264334         3.64
        0.75     0.750000       272911         4.00
        0.75     0.762500       272911         4.21
        0.76     0.775000       280279         4.44
        0.76     0.787500       280279         4.71
        0.77     0.800000       286264         5.00
        0.78     0.812500       290841         5.33
        0.78     0.825000       294491         5.71
        0.79     0.837500       297168         6.15
        0.81     0.850000       300283         6.67
        0.88     0.862500       305107         7.27
        0.91     0.875000       310081         8.00
        0.92     0.881250       312291         8.42
        0.93     0.887500       314974         8.89
        0.94     0.893750       318025         9.41
        0.94     0.900000       318025        10.00
        0.94     0.906250       321461        10.67
        0.95     0.912500       325317        11.43
        0.95     0.918750       325317        12.31
        0.96     0.925000       329322        13.33
        0.96     0.931250       329322        14.55
        0.97     0.937500       333247        16.00
        0.97     0.940625       333247        16.84
        0.97     0.943750       337108        17.78
        0.97     0.946875       337108        18.82
        0.97     0.950000       337108        20.00
        0.97     0.953125       337108        21.33
        0.98     0.956250       340668        22.86
        0.98     0.959375       340668        24.62
        0.98     0.962500       340668        26.67
        0.99     0.965625       343774        29.09
        0.99     0.968750       343774        32.00
        0.99     0.970313       343774        33.68
        0.99     0.971875       343774        35.56
        1.00     0.973437       346365        37.65
        1.00     0.975000       346365        40.00
        1.00     0.976562       346365        42.67
        1.00     0.978125       346365        45.71
        1.00     0.979688       346365        49.23
        1.01     0.981250       348340        53.33
        1.01     0.982812       348340        58.18
        1.01     0.984375       348340        64.00
        1.01     0.985156       348340        67.37
        1.01     0.985938       348340        71.11
        1.01     0.986719       349800        75.29
        1.01     0.987500       349800        80.00
        1.01     0.988281       349800        85.33
        1.01     0.989062       349800        91.43
        1.01     0.989844       349800        98.46
        1.02     0.990625       350882       106.67
        1.02     0.991406       350882       116.36
        1.02     0.992188       350882       128.00
        1.02     0.992578       350882       134.74
        1.02     0.992969       350882       142.22
        1.02     0.993359       350882       150.59
        1.03     0.993750       351593       160.00
        1.03     0.994141       351593       170.67
        1.03     0.994531       351593       182.86
        1.03     0.994922       351593       196.92
        1.03     0.995313       351593       213.33
        1.04     0.995703       352087       232.73
        1.04     0.996094       352087       256.00
        1.04     0.996289       352087       269.47
        1.04     0.996484       352087       284.44
        1.04     0.996680       352087       301.18
        1.04     0.996875       352087       320.00
        1.05     0.997070       352387       341.33
        1.05     0.997266       352387       365.71
        1.05     0.997461       352387       393.85
        1.05     0.997656       352387       426.67
        1.05     0.997852       352585       465.45
        1.05     0.998047       352585       512.00
        1.05     0.998145       352585       538.95
        1.05     0.998242       352585       568.89
        1.05     0.998340       352585       602.35
        1.06     0.998437       352728       640.00
        1.06     0.998535       352728       682.67
        1.06     0.998633       352728       731.43
        1.06     0.998730       352728       787.69
        1.07     0.998828       352835       853.33
        1.07     0.998926       352835       930.91
        1.07     0.999023       352835      1024.00
        1.08     0.999072       352902      1077.89
        1.08     0.999121       352902      1137.78
        1.08     0.999170       352902      1204.71
        1.08     0.999219       352902      1280.00
        1.09     0.999268       352968      1365.33
        1.09     0.999316       352968      1462.86
        1.09     0.999365       352968      1575.38
        1.09     0.999414       352968      1706.67
        1.09     0.999463       352999      1861.82
        1.09     0.999512       352999      2048.00
        1.10     0.999536       353026      2155.79
        1.10     0.999561       353026      2275.56
        1.10     0.999585       353026      2409.41
        1.11     0.999609       353042      2560.00
        1.11     0.999634       353042      2730.67
        1.12     0.999658       353054      2925.71
        1.13     0.999683       353064      3150.77
        1.14     0.999707       353070      3413.33
        1.14     0.999731       353076      3723.64
        1.16     0.999756       353089      4096.00
        1.16     0.999768       353089      4311.58
        1.17     0.999780       353096      4551.11
        1.17     0.999792       353096      4818.82
        1.18     0.999805       353102      5120.00
        1.20     0.999817       353108      5461.33
        1.21     0.999829       353113      5851.43
        1.21     0.999841       353113      6301.54
        1.22     0.999854       353119      6826.67
        1.22     0.999866       353122      7447.27
        1.23     0.999878       353129      8192.00
        1.23     0.999884       353129      8623.16
        1.24     0.999890       353132      9102.22
        1.25     0.999896       353135      9637.65
        1.25     0.999902       353135     10240.00
        1.26     0.999908       353138     10922.67
        1.27     0.999915       353141     11702.86
        1.27     0.999921       353141     12603.08
        1.29     0.999927       353145     13653.33
        1.29     0.999933       353148     14894.55
        1.29     0.999939       353148     16384.00
        1.30     0.999942       353152     17246.32
        1.30     0.999945       353152     18204.44
        1.30     0.999948       353152     19275.29
        1.30     0.999951       353152     20480.00
        1.32     0.999954       353153     21845.33
        1.33     0.999957       353155     23405.71
        1.33     0.999960       353155     25206.15
        1.36     0.999963       353157     27306.67
        1.38     0.999966       353158     29789.09
        1.39     0.999969       353159     32768.00
        1.39     0.999971       353159     34492.63
        1.41     0.999973       353160     36408.89
        1.41     0.999974       353160     38550.59
        1.42     0.999976       353161     40960.00
        1.42     0.999977       353161     43690.67
        1.42     0.999979       353162     46811.43
        1.42     0.999980       353162     50412.31
        1.44     0.999982       353163     54613.33
        1.45     0.999983       353164     59578.18
        1.45     0.999985       353164     65536.00
        1.45     0.999986       353164     68985.26
        1.46     0.999986       353166     72817.78
        1.46     0.999987       353166     77101.18
        1.46     0.999988       353166     81920.00
        1.46     0.999989       353166     87381.33
        1.46     0.999989       353166     93622.86
        1.46     0.999990       353166    100824.62
        1.46     0.999991       353166    109226.67
        1.48     0.999992       353167    119156.36
        1.48     0.999992       353167    131072.00
        1.48     0.999993       353167    137970.53
        1.48     0.999993       353167    145635.56
        1.48     0.999994       353167    154202.35
        1.48     0.999994       353167    163840.00
        1.48     0.999994       353167    174762.67
        1.74     0.999995       353168    187245.71
        1.74     0.999995       353168    201649.23
        1.74     0.999995       353168    218453.33
        1.74     0.999996       353168    238312.73
        1.74     0.999996       353168    262144.00
        1.74     0.999996       353168    275941.05
        1.74     0.999997       353168    291271.11
        1.74     0.999997       353168    308404.71
        1.74     0.999997       353168    327680.00
        1.74     0.999997       353168    349525.33
        1.81     0.999997       353169    374491.43
        1.81     1.000000       353169          inf
#[Mean    =        0.679, StdDeviation   =        0.147]
#[Max     =        1.815, Total count    =       353169]
#[Buckets =           20, SubBuckets     =          256]
