       Value   Percentile   TotalCount 1/(1-Percentile)

        0.06     0.000000            5         1.00
        0.15     0.050000       852195         1.05
        0.41     0.100000      1663900         1.11
        0.46     0.150000      2451405         1.18
        0.53     0.200000      3277060         1.25
        0.56     0.250000      4452265         1.33
        0.57     0.300000      6569765         1.43
        0.57     0.350000      6569765         1.54
        0.57     0.400000      6569765         1.67
        0.57     0.450000      9366725         1.82
        0.57     0.500000      9366725         2.00
        0.57     0.525000      9366725         2.11
        0.57     0.550000      9366725         2.22
        0.57     0.575000      9366725         2.35
        0.58     0.600000     11133790         2.50
        0.58     0.625000     11133790         2.67
        0.58     0.650000     11133790         2.86
        0.58     0.675000     11133790         3.08
        0.59     0.700000     11985130         3.33
        0.59     0.725000     11985130         3.64
        0.60     0.750000     12485050         4.00
        0.60     0.762500     12485050         4.21
        0.60     0.775000     12485050         4.44
        0.61     0.787500     12827135         4.71
        0.61     0.800000     13094755         5.00
        0.61     0.812500     13094755         5.33
        0.62     0.825000     13319710         5.71
        0.63     0.837500     13503175         6.15
        0.65     0.850000     13774515         6.67
        0.66     0.862500     13955145         7.27
        0.68     0.875000     14124355         8.00
        0.69     0.881250     14208590         8.42
        0.69     0.887500     14284960         8.89
        0.70     0.893750     14386890         9.41
        0.71     0.900000     14519585        10.00
        0.72     0.906250     14651330        10.67
        0.73     0.912500     14758305        11.43
        0.73     0.918750     14837950        12.31
        0.74     0.925000     14910215        13.33
        0.76     0.931250     15033995        14.55
        0.77     0.937500     15086495        16.00
        0.78     0.940625     15134995        16.84
        0.79     0.943750     15219490        17.78
        0.80     0.946875     15260340        18.82
        0.81     0.950000     15299205        20.00
        0.81     0.953125     15338770        21.33
        0.83     0.956250     15415135        22.86
        0.84     0.959375     15453225        24.62
        0.85     0.962500     15492160        26.67
        0.86     0.965625     15571300        29.09
        0.87     0.968750     15610775        32.00
        0.87     0.970313     15610775        33.68
        0.88     0.971875     15648080        35.56
        0.89     0.973437     15683410        37.65
        0.90     0.975000     15717755        40.00
        0.90     0.976562     15717755        42.67
        0.90     0.978125     15749010        45.71
        0.91     0.979688     15778415        49.23
        0.92     0.981250     15804815        53.33
        0.93     0.982812     15828825        58.18
        0.94     0.984375     15850325        64.00
        0.94     0.985156     15850325        67.37
        0.94     0.985938     15867520        71.11
        0.95     0.986719     15881985        75.29
        0.96     0.987500     15893420        80.00
        0.97     0.988281     15902915        85.33
        0.97     0.989062     15911445        91.43
        0.99     0.989844     15924030        98.46
        1.01     0.990625     15936085       106.67
        1.06     0.991406     15950550       116.36
        1.12     0.992188     15961220       128.00
        1.17     0.992578     15968835       134.74
        1.21     0.992969     15974775       142.22
        1.27     0.993359     15980275       150.59
        1.35     0.993750     15986730       160.00
        1.42     0.994141     15993100       170.67
        1.50     0.994531     15999025       182.86
        1.61     0.994922     16005395       196.92
        1.85     0.995313     16011505       213.33
        2.24     0.995703     16017810       232.73
        2.85     0.996094     16024290       256.00
        3.21     0.996289     16027205       269.47
        3.62     0.996484     16030455       284.44
        4.09     0.996680     16033545       301.18
        4.61     0.996875     16036875       320.00
        5.12     0.997070     16039925       341.33
        5.73     0.997266     16043085       365.71
        6.40     0.997461     16046145       393.85
        6.91     0.997656     16049260       426.67
        7.52     0.997852     16052480       465.45
        8.19     0.998047     16055635       512.00
        8.51     0.998145     16057220       538.95
        8.89     0.998242     16058730       568.89
        9.41     0.998340     16060260       602.35
        9.92     0.998437     16061910       640.00
       10.49     0.998535     16063445       682.67
       11.39     0.998633     16065040       731.43
       12.35     0.998730     16066565       787.69
       13.25     0.998828     16068060       853.33
       14.46     0.998926     16069635       930.91
       15.42     0.999023     16071250      1024.00
       15.94     0.999072     16071995      1077.89
       16.19     0.999121     16072760      1137.78
       16.51     0.999170     16073775      1204.71
       17.02     0.999219     16074455      1280.00
       17.66     0.999268     16075125      1365.33
       18.56     0.999316     16075945      1462.86
       20.09     0.999365     16076720      1575.38
       20.22     0.999414     16077475      1706.67
       21.12     0.999463     16078365      1861.82
       22.53     0.999512     16079065      2048.00
       23.42     0.999536     16079485      2155.79
       24.06     0.999561     16079860      2275.56
       24.19     0.999585     16083005      2409.41
       24.19     0.999609     16083005      2560.00
       24.19     0.999634     16083005      2730.67
       24.19     0.999658     16083005      2925.71
       24.19     0.999683     16083005      3150.77
       24.19     0.999707     16083005      3413.33
       24.19     0.999731     16083005      3723.64
       24.19     0.999756     16083005      4096.00
       24.32     0.999768     16083810      4311.58
       24.32     0.999780     16083810      4551.11
       24.32     0.999792     16083810      4818.82
       24.32     0.999805     16083810      5120.00
       24.45     0.999817     16084175      5461.33
       24.45     0.999829     16084175      5851.43
       24.70     0.999841     16084490      6301.54
       24.83     0.999854     16084550      6826.67
       25.34     0.999866     16084745      7447.27
       26.11     0.999878     16084935      8192.00
       26.50     0.999884     16085030      8623.16
       27.01     0.999890     16085140      9102.22
       27.39     0.999896     16085270      9637.65
       28.16     0.999902     16085635     10240.00
       28.16     0.999908     16085635     10922.67
       28.16     0.999915     16085635     11702.86
       28.16     0.999921     16085635     12603.08
       28.29     0.999927     16086050     13653.33
       28.29     0.999933     16086050     14894.55
       28.29     0.999939     16086050     16384.00
       28.29     0.999942     16086050     17246.32
       28.29     0.999945     16086050     18204.44
       28.41     0.999948     16086175     19275.29
       28.41     0.999951     16086175     20480.00
       28.41     0.999954     16086175     21845.33
       28.54     0.999957     16086215     23405.71
       28.80     0.999960     16086270     25206.15
       29.18     0.999963     16086350     27306.67
       29.31     0.999966     16086400     29789.09
       29.44     0.999969     16086420     32768.00
       29.95     0.999971     16086450     34492.63
       30.08     0.999973     16086495     36408.89
       30.08     0.999974     16086495     38550.59
       30.72     0.999976     16086555     40960.00
       30.72     0.999977     16086555     43690.67
       30.72     0.999979     16086555     46811.43
       30.85     0.999980     16086580     50412.31
       31.49     0.999982     16086610     54613.33
       31.87     0.999983     16086660     59578.18
       31.87     0.999985     16086660     65536.00
       32.13     0.999986     16086700     68985.26
       32.13     0.999986     16086700     72817.78
       32.13     0.999987     16086700     77101.18
       32.13     0.999988     16086700     81920.00
       32.26     0.999989     16086780     87381.33
       32.26     0.999989     16086780     93622.86
       32.26     0.999990     16086780    100824.62
       32.26     0.999991     16086780    109226.67
       32.26     0.999992     16086780    119156.36
       32.26     0.999992     16086780    131072.00
       32.26     0.999993     16086780    137970.53
       32.38     0.999993     16086835    145635.56
       32.38     0.999994     16086835    154202.35
       32.38     0.999994     16086835    163840.00
       32.38     0.999994     16086835    174762.67
       32.38     0.999995     16086835    187245.71
       32.38     0.999995     16086835    201649.23
       32.38     0.999995     16086835    218453.33
       32.38     0.999996     16086835    238312.73
       32.38     0.999996     16086835    262144.00
       32.51     0.999996     16086855    275941.05
       32.51     0.999997     16086855    291271.11
       32.51     0.999997     16086855    308404.71
       32.51     0.999997     16086855    327680.00
       32.51     0.999997     16086855    349525.33
       32.51     0.999997     16086855    374491.43
       40.19     0.999998     16086895    403298.46
       40.19     1.000000     16086895          inf
#[Mean    =        0.595, StdDeviation   =        0.802]
#[Max     =       40.191, Total count    =     16086895]
#[Buckets =           20, SubBuckets     =          256]
