       Value   Percentile   TotalCount 1/(1-Percentile)

        0.07     0.000000           10         1.00
        0.35     0.050000       970450         1.05
        0.67     0.100000      2050710         1.11
        0.71     0.150000      2914920         1.18
        0.83     0.200000      3939580         1.25
        0.93     0.250000      4874850         1.33
        0.97     0.300000      5988720         1.43
        1.00     0.350000      7253830         1.54
        1.01     0.400000      7839770         1.67
        1.02     0.450000      9273340         1.82
        1.03     0.500000     10106600         2.00
        1.04     0.525000     10999350         2.11
        1.04     0.550000     10999350         2.22
        1.05     0.575000     11927350         2.35
        1.05     0.600000     11927350         2.50
        1.05     0.625000     12860920         2.67
        1.05     0.650000     12860920         2.86
        1.06     0.675000     13778390         3.08
        1.06     0.700000     13778390         3.33
        1.07     0.725000     14639650         3.64
        1.07     0.750000     14639650         4.00
        1.08     0.762500     15413420         4.21
        1.08     0.775000     15413420         4.44
        1.08     0.787500     15413420         4.71
        1.09     0.800000     16074360         5.00
        1.09     0.812500     16074360         5.33
        1.09     0.825000     16074360         5.71
        1.09     0.837500     16623840         6.15
        1.09     0.850000     16623840         6.67
        1.10     0.862500     17062630         7.27
        1.10     0.875000     17062630         8.00
        1.10     0.881250     17062630         8.42
        1.11     0.887500     17386880         8.89
        1.11     0.893750     17386880         9.41
        1.12     0.900000     17617950        10.00
        1.12     0.906250     17617950        10.67
        1.13     0.912500     17774580        11.43
        1.14     0.918750     17879190        12.31
        1.14     0.925000     17950000        13.33
        1.16     0.931250     18029110        14.55
        1.22     0.937500     18150030        16.00
        1.25     0.940625     18205570        16.84
        1.29     0.943750     18268720        17.78
        1.33     0.946875     18327360        18.82
        1.39     0.950000     18387120        20.00
        1.44     0.953125     18452860        21.33
        1.46     0.956250     18501840        22.86
        1.49     0.959375     18569380        24.62
        1.50     0.962500     18626190        26.67
        1.52     0.965625     18687960        29.09
        1.53     0.968750     18755990        32.00
        1.54     0.970313     18792180        33.68
        1.55     0.971875     18827940        35.56
        1.56     0.973437     18864580        37.65
        1.56     0.975000     18864580        40.00
        1.57     0.976562     18900800        42.67
        1.57     0.978125     18936560        45.71
        1.58     0.979688     18970110        49.23
        1.59     0.981250     19001450        53.33
        1.60     0.982812     19031480        58.18
        1.61     0.984375     19059240        64.00
        1.61     0.985156     19084840        67.37
        1.61     0.985938     19084840        71.11
        1.62     0.986719     19107210        75.29
        1.62     0.987500     19107210        80.00
        1.63     0.988281     19127240        85.33
        1.64     0.989062     19144060        91.43
        1.65     0.989844     19157660        98.46
        1.66     0.990625     19168290       106.67
        1.67     0.991406     19184920       116.36
        1.70     0.992188     19197690       128.00
        1.72     0.992578     19204880       134.74
        1.76     0.992969     19212320       142.22
        1.80     0.993359     19219870       150.59
        1.85     0.993750     19227410       160.00
        1.90     0.994141     19234590       170.67
        1.96     0.994531     19242270       182.86
        2.04     0.994922     19249430       196.92
        2.13     0.995313     19257350       213.33
        2.25     0.995703     19264470       232.73
        2.58     0.996094     19271950       256.00
        2.78     0.996289     19275590       269.47
        3.01     0.996484     19279460       284.44
        3.26     0.996680     19283190       301.18
        3.57     0.996875     19286900       320.00
        3.89     0.997070     19290840       341.33
        4.22     0.997266     19294700       365.71
        4.61     0.997461     19298450       393.85
        5.09     0.997656     19302400       426.67
        5.50     0.997852     19305920       465.45
        6.08     0.998047     19309650       512.00
        6.46     0.998145     19311740       538.95
        6.72     0.998242     19313400       568.89
        6.94     0.998340     19315340       602.35
        7.29     0.998437     19317340       640.00
        7.58     0.998535     19319220       682.67
        8.00     0.998633     19321100       731.43
        8.32     0.998730     19323120       787.69
        8.64     0.998828     19324880       853.33
        8.96     0.998926     19326930       930.91
        9.21     0.999023     19328670      1024.00
        9.54     0.999072     19329640      1077.89
        9.79     0.999121     19330470      1137.78
       10.05     0.999170     19331400      1204.71
       10.43     0.999219     19332300      1280.00
       10.81     0.999268     19333210      1365.33
       11.65     0.999316     19334240      1462.86
       12.22     0.999365     19335130      1575.38
       12.86     0.999414     19336020      1706.67
       13.82     0.999463     19337090      1861.82
       14.72     0.999512     19337910      2048.00
       15.29     0.999536     19338420      2155.79
       15.68     0.999561     19338880      2275.56
       16.25     0.999585     19339450      2409.41
       16.51     0.999609     19339840      2560.00
       16.89     0.999634     19340360      2730.67
       17.28     0.999658     19340840      2925.71
       17.66     0.999683     19341210      3150.77
       18.43     0.999707     19341710      3413.33
       19.45     0.999731     19342200      3723.64
       20.61     0.999756     19342770      4096.00
       20.73     0.999768     19342930      4311.58
       21.25     0.999780     19343120      4551.11
       21.50     0.999792     19343420      4818.82
       22.14     0.999805     19343610      5120.00
       22.66     0.999817     19343820      5461.33
       24.06     0.999829     19344100      5851.43
       24.19     0.999841     19344350      6301.54
       24.32     0.999854     19344590      6826.67
       24.45     0.999866     19344810      7447.27
       24.70     0.999878     19345130      8192.00
       24.70     0.999884     19345130      8623.16
       24.83     0.999890     19345250      9102.22
       25.09     0.999896     19345470      9637.65
       25.09     0.999902     19345470     10240.00
       26.62     0.999908     19345590     10922.67
       27.01     0.999915     19345760     11702.86
       27.26     0.999921     19345880     12603.08
       27.52     0.999927     19345950     13653.33
       28.03     0.999933     19346060     14894.55
       28.16     0.999939     19346200     16384.00
       28.29     0.999942     19346410     17246.32
       28.29     0.999945     19346410     18204.44
       28.29     0.999948     19346410     19275.29
       28.29     0.999951     19346410     20480.00
       28.41     0.999954     19346470     21845.33
       28.67     0.999957     19346600     23405.71
       28.67     0.999960     19346600     25206.15
       28.80     0.999963     19346660     27306.67
       28.93     0.999966     19346710     29789.09
       29.95     0.999969     19346790     32768.00
       29.95     0.999971     19346790     34492.63
       30.46     0.999973     19346870     36408.89
       30.46     0.999974     19346870     38550.59
       31.36     0.999976     19346900     40960.00
       31.49     0.999977     19346930     43690.67
       31.61     0.999979     19346950     46811.43
       31.87     0.999980     19346980     50412.31
       32.13     0.999982     19347000     54613.33
       32.26     0.999983     19347080     59578.18
       32.26     0.999985     19347080     65536.00
       32.26     0.999986     19347080     68985.26
       32.38     0.999986     19347100     72817.78
       32.38     0.999987     19347100     77101.18
       32.51     0.999988     19347170     81920.00
       32.51     0.999989     19347170     87381.33
       32.51     0.999989     19347170     93622.86
       32.51     0.999990     19347170    100824.62
       32.64     0.999991     19347200    109226.67
       32.64     0.999992     19347200    119156.36
       32.77     0.999992     19347270    131072.00
       32.77     0.999993     19347270    137970.53
       32.77     0.999993     19347270    145635.56
       32.77     0.999994     19347270    154202.35
       32.77     0.999994     19347270    163840.00
       32.77     0.999994     19347270    174762.67
       32.77     0.999995     19347270    187245.71
       32.77     0.999995     19347270    201649.23
       32.77     0.999995     19347270    218453.33
       32.77     0.999996     19347270    238312.73
       36.35     0.999996     19347350    262144.00
       36.35     1.000000     19347350          inf
#[Mean    =        0.990, StdDeviation   =        0.634]
#[Max     =       36.351, Total count    =     19347350]
#[Buckets =           20, SubBuckets     =          256]
