       Value   Percentile   TotalCount 1/(1-Percentile)

        0.14     0.000000            1         1.00
        0.19     0.050000        60477         1.05
        0.20     0.100000        96502         1.11
        0.21     0.150000       138484         1.18
        0.23     0.200000       173980         1.25
        0.25     0.250000       238066         1.33
        0.26     0.300000       263488         1.43
        0.26     0.350000       292607         1.54
        0.27     0.400000       336886         1.67
        0.29     0.450000       395840         1.82
        0.29     0.500000       441518         2.00
        0.29     0.525000       441518         2.11
        0.30     0.550000       502460         2.22
        0.30     0.575000       502460         2.35
        0.30     0.600000       502460         2.50
        0.31     0.625000       553238         2.67
        0.31     0.650000       553238         2.86
        0.32     0.675000       600359         3.08
        0.32     0.700000       600359         3.33
        0.32     0.725000       600359         3.64
        0.33     0.750000       650075         4.00
        0.33     0.762500       650075         4.21
        0.33     0.775000       650075         4.44
        0.34     0.787500       683717         4.71
        0.34     0.800000       683717         5.00
        0.34     0.812500       683717         5.33
        0.34     0.825000       683717         5.71
        0.34     0.837500       699881         6.15
        0.35     0.850000       705872         6.67
        0.38     0.862500       715677         7.27
        0.40     0.875000       726867         8.00
        0.41     0.881250       733896         8.42
        0.41     0.887500       733896         8.89
        0.41     0.893750       746799         9.41
        0.41     0.900000       746799        10.00
        0.42     0.906250       769752        10.67
        0.42     0.912500       769752        11.43
        0.42     0.918750       769752        12.31
        0.42     0.925000       769752        13.33
        0.42     0.931250       769752        14.55
        0.43     0.937500       796502        16.00
        0.43     0.940625       796502        16.84
        0.43     0.943750       796502        17.78
        0.43     0.946875       796502        18.82
        0.43     0.950000       796502        20.00
        0.43     0.953125       796502        21.33
        0.43     0.956250       796502        22.86
        0.43     0.959375       796502        24.62
        0.43     0.962500       796502        26.67
        0.44     0.965625       815121        29.09
        0.44     0.968750       815121        32.00
        0.44     0.970313       815121        33.68
        0.44     0.971875       815121        35.56
        0.44     0.973437       815121        37.65
        0.44     0.975000       815121        40.00
        0.44     0.976562       815121        42.67
        0.44     0.978125       815121        45.71
        0.44     0.979688       815121        49.23
        0.44     0.981250       815121        53.33
        0.44     0.982812       815121        58.18
        0.44     0.984375       815121        64.00
        0.44     0.985156       815121        67.37
        0.44     0.985938       815121        71.11
        0.44     0.986719       815121        75.29
        0.45     0.987500       822894        80.00
        0.45     0.988281       822894        85.33
        0.45     0.989062       822894        91.43
        0.45     0.989844       822894        98.46
        0.45     0.990625       822894       106.67
        0.45     0.991406       822894       116.36
        0.45     0.992188       822894       128.00
        0.45     0.992578       822894       134.74
        0.45     0.992969       822894       142.22
        0.45     0.993359       822894       150.59
        0.45     0.993750       822894       160.00
        0.45     0.994141       822894       170.67
        0.45     0.994531       822894       182.86
        0.45     0.994922       822894       196.92
        0.45     0.995313       822894       213.33
        0.45     0.995703       822894       232.73
        0.45     0.996094       822894       256.00
        0.46     0.996289       824842       269.47
        0.46     0.996484       824842       284.44
        0.46     0.996680       824842       301.18
        0.46     0.996875       824842       320.00
        0.46     0.997070       824842       341.33
        0.46     0.997266       824842       365.71
        0.46     0.997461       824842       393.85
        0.46     0.997656       824842       426.67
        0.46     0.997852       824842       465.45
        0.46     0.998047       824842       512.00
        0.46     0.998145       824842       538.95
        0.46     0.998242       824842       568.89
        0.46     0.998340       824842       602.35
        0.46     0.998437       824842       640.00
        0.46     0.998535       824842       682.67
        0.46     0.998633       825279       731.43
        0.46     0.998730       825279       787.69
        0.46     0.998828       825279       853.33
        0.46     0.998926       825279       930.91
        0.46     0.999023       825279      1024.00
        0.46     0.999072       825279      1077.89
        0.47     0.999121       825484      1137.78
        0.47     0.999170       825484      1204.71
        0.47     0.999219       825484      1280.00
        0.47     0.999268       825484      1365.33
        0.47     0.999316       825484      1462.86
        0.48     0.999365       825606      1575.38
        0.48     0.999414       825606      1706.67
        0.48     0.999463       825606      1861.82
        0.49     0.999512       825669      2048.00
        0.49     0.999536       825669      2155.79
        0.49     0.999561       825669      2275.56
        0.49     0.999585       825699      2409.41
        0.49     0.999609       825699      2560.00
        0.50     0.999634       825727      2730.67
        0.51     0.999658       825746      2925.71
        0.52     0.999683       825768      3150.77
        0.53     0.999707       825784      3413.33
        0.54     0.999731       825821      3723.64
        0.54     0.999756       825821      4096.00
        0.55     0.999768       825833      4311.58
        0.56     0.999780       825847      4551.11
        0.57     0.999792       825858      4818.82
        0.57     0.999805       825869      5120.00
        0.58     0.999817       825882      5461.33
        0.58     0.999829       825882      5851.43
        0.60     0.999841       825896      6301.54
        0.61     0.999854       825909      6826.67
        0.61     0.999866       825916      7447.27
        0.62     0.999878       825922      8192.00
        0.63     0.999884       825932      8623.16
        0.63     0.999890       825932      9102.22
        0.64     0.999896       825939      9637.65
        0.65     0.999902       825943     10240.00
        0.66     0.999908       825951     10922.67
        0.66     0.999915       825951     11702.86
        0.66     0.999921       825957     12603.08
        0.67     0.999927       825964     13653.33
        0.68     0.999933       825970     14894.55
        0.69     0.999939       825973     16384.00
        0.69     0.999942       825977     17246.32
        0.69     0.999945       825977     18204.44
        0.70     0.999948       825981     19275.29
        0.70     0.999951       825981     20480.00
        0.71     0.999954       825985     21845.33
        0.72     0.999957       825988     23405.71
        0.73     0.999960       825993     25206.15
        0.73     0.999963       825993     27306.67
        0.73     0.999966       825998     29789.09
        0.73     0.999969       825998     32768.00
        0.73     0.999971       825998     34492.63
        0.74     0.999973       826003     36408.89
        0.74     0.999974       826003     38550.59
        0.74     0.999976       826003     40960.00
        0.74     0.999977       826003     43690.67
        0.75     0.999979       826009     46811.43
        0.75     0.999980       826009     50412.31
        0.75     0.999982       826009     54613.33
        0.75     0.999983       826009     59578.18
        0.75     0.999985       826009     65536.00
        0.76     0.999986       826010     68985.26
        0.76     0.999986       826010     72817.78
        0.78     0.999987       826011     77101.18
        0.78     0.999988       826011     81920.00
        0.78     0.999989       826014     87381.33
        0.78     0.999989       826014     93622.86
        0.78     0.999990       826014    100824.62
        0.78     0.999991       826014    109226.67
        0.79     0.999992       826016    119156.36
        0.79     0.999992       826016    131072.00
        0.79     0.999993       826016    137970.53
        0.79     0.999993       826016    145635.56
        0.79     0.999994       826016    154202.35
        0.79     0.999994       826016    163840.00
        0.80     0.999994       826018    174762.67
        0.80     0.999995       826018    187245.71
        0.80     0.999995       826018    201649.23
        0.80     0.999995       826018    218453.33
        0.80     0.999996       826018    238312.73
        0.80     0.999996       826018    262144.00
        0.81     0.999996       826019    275941.05
        0.81     0.999997       826019    291271.11
        0.81     0.999997       826019    308404.71
        0.81     0.999997       826019    327680.00
        0.81     0.999997       826019    349525.33
        0.81     0.999997       826019    374491.43
        0.81     0.999998       826019    403298.46
        0.86     0.999998       826020    436906.67
        0.86     0.999998       826020    476625.45
        0.86     0.999998       826020    524288.00
        0.86     0.999998       826020    551882.11
        0.86     0.999998       826020    582542.22
        0.86     0.999998       826020    616809.41
        0.86     0.999998       826020    655360.00
        0.86     0.999999       826020    699050.67
        0.86     0.999999       826020    748982.86
        0.86     0.999999       826020    806596.92
        0.91     0.999999       826021    873813.33
        0.91     1.000000       826021          inf
#[Mean    =        0.290, StdDeviation   =        0.069]
#[Max     =        0.911, Total count    =       826021]
#[Buckets =           20, SubBuckets     =          256]
