       Value   Percentile   TotalCount 1/(1-Percentile)

        0.21     0.000000            2         1.00
        0.57     0.050000        19571         1.05
        0.59     0.100000        37412         1.11
        0.61     0.150000        56329         1.18
        0.62     0.200000        81694         1.25
        0.63     0.250000        96836         1.33
        0.64     0.300000       113588         1.43
        0.65     0.350000       131338         1.54
        0.66     0.400000       150647         1.67
        0.66     0.450000       170738         1.82
        0.67     0.500000       191005         2.00
        0.67     0.525000       191005         2.11
        0.68     0.550000       210860         2.22
        0.68     0.575000       210860         2.35
        0.69     0.600000       229750         2.50
        0.69     0.625000       229750         2.67
        0.69     0.650000       247278         2.86
        0.69     0.675000       247278         3.08
        0.70     0.700000       263324         3.33
        0.70     0.725000       263324         3.64
        0.71     0.750000       277920         4.00
        0.71     0.762500       277920         4.21
        0.72     0.775000       290826         4.44
        0.72     0.787500       290826         4.71
        0.72     0.800000       290826         5.00
        0.73     0.812500       301904         5.33
        0.73     0.825000       301904         5.71
        0.73     0.837500       301904         6.15
        0.73     0.850000       311488         6.67
        0.73     0.862500       311488         7.27
        0.74     0.875000       319718         8.00
        0.74     0.881250       319718         8.42
        0.74     0.887500       319718         8.89
        0.75     0.893750       326599         9.41
        0.75     0.900000       326599        10.00
        0.75     0.906250       326599        10.67
        0.76     0.912500       332430        11.43
        0.76     0.918750       332430        12.31
        0.76     0.925000       332430        13.33
        0.77     0.931250       337204        14.55
        0.77     0.937500       337204        16.00
        0.78     0.940625       341120        16.84
        0.78     0.943750       341120        17.78
        0.78     0.946875       341120        18.82
        0.78     0.950000       341120        20.00
        0.78     0.953125       344422        21.33
        0.78     0.956250       344422        22.86
        0.78     0.959375       344422        24.62
        0.79     0.962500       347116        26.67
        0.79     0.965625       347116        29.09
        0.80     0.968750       349442        32.00
        0.80     0.970313       349442        33.68
        0.80     0.971875       349442        35.56
        0.80     0.973437       349442        37.65
        0.81     0.975000       351231        40.00
        0.81     0.976562       351231        42.67
        0.81     0.978125       351231        45.71
        0.81     0.979688       352691        49.23
        0.81     0.981250       352691        53.33
        0.82     0.982812       353863        58.18
        0.82     0.984375       353863        64.00
        0.82     0.985156       353863        67.37
        0.83     0.985938       354856        71.11
        0.83     0.986719       354856        75.29
        0.83     0.987500       354856        80.00
        0.83     0.988281       354856        85.33
        0.84     0.989062       355631        91.43
        0.84     0.989844       355631        98.46
        0.84     0.990625       355631       106.67
        0.85     0.991406       356337       116.36
        0.85     0.992188       356337       128.00
        0.85     0.992578       356337       134.74
        0.85     0.992969       356851       142.22
        0.85     0.993359       356851       150.59
        0.85     0.993750       356851       160.00
        0.86     0.994141       357249       170.67
        0.86     0.994531       357249       182.86
        0.86     0.994922       357249       196.92
        0.87     0.995313       357561       213.33
        0.87     0.995703       357561       232.73
        0.88     0.996094       357822       256.00
        0.88     0.996289       357822       269.47
        0.88     0.996484       357822       284.44
        0.88     0.996680       357822       301.18
        0.89     0.996875       358037       320.00
        0.89     0.997070       358037       341.33
        0.89     0.997266       358037       365.71
        0.90     0.997461       358185       393.85
        0.90     0.997656       358185       426.67
        0.90     0.997852       358296       465.45
        0.90     0.998047       358296       512.00
        0.91     0.998145       358386       538.95
        0.91     0.998242       358386       568.89
        0.91     0.998340       358386       602.35
        0.92     0.998437       358474       640.00
        0.92     0.998535       358474       682.67
        0.93     0.998633       358530       731.43
        0.93     0.998730       358530       787.69
        0.94     0.998828       358584       853.33
        0.94     0.998926       358584       930.91
        0.95     0.999023       358646      1024.00
        0.95     0.999072       358646      1077.89
        0.96     0.999121       358670      1137.78
        0.97     0.999170       358695      1204.71
        0.97     0.999219       358695      1280.00
        0.97     0.999268       358708      1365.33
        0.98     0.999316       358725      1462.86
        1.01     0.999365       358748      1575.38
        1.02     0.999414       358767      1706.67
        1.03     0.999463       358777      1861.82
        1.05     0.999512       358800      2048.00
        1.06     0.999536       358806      2155.79
        1.07     0.999561       358813      2275.56
        1.09     0.999585       358820      2409.41
        1.10     0.999609       358838      2560.00
        1.10     0.999634       358838      2730.67
        1.11     0.999658       358846      2925.71
        1.13     0.999683       358855      3150.77
        1.14     0.999707       358864      3413.33
        1.14     0.999731       358874      3723.64
        1.16     0.999756       358882      4096.00
        1.17     0.999768       358887      4311.58
        1.18     0.999780       358893      4551.11
        1.18     0.999792       358898      4818.82
        1.18     0.999805       358898      5120.00
        1.20     0.999817       358907      5461.33
        1.20     0.999829       358907      5851.43
        1.22     0.999841       358912      6301.54
        1.24     0.999854       358916      6826.67
        1.26     0.999866       358922      7447.27
        1.27     0.999878       358925      8192.00
        1.29     0.999884       358927      8623.16
        1.30     0.999890       358929      9102.22
        1.33     0.999896       358931      9637.65
        1.36     0.999902       358933     10240.00
        1.38     0.999908       358936     10922.67
        3.02     0.999915       358938     11702.86
        3.20     0.999921       358940     12603.08
        3.28     0.999927       358942     13653.33
        3.36     0.999933       358944     14894.55
        3.41     0.999939       358948     16384.00
        3.41     0.999942       358948     17246.32
        3.52     0.999945       358949     18204.44
        3.55     0.999948       358950     19275.29
        3.57     0.999951       358951     20480.00
        3.58     0.999954       358952     21845.33
        3.62     0.999957       358953     23405.71
        3.68     0.999960       358954     25206.15
        3.76     0.999963       358955     27306.67
        3.77     0.999966       358956     29789.09
        3.79     0.999969       358958     32768.00
        3.79     0.999971       358958     34492.63
        3.87     0.999973       358959     36408.89
        3.87     0.999974       358959     38550.59
        3.89     0.999976       358960     40960.00
        3.89     0.999977       358960     43690.67
        4.32     0.999979       358961     46811.43
        4.32     0.999980       358961     50412.31
        4.51     0.999982       358962     54613.33
        4.51     0.999983       358962     59578.18
        4.61     0.999985       358963     65536.00
        4.61     0.999986       358963     68985.26
        4.64     0.999986       358965     72817.78
        4.64     0.999987       358965     77101.18
        4.64     0.999988       358965     81920.00
        4.64     0.999989       358965     87381.33
        4.64     0.999989       358965     93622.86
        4.64     0.999990       358965    100824.62
        4.64     0.999991       358965    109226.67
        4.64     0.999992       358965    119156.36
        4.70     0.999992       358966    131072.00
        4.70     0.999993       358966    137970.53
        4.70     0.999993       358966    145635.56
        4.70     0.999994       358966    154202.35
        4.70     0.999994       358966    163840.00
        4.70     0.999994       358966    174762.67
        4.80     0.999995       358967    187245.71
        4.80     0.999995       358967    201649.23
        4.80     0.999995       358967    218453.33
        4.80     0.999996       358967    238312.73
        4.80     0.999996       358967    262144.00
        4.80     0.999996       358967    275941.05
        4.80     0.999997       358967    291271.11
        4.80     0.999997       358967    308404.71
        4.80     0.999997       358967    327680.00
        4.80     0.999997       358967    349525.33
        4.83     0.999997       358968    374491.43
        4.83     1.000000       358968          inf
#[Mean    =        0.668, StdDeviation   =        0.075]
#[Max     =        4.831, Total count    =       358968]
#[Buckets =           20, SubBuckets     =          256]
