       Value   Percentile   TotalCount 1/(1-Percentile)

        0.17     0.000000            7         1.00
        0.57     0.050000        19002         1.05
        0.60     0.100000        43920         1.11
        0.61     0.150000        53885         1.18
        0.62     0.200000        78687         1.25
        0.63     0.250000        93592         1.33
        0.64     0.300000       110278         1.43
        0.65     0.350000       128342         1.54
        0.66     0.400000       147438         1.67
        0.66     0.450000       167493         1.82
        0.67     0.500000       187282         2.00
        0.68     0.525000       207192         2.11
        0.68     0.550000       207192         2.22
        0.68     0.575000       207192         2.35
        0.69     0.600000       226260         2.50
        0.69     0.625000       226260         2.67
        0.69     0.650000       243834         2.86
        0.69     0.675000       243834         3.08
        0.70     0.700000       260163         3.33
        0.70     0.725000       260163         3.64
        0.71     0.750000       274803         4.00
        0.71     0.762500       274803         4.21
        0.72     0.775000       287858         4.44
        0.72     0.787500       287858         4.71
        0.72     0.800000       287858         5.00
        0.73     0.812500       299560         5.33
        0.73     0.825000       299560         5.71
        0.73     0.837500       309413         6.15
        0.73     0.850000       309413         6.67
        0.73     0.862500       309413         7.27
        0.74     0.875000       317893         8.00
        0.74     0.881250       317893         8.42
        0.75     0.887500       325071         8.89
        0.75     0.893750       325071         9.41
        0.75     0.900000       325071        10.00
        0.75     0.906250       325071        10.67
        0.76     0.912500       331028        11.43
        0.76     0.918750       331028        12.31
        0.77     0.925000       336242        13.33
        0.77     0.931250       336242        14.55
        0.77     0.937500       336242        16.00
        0.78     0.940625       340413        16.84
        0.78     0.943750       340413        17.78
        0.78     0.946875       340413        18.82
        0.78     0.950000       343873        20.00
        0.78     0.953125       343873        21.33
        0.78     0.956250       343873        22.86
        0.79     0.959375       346689        24.62
        0.79     0.962500       346689        26.67
        0.79     0.965625       346689        29.09
        0.80     0.968750       349101        32.00
        0.80     0.970313       349101        33.68
        0.80     0.971875       349101        35.56
        0.80     0.973437       349101        37.65
        0.81     0.975000       350965        40.00
        0.81     0.976562       350965        42.67
        0.81     0.978125       350965        45.71
        0.81     0.979688       352561        49.23
        0.81     0.981250       352561        53.33
        0.81     0.982812       352561        58.18
        0.82     0.984375       353842        64.00
        0.82     0.985156       353842        67.37
        0.82     0.985938       353842        71.11
        0.83     0.986719       354839        75.29
        0.83     0.987500       354839        80.00
        0.83     0.988281       354839        85.33
        0.83     0.989062       354839        91.43
        0.84     0.989844       355609        98.46
        0.84     0.990625       355609       106.67
        0.84     0.991406       355609       116.36
        0.85     0.992188       356293       128.00
        0.85     0.992578       356293       134.74
        0.85     0.992969       356293       142.22
        0.85     0.993359       356293       150.59
        0.85     0.993750       356751       160.00
        0.85     0.994141       356751       170.67
        0.85     0.994531       356751       182.86
        0.86     0.994922       357170       196.92
        0.86     0.995313       357170       213.33
        0.86     0.995703       357170       232.73
        0.87     0.996094       357459       256.00
        0.87     0.996289       357459       269.47
        0.87     0.996484       357459       284.44
        0.87     0.996680       357459       301.18
        0.88     0.996875       357692       320.00
        0.88     0.997070       357692       341.33
        0.88     0.997266       357692       365.71
        0.89     0.997461       357856       393.85
        0.89     0.997656       357856       426.67
        0.90     0.997852       357981       465.45
        0.90     0.998047       357981       512.00
        0.90     0.998145       357981       538.95
        0.90     0.998242       358086       568.89
        0.90     0.998340       358086       602.35
        0.90     0.998437       358086       640.00
        0.91     0.998535       358169       682.67
        0.91     0.998633       358169       731.43
        0.92     0.998730       358241       787.69
        0.92     0.998828       358241       853.33
        0.93     0.998926       358292       930.91
        0.93     0.999023       358292      1024.00
        0.94     0.999072       358334      1077.89
        0.94     0.999121       358334      1137.78
        0.94     0.999170       358334      1204.71
        0.94     0.999219       358364      1280.00
        0.95     0.999268       358390      1365.33
        0.95     0.999316       358390      1462.86
        0.96     0.999365       358414      1575.38
        0.97     0.999414       358422      1706.67
        0.97     0.999463       358436      1861.82
        0.99     0.999512       358452      2048.00
        1.01     0.999536       358463      2155.79
        1.02     0.999561       358472      2275.56
        1.03     0.999585       358482      2409.41
        1.04     0.999609       358487      2560.00
        1.05     0.999634       358497      2730.67
        1.07     0.999658       358510      2925.71
        1.09     0.999683       358526      3150.77
        1.09     0.999707       358526      3413.33
        1.09     0.999731       358535      3723.64
        1.10     0.999756       358540      4096.00
        1.11     0.999768       358546      4311.58
        1.12     0.999780       358552      4551.11
        1.13     0.999792       358556      4818.82
        1.14     0.999805       358561      5120.00
        1.14     0.999817       358567      5461.33
        1.14     0.999829       358567      5851.43
        1.16     0.999841       358575      6301.54
        1.16     0.999854       358575      6826.67
        1.18     0.999866       358581      7447.27
        1.18     0.999878       358584      8192.00
        1.22     0.999884       358587      8623.16
        1.22     0.999890       358588      9102.22
        1.23     0.999896       358590      9637.65
        1.24     0.999902       358592     10240.00
        1.25     0.999908       358595     10922.67
        1.26     0.999915       358597     11702.86
        1.29     0.999921       358599     12603.08
        2.62     0.999927       358601     13653.33
        2.85     0.999933       358603     14894.55
        2.96     0.999939       358606     16384.00
        3.07     0.999942       358607     17246.32
        3.09     0.999945       358608     18204.44
        3.10     0.999948       358609     19275.29
        3.17     0.999951       358610     20480.00
        3.38     0.999954       358611     21845.33
        3.46     0.999957       358612     23405.71
        3.47     0.999960       358613     25206.15
        3.49     0.999963       358614     27306.67
        3.52     0.999966       358615     29789.09
        3.69     0.999969       358617     32768.00
        3.69     0.999971       358617     34492.63
        3.81     0.999973       358618     36408.89
        3.81     0.999974       358618     38550.59
        3.89     0.999976       358619     40960.00
        3.89     0.999977       358619     43690.67
        4.38     0.999979       358620     46811.43
        4.38     0.999980       358620     50412.31
        4.42     0.999982       358621     54613.33
        4.42     0.999983       358621     59578.18
        4.48     0.999985       358622     65536.00
        4.48     0.999986       358622     68985.26
        4.67     0.999986       358623     72817.78
        4.67     0.999987       358623     77101.18
        4.67     0.999988       358623     81920.00
        4.67     0.999989       358623     87381.33
        4.70     0.999989       358624     93622.86
        4.70     0.999990       358624    100824.62
        4.70     0.999991       358624    109226.67
        4.70     0.999992       358624    119156.36
        4.77     0.999992       358625    131072.00
        4.77     0.999993       358625    137970.53
        4.77     0.999993       358625    145635.56
        4.77     0.999994       358625    154202.35
        4.77     0.999994       358625    163840.00
        4.77     0.999994       358625    174762.67
        4.83     0.999995       358626    187245.71
        4.83     0.999995       358626    201649.23
        4.83     0.999995       358626    218453.33
        4.83     0.999996       358626    238312.73
        4.83     0.999996       358626    262144.00
        4.83     0.999996       358626    275941.05
        4.83     0.999997       358626    291271.11
        4.83     0.999997       358626    308404.71
        4.83     0.999997       358626    327680.00
        4.83     0.999997       358626    349525.33
        4.86     0.999997       358627    374491.43
        4.86     1.000000       358627          inf
#[Mean    =        0.668, StdDeviation   =        0.076]
#[Max     =        4.863, Total count    =       358627]
#[Buckets =           20, SubBuckets     =          256]
