       Value   Percentile   TotalCount 1/(1-Percentile)

        0.15     0.000000            1         1.00
        0.21     0.050000        37044         1.05
        0.23     0.100000        87136         1.11
        0.25     0.150000       126098         1.18
        0.26     0.200000       153675         1.25
        0.28     0.250000       198535         1.33
        0.29     0.300000       230932         1.43
        0.29     0.350000       268392         1.54
        0.30     0.400000       301730         1.67
        0.32     0.450000       335014         1.82
        0.34     0.500000       398660         2.00
        0.34     0.525000       398660         2.11
        0.34     0.550000       441148         2.22
        0.34     0.575000       441148         2.35
        0.34     0.600000       441148         2.50
        0.35     0.625000       481432         2.67
        0.35     0.650000       481432         2.86
        0.36     0.675000       521849         3.08
        0.36     0.700000       521849         3.33
        0.37     0.725000       557800         3.64
        0.37     0.750000       557800         4.00
        0.37     0.762500       557800         4.21
        0.38     0.775000       583943         4.44
        0.38     0.787500       583943         4.71
        0.38     0.800000       583943         5.00
        0.38     0.812500       600994         5.33
        0.39     0.825000       610873         5.71
        0.39     0.837500       610873         6.15
        0.41     0.850000       621096         6.67
        0.42     0.862500       630523         7.27
        0.44     0.875000       640645         8.00
        0.45     0.881250       644707         8.42
        0.46     0.887500       649153         8.89
        0.46     0.893750       656121         9.41
        0.46     0.900000       656121        10.00
        0.47     0.906250       667892        10.67
        0.47     0.912500       667892        11.43
        0.48     0.918750       684398        12.31
        0.48     0.925000       684398        13.33
        0.48     0.931250       684398        14.55
        0.48     0.937500       684398        16.00
        0.49     0.940625       700795        16.84
        0.49     0.943750       700795        17.78
        0.49     0.946875       700795        18.82
        0.49     0.950000       700795        20.00
        0.49     0.953125       700795        21.33
        0.49     0.956250       700795        22.86
        0.49     0.959375       700795        24.62
        0.49     0.962500       712319        26.67
        0.49     0.965625       712319        29.09
        0.49     0.968750       712319        32.00
        0.49     0.970313       712319        33.68
        0.49     0.971875       712319        35.56
        0.49     0.973437       712319        37.65
        0.49     0.975000       712319        40.00
        0.49     0.976562       712319        42.67
        0.50     0.978125       718527        45.71
        0.50     0.979688       718527        49.23
        0.50     0.981250       718527        53.33
        0.50     0.982812       718527        58.18
        0.50     0.984375       718527        64.00
        0.50     0.985156       718527        67.37
        0.50     0.985938       718527        71.11
        0.51     0.986719       721560        75.29
        0.51     0.987500       721560        80.00
        0.51     0.988281       721560        85.33
        0.51     0.989062       721560        91.43
        0.51     0.989844       721560        98.46
        0.52     0.990625       723179       106.67
        0.52     0.991406       723179       116.36
        0.52     0.992188       723179       128.00
        0.52     0.992578       723179       134.74
        0.53     0.992969       724228       142.22
        0.53     0.993359       724228       150.59
        0.53     0.993750       724228       160.00
        0.54     0.994141       724940       170.67
        0.54     0.994531       724940       182.86
        0.54     0.994922       724940       196.92
        0.54     0.995313       725488       213.33
        0.54     0.995703       725488       232.73
        0.55     0.996094       725951       256.00
        0.55     0.996289       725951       269.47
        0.56     0.996484       726353       284.44
        0.56     0.996680       726353       301.18
        0.56     0.996875       726353       320.00
        0.57     0.997070       726736       341.33
        0.57     0.997266       726736       365.71
        0.57     0.997461       726736       393.85
        0.57     0.997656       727075       426.67
        0.57     0.997852       727075       465.45
        0.58     0.998047       727406       512.00
        0.58     0.998145       727406       538.95
        0.58     0.998242       727406       568.89
        0.58     0.998340       727406       602.35
        0.59     0.998437       727672       640.00
        0.59     0.998535       727672       682.67
        0.59     0.998633       727672       731.43
        0.59     0.998730       727672       787.69
        0.60     0.998828       727898       853.33
        0.60     0.998926       727898       930.91
        0.60     0.999023       727898      1024.00
        0.60     0.999072       727898      1077.89
        0.61     0.999121       728066      1137.78
        0.61     0.999170       728066      1204.71
        0.61     0.999219       728066      1280.00
        0.61     0.999268       728066      1365.33
        0.61     0.999316       728066      1462.86
        0.61     0.999365       728170      1575.38
        0.61     0.999414       728170      1706.67
        0.61     0.999463       728170      1861.82
        0.62     0.999512       728248      2048.00
        0.62     0.999536       728248      2155.79
        0.62     0.999561       728248      2275.56
        0.63     0.999585       728296      2409.41
        0.63     0.999609       728296      2560.00
        0.63     0.999634       728296      2730.67
        0.64     0.999658       728328      2925.71
        0.64     0.999683       728328      3150.77
        0.66     0.999707       728354      3413.33
        0.66     0.999731       728361      3723.64
        0.68     0.999756       728378      4096.00
        0.70     0.999768       728390      4311.58
        0.71     0.999780       728395      4551.11
        0.73     0.999792       728404      4818.82
        0.75     0.999805       728417      5120.00
        0.76     0.999817       728422      5461.33
        0.78     0.999829       728433      5851.43
        0.78     0.999841       728440      6301.54
        0.80     0.999854       728451      6826.67
        0.81     0.999866       728460      7447.27
        0.82     0.999878       728467      8192.00
        0.83     0.999884       728471      8623.16
        0.86     0.999890       728475      9102.22
        0.92     0.999896       728480      9637.65
        1.42     0.999902       728485     10240.00
        1.49     0.999908       728490     10922.67
        1.54     0.999915       728493     11702.86
        1.75     0.999921       728498     12603.08
        2.59     0.999927       728502     13653.33
        2.64     0.999933       728508     14894.55
        2.65     0.999939       728511     16384.00
        2.67     0.999942       728514     17246.32
        2.70     0.999945       728515     18204.44
        2.73     0.999948       728519     19275.29
        2.75     0.999951       728521     20480.00
        2.77     0.999954       728529     21845.33
        2.77     0.999957       728529     23405.71
        2.77     0.999960       728529     25206.15
        2.77     0.999963       728529     27306.67
        2.78     0.999966       728531     29789.09
        2.85     0.999969       728534     32768.00
        2.85     0.999971       728534     34492.63
        2.86     0.999973       728535     36408.89
        2.90     0.999974       728537     38550.59
        2.98     0.999976       728538     40960.00
        2.99     0.999977       728539     43690.67
        3.12     0.999979       728540     46811.43
        3.13     0.999980       728543     50412.31
        3.13     0.999982       728543     54613.33
        3.13     0.999983       728543     59578.18
        3.17     0.999985       728544     65536.00
        3.18     0.999986       728546     68985.26
        3.18     0.999986       728546     72817.78
        3.18     0.999987       728546     77101.18
        3.20     0.999988       728547     81920.00
        3.20     0.999989       728547     87381.33
        3.26     0.999989       728549     93622.86
        3.26     0.999990       728549    100824.62
        3.26     0.999991       728549    109226.67
        3.26     0.999992       728549    119156.36
        3.28     0.999992       728551    131072.00
        3.28     0.999993       728551    137970.53
        3.28     0.999993       728551    145635.56
        3.28     0.999994       728551    154202.35
        3.28     0.999994       728551    163840.00
        3.28     0.999994       728551    174762.67
        3.31     0.999995       728552    187245.71
        3.31     0.999995       728552    201649.23
        3.31     0.999995       728552    218453.33
        3.31     0.999996       728552    238312.73
        3.36     0.999996       728553    262144.00
        3.36     0.999996       728553    275941.05
        3.36     0.999997       728553    291271.11
        3.36     0.999997       728553    308404.71
        3.36     0.999997       728553    327680.00
        3.36     0.999997       728553    349525.33
        3.41     0.999997       728554    374491.43
        3.41     0.999998       728554    403298.46
        3.41     0.999998       728554    436906.67
        3.41     0.999998       728554    476625.45
        3.41     0.999998       728554    524288.00
        3.41     0.999998       728554    551882.11
        3.41     0.999998       728554    582542.22
        3.41     0.999998       728554    616809.41
        3.41     0.999998       728554    655360.00
        3.41     0.999999       728554    699050.67
        3.46     0.999999       728555    748982.86
        3.46     1.000000       728555          inf
#[Mean    =        0.329, StdDeviation   =        0.082]
#[Max     =        3.455, Total count    =       728555]
#[Buckets =           20, SubBuckets     =          256]
