       Value   Percentile   TotalCount 1/(1-Percentile)

        0.15     0.000000            4         1.00
        0.21     0.050000        44340         1.05
        0.21     0.100000        79464         1.11
        0.24     0.150000       116450         1.18
        0.26     0.200000       170428         1.25
        0.27     0.250000       204522         1.33
        0.28     0.300000       229332         1.43
        0.29     0.350000       293793         1.54
        0.30     0.400000       325240         1.67
        0.31     0.450000       349052         1.82
        0.32     0.500000       387645         2.00
        0.33     0.525000       447230         2.11
        0.33     0.550000       447230         2.22
        0.33     0.575000       447230         2.35
        0.34     0.600000       505698         2.50
        0.34     0.625000       505698         2.67
        0.34     0.650000       505698         2.86
        0.34     0.675000       551238         3.08
        0.34     0.700000       551238         3.33
        0.34     0.725000       551238         3.64
        0.35     0.750000       590882         4.00
        0.35     0.762500       590882         4.21
        0.35     0.775000       590882         4.44
        0.36     0.787500       621120         4.71
        0.36     0.800000       621120         5.00
        0.36     0.812500       621120         5.33
        0.37     0.825000       636388         5.71
        0.37     0.837500       636388         6.15
        0.38     0.850000       642674         6.67
        0.42     0.862500       650754         7.27
        0.45     0.875000       664198         8.00
        0.46     0.881250       678743         8.42
        0.46     0.887500       678743         8.89
        0.46     0.893750       678743         9.41
        0.46     0.900000       701207        10.00
        0.46     0.906250       701207        10.67
        0.46     0.912500       701207        11.43
        0.46     0.918750       701207        12.31
        0.46     0.925000       701207        13.33
        0.47     0.931250       725632        14.55
        0.47     0.937500       725632        16.00
        0.47     0.940625       725632        16.84
        0.47     0.943750       725632        17.78
        0.47     0.946875       725632        18.82
        0.47     0.950000       725632        20.00
        0.47     0.953125       725632        21.33
        0.47     0.956250       725632        22.86
        0.47     0.959375       725632        24.62
        0.48     0.962500       742756        26.67
        0.48     0.965625       742756        29.09
        0.48     0.968750       742756        32.00
        0.48     0.970313       742756        33.68
        0.48     0.971875       742756        35.56
        0.48     0.973437       742756        37.65
        0.48     0.975000       742756        40.00
        0.48     0.976562       742756        42.67
        0.48     0.978125       742756        45.71
        0.48     0.979688       742756        49.23
        0.48     0.981250       742756        53.33
        0.48     0.982812       742756        58.18
        0.48     0.984375       742756        64.00
        0.49     0.985156       750763        67.37
        0.49     0.985938       750763        71.11
        0.49     0.986719       750763        75.29
        0.49     0.987500       750763        80.00
        0.49     0.988281       750763        85.33
        0.49     0.989062       750763        91.43
        0.49     0.989844       750763        98.46
        0.49     0.990625       750763       106.67
        0.49     0.991406       750763       116.36
        0.49     0.992188       750763       128.00
        0.49     0.992578       750763       134.74
        0.49     0.992969       750763       142.22
        0.49     0.993359       750763       150.59
        0.49     0.993750       750763       160.00
        0.49     0.994141       750763       170.67
        0.49     0.994531       750763       182.86
        0.49     0.994922       750763       196.92
        0.49     0.995313       753308       213.33
        0.49     0.995703       753308       232.73
        0.49     0.996094       753308       256.00
        0.49     0.996289       753308       269.47
        0.49     0.996484       753308       284.44
        0.49     0.996680       753308       301.18
        0.49     0.996875       753308       320.00
        0.49     0.997070       753308       341.33
        0.49     0.997266       753308       365.71
        0.49     0.997461       753308       393.85
        0.49     0.997656       753308       426.67
        0.49     0.997852       753308       465.45
        0.49     0.998047       753308       512.00
        0.49     0.998145       753308       538.95
        0.49     0.998242       753308       568.89
        0.49     0.998340       753308       602.35
        0.49     0.998437       753308       640.00
        0.50     0.998535       753984       682.67
        0.50     0.998633       753984       731.43
        0.50     0.998730       753984       787.69
        0.50     0.998828       753984       853.33
        0.50     0.998926       753984       930.91
        0.50     0.999023       753984      1024.00
        0.50     0.999072       753984      1077.89
        0.50     0.999121       753984      1137.78
        0.50     0.999170       753984      1204.71
        0.50     0.999219       753984      1280.00
        0.50     0.999268       753984      1365.33
        0.50     0.999316       753984      1462.86
        0.50     0.999365       753984      1575.38
        0.50     0.999414       753984      1706.67
        0.51     0.999463       754196      1861.82
        0.51     0.999512       754196      2048.00
        0.51     0.999536       754196      2155.79
        0.51     0.999561       754196      2275.56
        0.51     0.999585       754196      2409.41
        0.51     0.999609       754196      2560.00
        0.51     0.999634       754196      2730.67
        0.51     0.999658       754196      2925.71
        0.51     0.999683       754196      3150.77
        0.51     0.999707       754196      3413.33
        0.52     0.999731       754290      3723.64
        0.52     0.999756       754290      4096.00
        0.52     0.999768       754290      4311.58
        0.52     0.999780       754290      4551.11
        0.52     0.999792       754290      4818.82
        0.52     0.999805       754290      5120.00
        0.52     0.999817       754290      5461.33
        0.52     0.999829       754290      5851.43
        0.53     0.999841       754328      6301.54
        0.53     0.999854       754328      6826.67
        0.53     0.999866       754328      7447.27
        0.53     0.999878       754328      8192.00
        0.54     0.999884       754350      8623.16
        0.54     0.999890       754350      9102.22
        0.54     0.999896       754350      9637.65
        0.54     0.999902       754350     10240.00
        0.54     0.999908       754350     10922.67
        0.54     0.999915       754362     11702.86
        0.54     0.999921       754362     12603.08
        0.54     0.999927       754362     13653.33
        0.55     0.999933       754367     14894.55
        0.56     0.999939       754375     16384.00
        0.56     0.999942       754375     17246.32
        0.57     0.999945       754381     18204.44
        0.57     0.999948       754381     19275.29
        0.57     0.999951       754381     20480.00
        0.57     0.999954       754384     21845.33
        0.58     0.999957       754387     23405.71
        0.59     0.999960       754388     25206.15
        0.60     0.999963       754390     27306.67
        0.61     0.999966       754395     29789.09
        0.61     0.999969       754395     32768.00
        0.61     0.999971       754396     34492.63
        0.62     0.999973       754397     36408.89
        0.63     0.999974       754401     38550.59
        0.63     0.999976       754401     40960.00
        0.63     0.999977       754401     43690.67
        0.63     0.999979       754401     46811.43
        0.66     0.999980       754403     50412.31
        0.67     0.999982       754405     54613.33
        0.67     0.999983       754405     59578.18
        0.78     0.999985       754406     65536.00
        0.79     0.999986       754407     68985.26
        0.79     0.999986       754407     72817.78
        0.80     0.999987       754409     77101.18
        0.80     0.999988       754409     81920.00
        0.80     0.999989       754409     87381.33
        0.80     0.999989       754409     93622.86
        1.11     0.999990       754410    100824.62
        1.17     0.999991       754411    109226.67
        1.17     0.999992       754411    119156.36
        1.19     0.999992       754412    131072.00
        1.19     0.999993       754412    137970.53
        1.19     0.999993       754412    145635.56
        1.29     0.999994       754413    154202.35
        1.29     0.999994       754413    163840.00
        1.29     0.999994       754413    174762.67
        1.29     0.999995       754413    187245.71
        1.66     0.999995       754414    201649.23
        1.66     0.999995       754414    218453.33
        1.66     0.999996       754414    238312.73
        1.72     0.999996       754415    262144.00
        1.72     0.999996       754415    275941.05
        1.72     0.999997       754415    291271.11
        1.72     0.999997       754415    308404.71
        1.72     0.999997       754415    327680.00
        1.72     0.999997       754415    349525.33
        1.72     0.999997       754415    374491.43
        1.83     0.999998       754416    403298.46
        1.83     0.999998       754416    436906.67
        1.83     0.999998       754416    476625.45
        1.83     0.999998       754416    524288.00
        1.83     0.999998       754416    551882.11
        1.83     0.999998       754416    582542.22
        1.83     0.999998       754416    616809.41
        1.83     0.999998       754416    655360.00
        1.83     0.999999       754416    699050.67
        1.83     0.999999       754416    748982.86
        1.94     0.999999       754417    806596.92
        1.94     1.000000       754417          inf
#[Mean    =        0.318, StdDeviation   =        0.075]
#[Max     =        1.935, Total count    =       754417]
#[Buckets =           20, SubBuckets     =          256]
