       Value   Percentile   TotalCount 1/(1-Percentile)

        0.03     0.000000          122         1.00
        0.06     0.050000       413074         1.05
        0.06     0.100000       413074         1.11
        0.06     0.150000       413074         1.18
        0.07     0.200000       898512         1.25
        0.07     0.250000       898512         1.33
        0.07     0.300000       898512         1.43
        0.08     0.350000      1431862         1.54
        0.08     0.400000      1431862         1.67
        0.08     0.450000      1431862         1.82
        0.08     0.500000      1431862         2.00
        0.09     0.525000      1863387         2.11
        0.09     0.550000      1863387         2.22
        0.09     0.575000      1863387         2.35
        0.09     0.600000      1863387         2.50
        0.09     0.625000      1863387         2.67
        0.09     0.650000      1863387         2.86
        0.09     0.675000      1863387         3.08
        0.10     0.700000      2159412         3.33
        0.10     0.725000      2159412         3.64
        0.10     0.750000      2159412         4.00
        0.10     0.762500      2159412         4.21
        0.10     0.775000      2159412         4.44
        0.10     0.787500      2159412         4.71
        0.10     0.800000      2354345         5.00
        0.10     0.812500      2354345         5.33
        0.10     0.825000      2354345         5.71
        0.10     0.837500      2354345         6.15
        0.10     0.850000      2354345         6.67
        0.11     0.862500      2494587         7.27
        0.11     0.875000      2494587         8.00
        0.11     0.881250      2494587         8.42
        0.11     0.887500      2494587         8.89
        0.11     0.893750      2494587         9.41
        0.11     0.900000      2494587        10.00
        0.11     0.906250      2494587        10.67
        0.12     0.912500      2608193        11.43
        0.12     0.918750      2608193        12.31
        0.12     0.925000      2608193        13.33
        0.12     0.931250      2608193        14.55
        0.12     0.937500      2608193        16.00
        0.12     0.940625      2608193        16.84
        0.12     0.943750      2608193        17.78
        0.12     0.946875      2608193        18.82
        0.12     0.950000      2608193        20.00
        0.13     0.953125      2682788        21.33
        0.13     0.956250      2682788        22.86
        0.13     0.959375      2682788        24.62
        0.13     0.962500      2682788        26.67
        0.13     0.965625      2682788        29.09
        0.13     0.968750      2682788        32.00
        0.13     0.970313      2682788        33.68
        0.13     0.971875      2682788        35.56
        0.13     0.973437      2682788        37.65
        0.13     0.975000      2682788        40.00
        0.13     0.976562      2682788        42.67
        0.13     0.978125      2682788        45.71
        0.14     0.979688      2716207        49.23
        0.14     0.981250      2716207        53.33
        0.14     0.982812      2716207        58.18
        0.14     0.984375      2716207        64.00
        0.14     0.985156      2716207        67.37
        0.14     0.985938      2716207        71.11
        0.14     0.986719      2716207        75.29
        0.14     0.987500      2716207        80.00
        0.14     0.988281      2716207        85.33
        0.14     0.989062      2716207        91.43
        0.14     0.989844      2716207        98.46
        0.14     0.990625      2716207       106.67
        0.14     0.991406      2729665       116.36
        0.14     0.992188      2729665       128.00
        0.14     0.992578      2729665       134.74
        0.14     0.992969      2729665       142.22
        0.14     0.993359      2729665       150.59
        0.14     0.993750      2729665       160.00
        0.14     0.994141      2729665       170.67
        0.14     0.994531      2729665       182.86
        0.14     0.994922      2729665       196.92
        0.14     0.995313      2729665       213.33
        0.15     0.995703      2733991       232.73
        0.15     0.996094      2733991       256.00
        0.15     0.996289      2733991       269.47
        0.15     0.996484      2733991       284.44
        0.15     0.996680      2733991       301.18
        0.15     0.996875      2733991       320.00
        0.15     0.997070      2733991       341.33
        0.16     0.997266      2735842       365.71
        0.16     0.997461      2735842       393.85
        0.16     0.997656      2735842       426.67
        0.17     0.997852      2736752       465.45
        0.17     0.998047      2736752       512.00
        0.17     0.998145      2736752       538.95
        0.17     0.998242      2737224       568.89
        0.18     0.998340      2737517       602.35
        0.19     0.998437      2737711       640.00
        0.20     0.998535      2737852       682.67
        0.22     0.998633      2738088       731.43
        1.51     0.998730      2738343       787.69
        4.13     0.998828      2738606       853.33
        4.19     0.998926      2738878       930.91
        4.22     0.999023      2739193      1024.00
        4.25     0.999072      2739591      1077.89
        4.25     0.999121      2739591      1137.78
        4.25     0.999170      2739591      1204.71
        4.29     0.999219      2740091      1280.00
        4.29     0.999268      2740091      1365.33
        4.29     0.999316      2740091      1462.86
        4.29     0.999365      2740091      1575.38
        4.32     0.999414      2740571      1706.67
        4.32     0.999463      2740571      1861.82
        4.32     0.999512      2740571      2048.00
        4.32     0.999536      2740571      2155.79
        4.35     0.999561      2741053      2275.56
        4.35     0.999585      2741053      2409.41
        4.35     0.999609      2741053      2560.00
        4.35     0.999634      2741053      2730.67
        4.35     0.999658      2741053      2925.71
        4.35     0.999683      2741053      3150.77
        4.35     0.999707      2741053      3413.33
        4.38     0.999731      2741395      3723.64
        4.38     0.999756      2741395      4096.00
        4.38     0.999768      2741395      4311.58
        4.38     0.999780      2741395      4551.11
        4.38     0.999792      2741395      4818.82
        4.38     0.999805      2741395      5120.00
        4.38     0.999817      2741395      5461.33
        4.38     0.999829      2741395      5851.43
        4.38     0.999841      2741395      6301.54
        4.42     0.999854      2741599      6826.67
        4.42     0.999866      2741599      7447.27
        4.42     0.999878      2741599      8192.00
        4.42     0.999884      2741599      8623.16
        4.42     0.999890      2741599      9102.22
        4.42     0.999896      2741599      9637.65
        4.42     0.999902      2741599     10240.00
        4.42     0.999908      2741599     10922.67
        4.42     0.999915      2741599     11702.86
        4.45     0.999921      2741689     12603.08
        4.45     0.999927      2741689     13653.33
        4.45     0.999933      2741689     14894.55
        4.45     0.999939      2741689     16384.00
        4.45     0.999942      2741689     17246.32
        4.45     0.999945      2741689     18204.44
        4.45     0.999948      2741689     19275.29
        4.45     0.999951      2741689     20480.00
        4.48     0.999954      2741733     21845.33
        4.48     0.999957      2741733     23405.71
        4.48     0.999960      2741733     25206.15
        4.48     0.999963      2741733     27306.67
        4.48     0.999966      2741733     29789.09
        4.51     0.999969      2741754     32768.00
        4.51     0.999971      2741754     34492.63
        4.51     0.999973      2741754     36408.89
        4.51     0.999974      2741754     38550.59
        4.51     0.999976      2741754     40960.00
        4.54     0.999977      2741769     43690.67
        4.54     0.999979      2741769     46811.43
        4.54     0.999980      2741769     50412.31
        4.54     0.999982      2741769     54613.33
        4.58     0.999983      2741783     59578.18
        4.58     0.999985      2741783     65536.00
        4.58     0.999986      2741783     68985.26
        4.58     0.999986      2741783     72817.78
        4.58     0.999987      2741783     77101.18
        4.61     0.999988      2741789     81920.00
        4.61     0.999989      2741789     87381.33
        4.61     0.999989      2741789     93622.86
        4.64     0.999990      2741793    100824.62
        4.64     0.999991      2741793    109226.67
        4.74     0.999992      2741797    119156.36
        4.77     0.999992      2741799    131072.00
        4.77     0.999993      2741799    137970.53
        4.80     0.999993      2741803    145635.56
        4.80     0.999994      2741803    154202.35
        4.80     0.999994      2741803    163840.00
        4.80     0.999994      2741803    174762.67
        4.83     0.999995      2741806    187245.71
        4.83     0.999995      2741806    201649.23
        4.83     0.999995      2741806    218453.33
        4.86     0.999996      2741807    238312.73
        5.76     0.999996      2741808    262144.00
        5.79     0.999996      2741814    275941.05
        5.79     0.999997      2741814    291271.11
        5.79     0.999997      2741814    308404.71
        5.79     0.999997      2741814    327680.00
        5.79     0.999997      2741814    349525.33
        5.79     0.999997      2741814    374491.43
        5.79     0.999998      2741814    403298.46
        5.79     0.999998      2741814    436906.67
        5.79     0.999998      2741814    476625.45
        5.79     0.999998      2741814    524288.00
        5.79     0.999998      2741814    551882.11
        5.79     0.999998      2741814    582542.22
        5.79     0.999998      2741814    616809.41
        5.79     0.999998      2741814    655360.00
        5.82     0.999999      2741815    699050.67
        5.82     0.999999      2741815    748982.86
        5.82     0.999999      2741815    806596.92
        5.82     0.999999      2741815    873813.33
        6.21     0.999999      2741816    953250.91
        6.21     0.999999      2741816   1048576.00
        6.21     0.999999      2741816   1103764.21
        6.21     0.999999      2741816   1165084.44
        6.21     0.999999      2741816   1233618.82
        6.21     0.999999      2741816   1310720.00
        6.24     0.999999      2741817   1398101.33
        6.24     0.999999      2741817   1497965.71
        6.24     0.999999      2741817   1613193.85
        6.24     0.999999      2741817   1747626.67
        6.24     0.999999      2741817   1906501.82
        6.24     1.000000      2741817   2097152.00
        6.24     1.000000      2741817   2207528.42
        6.24     1.000000      2741817   2330168.89
        6.24     1.000000      2741817   2467237.65
        6.24     1.000000      2741817   2621440.00
        6.27     1.000000      2741818   2796202.67
        6.27     1.000000      2741818          inf
#[Mean    =        0.088, StdDeviation   =        0.148]
#[Max     =        6.271, Total count    =      2741818]
#[Buckets =           20, SubBuckets     =          256]
