       Value   Percentile   TotalCount 1/(1-Percentile)

        0.17     0.000000            1         1.00
        0.41     0.050000        22527         1.05
        0.45     0.100000        43551         1.11
        0.48     0.150000        58576         1.18
        0.51     0.200000        79236         1.25
        0.53     0.250000        98975         1.33
        0.54     0.300000       123555         1.43
        0.56     0.350000       146463         1.54
        0.57     0.400000       155797         1.67
        0.59     0.450000       178080         1.82
        0.61     0.500000       203636         2.00
        0.62     0.525000       214417         2.11
        0.62     0.550000       214417         2.22
        0.63     0.575000       226445         2.35
        0.64     0.600000       239019         2.50
        0.65     0.625000       251879         2.67
        0.66     0.650000       264684         2.86
        0.66     0.675000       264684         3.08
        0.66     0.700000       276764         3.33
        0.67     0.725000       287884         3.64
        0.68     0.750000       297713         4.00
        0.68     0.762500       297713         4.21
        0.69     0.775000       306143         4.44
        0.69     0.787500       312890         4.71
        0.69     0.800000       312890         5.00
        0.70     0.812500       318348         5.33
        0.71     0.825000       322450         5.71
        0.73     0.837500       328020         6.15
        0.74     0.850000       331220         6.67
        0.79     0.862500       336495         7.27
        0.82     0.875000       342613         8.00
        0.83     0.881250       345274         8.42
        0.84     0.887500       348291         8.89
        0.84     0.893750       348291         9.41
        0.85     0.900000       351868        10.00
        0.85     0.906250       355677        10.67
        0.85     0.912500       355677        11.43
        0.86     0.918750       359979        12.31
        0.87     0.925000       364256        13.33
        0.87     0.931250       364256        14.55
        0.88     0.937500       368543        16.00
        0.88     0.940625       368543        16.84
        0.88     0.943750       368543        17.78
        0.89     0.946875       372613        18.82
        0.89     0.950000       372613        20.00
        0.89     0.953125       372613        21.33
        0.89     0.956250       372613        22.86
        0.90     0.959375       376398        24.62
        0.90     0.962500       376398        26.67
        0.90     0.965625       376398        29.09
        0.90     0.968750       379520        32.00
        0.90     0.970313       379520        33.68
        0.90     0.971875       379520        35.56
        0.90     0.973437       379520        37.65
        0.91     0.975000       382011        40.00
        0.91     0.976562       382011        42.67
        0.91     0.978125       382011        45.71
        0.91     0.979688       382011        49.23
        0.92     0.981250       383970        53.33
        0.92     0.982812       383970        58.18
        0.92     0.984375       383970        64.00
        0.92     0.985156       383970        67.37
        0.92     0.985938       383970        71.11
        0.93     0.986719       385409        75.29
        0.93     0.987500       385409        80.00
        0.93     0.988281       385409        85.33
        0.93     0.989062       385409        91.43
        0.94     0.989844       386490        98.46
        0.94     0.990625       386490       106.67
        0.94     0.991406       386490       116.36
        0.94     0.992188       386490       128.00
        0.94     0.992578       387263       134.74
        0.94     0.992969       387263       142.22
        0.94     0.993359       387263       150.59
        0.94     0.993750       387263       160.00
        0.94     0.994141       387263       170.67
        0.95     0.994531       387799       182.86
        0.95     0.994922       387799       196.92
        0.95     0.995313       387799       213.33
        0.95     0.995703       387799       232.73
        0.96     0.996094       388180       256.00
        0.96     0.996289       388180       269.47
        0.96     0.996484       388180       284.44
        0.96     0.996680       388180       301.18
        0.97     0.996875       388447       320.00
        0.97     0.997070       388447       341.33
        0.97     0.997266       388447       365.71
        0.97     0.997461       388447       393.85
        0.97     0.997656       388654       426.67
        0.97     0.997852       388654       465.45
        0.98     0.998047       388790       512.00
        0.98     0.998145       388790       538.95
        0.98     0.998242       388790       568.89
        0.98     0.998340       388790       602.35
        0.99     0.998437       388892       640.00
        0.99     0.998535       388892       682.67
        1.00     0.998633       388970       731.43
        1.00     0.998730       388970       787.69
        1.00     0.998828       388970       853.33
        1.01     0.998926       389031       930.91
        1.01     0.999023       389095      1024.00
        1.01     0.999072       389095      1077.89
        1.01     0.999121       389095      1137.78
        1.02     0.999170       389142      1204.71
        1.02     0.999219       389142      1280.00
        1.02     0.999268       389142      1365.33
        1.03     0.999316       389187      1462.86
        1.03     0.999365       389187      1575.38
        1.04     0.999414       389218      1706.67
        1.04     0.999463       389218      1861.82
        1.05     0.999512       389244      2048.00
        1.05     0.999536       389264      2155.79
        1.05     0.999561       389264      2275.56
        1.05     0.999585       389264      2409.41
        1.06     0.999609       389276      2560.00
        1.07     0.999634       389289      2730.67
        1.08     0.999658       389303      2925.71
        1.08     0.999683       389303      3150.77
        1.09     0.999707       389311      3413.33
        1.09     0.999731       389323      3723.64
        1.11     0.999756       389334      4096.00
        1.12     0.999768       389337      4311.58
        1.15     0.999780       389340      4551.11
        1.18     0.999792       389346      4818.82
        1.20     0.999805       389349      5120.00
        1.24     0.999817       389355      5461.33
        1.27     0.999829       389359      5851.43
        1.29     0.999841       389365      6301.54
        1.34     0.999854       389368      6826.67
        1.52     0.999866       389373      7447.27
        2.37     0.999878       389378      8192.00
        2.54     0.999884       389380      8623.16
        3.62     0.999890       389383      9102.22
        3.68     0.999896       389385      9637.65
        3.73     0.999902       389387     10240.00
        3.77     0.999908       389392     10922.67
        3.77     0.999915       389392     11702.86
        3.87     0.999921       389396     12603.08
        3.94     0.999927       389397     13653.33
        4.00     0.999933       389400     14894.55
        4.58     0.999939       389403     16384.00
        4.58     0.999942       389403     17246.32
        4.64     0.999945       389406     18204.44
        4.64     0.999948       389406     19275.29
        4.64     0.999951       389406     20480.00
        4.74     0.999954       389409     21845.33
        4.74     0.999957       389409     23405.71
        4.83     0.999960       389410     25206.15
        4.96     0.999963       389412     27306.67
        4.96     0.999966       389412     29789.09
        6.59     0.999969       389416     32768.00
        6.59     0.999971       389416     34492.63
        6.59     0.999973       389416     36408.89
        6.59     0.999974       389416     38550.59
        6.59     0.999976       389416     40960.00
        6.62     0.999977       389417     43690.67
        6.62     0.999979       389417     46811.43
        6.66     0.999980       389418     50412.31
        6.66     0.999982       389418     54613.33
        6.69     0.999983       389419     59578.18
        6.78     0.999985       389421     65536.00
        6.78     0.999986       389421     68985.26
        6.78     0.999986       389421     72817.78
        6.78     0.999987       389421     77101.18
        6.78     0.999988       389421     81920.00
        6.78     0.999989       389421     87381.33
        6.78     0.999989       389421     93622.86
        6.88     0.999990       389422    100824.62
        6.88     0.999991       389422    109226.67
        6.88     0.999992       389422    119156.36
        6.91     0.999992       389423    131072.00
        6.91     0.999993       389423    137970.53
        6.91     0.999993       389423    145635.56
        6.91     0.999994       389423    154202.35
        6.91     0.999994       389423    163840.00
        6.91     0.999994       389423    174762.67
        6.91     0.999995       389423    187245.71
        7.04     0.999995       389424    201649.23
        7.04     0.999995       389424    218453.33
        7.04     0.999996       389424    238312.73
        7.04     0.999996       389424    262144.00
        7.04     0.999996       389424    275941.05
        7.04     0.999997       389424    291271.11
        7.04     0.999997       389424    308404.71
        7.04     0.999997       389424    327680.00
        7.04     0.999997       389424    349525.33
        7.04     0.999997       389424    374491.43
        7.23     0.999998       389425    403298.46
        7.23     1.000000       389425          inf
#[Mean    =        0.616, StdDeviation   =        0.142]
#[Max     =        7.231, Total count    =       389425]
#[Buckets =           20, SubBuckets     =          256]
