       Value   Percentile   TotalCount 1/(1-Percentile)

        0.06     0.000000           20         1.00
        0.14     0.050000      1271465         1.05
        0.16     0.100000      1759905         1.11
        0.28     0.150000      2547370         1.18
        0.42     0.200000      3602425         1.25
        0.45     0.250000      4169510         1.33
        0.50     0.300000      5077125         1.43
        0.54     0.350000      5818775         1.54
        0.56     0.400000      7645760         1.67
        0.56     0.450000      7645760         1.82
        0.57     0.500000     10225495         2.00
        0.57     0.525000     10225495         2.11
        0.57     0.550000     10225495         2.22
        0.57     0.575000     10225495         2.35
        0.57     0.600000     10225495         2.50
        0.57     0.625000     11837285         2.67
        0.57     0.650000     11837285         2.86
        0.57     0.675000     11837285         3.08
        0.57     0.700000     11837285         3.33
        0.58     0.725000     12582935         3.64
        0.58     0.750000     12582935         4.00
        0.58     0.762500     12582935         4.21
        0.59     0.775000     12998380         4.44
        0.59     0.787500     12998380         4.71
        0.60     0.800000     13246815         5.00
        0.61     0.812500     13426140         5.33
        0.62     0.825000     13706650         5.71
        0.64     0.837500     13923720         6.15
        0.66     0.850000     14112480         6.67
        0.67     0.862500     14342185         7.27
        0.68     0.875000     14481770         8.00
        0.69     0.881250     14604080         8.42
        0.69     0.887500     14747315         8.89
        0.69     0.893750     14747315         9.41
        0.70     0.900000     14916015        10.00
        0.71     0.906250     15084515        10.67
        0.71     0.912500     15084515        11.43
        0.72     0.918750     15217370        12.31
        0.73     0.925000     15327360        13.33
        0.73     0.931250     15432430        14.55
        0.74     0.937500     15539585        16.00
        0.74     0.940625     15539585        16.84
        0.75     0.943750     15635720        17.78
        0.75     0.946875     15635720        18.82
        0.76     0.950000     15717750        20.00
        0.77     0.953125     15786365        21.33
        0.77     0.956250     15786365        22.86
        0.78     0.959375     15843710        24.62
        0.78     0.962500     15894625        26.67
        0.79     0.965625     15934785        29.09
        0.81     0.968750     16000435        32.00
        0.81     0.970313     16027615        33.68
        0.82     0.971875     16051210        35.56
        0.83     0.973437     16074245        37.65
        0.84     0.975000     16096475        40.00
        0.85     0.976562     16119100        42.67
        0.85     0.978125     16137975        45.71
        0.87     0.979688     16170550        49.23
        0.89     0.981250     16196115        53.33
        0.90     0.982812     16218475        58.18
        0.93     0.984375     16247615        64.00
        0.94     0.985156     16254765        67.37
        0.96     0.985938     16269890        71.11
        0.98     0.986719     16280515        75.29
        1.01     0.987500     16293300        80.00
        1.05     0.988281     16306415        85.33
        1.11     0.989062     16318985        91.43
        1.18     0.989844     16331790        98.46
        1.25     0.990625     16344640       106.67
        1.38     0.991406     16356810       116.36
        1.53     0.992188     16369645       128.00
        1.64     0.992578     16375945       134.74
        1.83     0.992969     16382430       142.22
        2.13     0.993359     16388990       150.59
        2.51     0.993750     16395205       160.00
        3.02     0.994141     16401780       170.67
        3.77     0.994531     16408100       182.86
        4.93     0.994922     16414720       196.92
        6.30     0.995313     16421080       213.33
        7.07     0.995703     16427460       232.73
        7.62     0.996094     16434230       256.00
        7.81     0.996289     16437125       269.47
        8.10     0.996484     16440410       284.44
        8.38     0.996680     16444190       301.18
        8.57     0.996875     16447010       320.00
        8.89     0.997070     16450060       341.33
        9.34     0.997266     16453510       365.71
        9.73     0.997461     16456505       393.85
       10.30     0.997656     16459760       426.67
       11.97     0.997852     16462915       465.45
       13.18     0.998047     16466095       512.00
       14.34     0.998145     16467745       538.95
       15.42     0.998242     16469415       568.89
       16.19     0.998340     16471330       602.35
       16.51     0.998437     16472940       640.00
       17.02     0.998535     16474165       682.67
       18.18     0.998633     16475765       731.43
       19.71     0.998730     16477535       787.69
       20.22     0.998828     16479315       853.33
       20.61     0.998926     16480945       930.91
       21.63     0.999023     16482340      1024.00
       22.14     0.999072     16483135      1077.89
       22.78     0.999121     16483995      1137.78
       23.42     0.999170     16484690      1204.71
       24.06     0.999219     16485455      1280.00
       24.19     0.999268     16489550      1365.33
       24.19     0.999316     16489550      1462.86
       24.19     0.999365     16489550      1575.38
       24.19     0.999414     16489550      1706.67
       24.19     0.999463     16489550      1861.82
       24.32     0.999512     16490505      2048.00
       24.45     0.999536     16491095      2155.79
       24.45     0.999561     16491095      2275.56
       24.70     0.999585     16491615      2409.41
       24.96     0.999609     16491910      2560.00
       25.73     0.999634     16492325      2730.67
       26.24     0.999658     16492735      2925.71
       26.62     0.999683     16493100      3150.77
       27.52     0.999707     16493490      3413.33
       28.03     0.999731     16493945      3723.64
       28.16     0.999756     16494760      4096.00
       28.16     0.999768     16494760      4311.58
       28.16     0.999780     16494760      4551.11
       28.29     0.999792     16495450      4818.82
       28.29     0.999805     16495450      5120.00
       28.29     0.999817     16495450      5461.33
       28.41     0.999829     16495905      5851.43
       28.41     0.999841     16495905      6301.54
       28.41     0.999854     16495905      6826.67
       28.54     0.999866     16496155      7447.27
       28.80     0.999878     16496335      8192.00
       29.05     0.999884     16496440      8623.16
       29.31     0.999890     16496560      9102.22
       29.44     0.999896     16496605      9637.65
       30.08     0.999902     16496725     10240.00
       30.34     0.999908     16496810     10922.67
       30.59     0.999915     16496915     11702.86
       30.98     0.999921     16497045     12603.08
       31.23     0.999927     16497125     13653.33
       31.61     0.999933     16497210     14894.55
       32.13     0.999939     16497345     16384.00
       32.26     0.999942     16497545     17246.32
       32.26     0.999945     16497545     18204.44
       32.26     0.999948     16497545     19275.29
       32.26     0.999951     16497545     20480.00
       32.38     0.999954     16497690     21845.33
       32.38     0.999957     16497690     23405.71
       32.38     0.999960     16497690     25206.15
       32.51     0.999963     16497775     27306.67
       32.51     0.999966     16497775     29789.09
       34.05     0.999969     16497875     32768.00
       34.05     0.999971     16497875     34492.63
       34.05     0.999973     16497875     36408.89
       34.30     0.999974     16497890     38550.59
       34.56     0.999976     16497930     40960.00
       35.84     0.999977     16497945     43690.67
       36.09     0.999979     16497975     46811.43
       36.35     0.999980     16498070     50412.31
       36.35     0.999982     16498070     54613.33
       36.35     0.999983     16498070     59578.18
       36.35     0.999985     16498070     65536.00
       36.86     0.999986     16498110     68985.26
       36.86     0.999986     16498110     72817.78
       36.86     0.999987     16498110     77101.18
       36.86     0.999988     16498110     81920.00
       39.68     0.999989     16498150     87381.33
       39.68     0.999989     16498150     93622.86
       39.68     0.999990     16498150    100824.62
       40.19     0.999991     16498220    109226.67
       40.19     0.999992     16498220    119156.36
       40.19     0.999992     16498220    131072.00
       40.19     0.999993     16498220    137970.53
       40.19     0.999993     16498220    145635.56
       40.19     0.999994     16498220    154202.35
       40.19     0.999994     16498220    163840.00
       40.19     0.999994     16498220    174762.67
       40.45     0.999995     16498310    187245.71
       40.45     1.000000     16498310          inf
#[Mean    =        0.580, StdDeviation   =        1.079]
#[Max     =       40.447, Total count    =     16498310]
#[Buckets =           20, SubBuckets     =          256]
