       Value   Percentile   TotalCount 1/(1-Percentile)

        0.06     0.000000           40         1.00
        0.14     0.050000      2542930         1.05
        0.16     0.100000      3519810         1.11
        0.28     0.150000      5094740         1.18
        0.42     0.200000      7204850         1.25
        0.45     0.250000      8339020         1.33
        0.50     0.300000     10154250         1.43
        0.54     0.350000     11637550         1.54
        0.56     0.400000     15291520         1.67
        0.56     0.450000     15291520         1.82
        0.57     0.500000     20450990         2.00
        0.57     0.525000     20450990         2.11
        0.57     0.550000     20450990         2.22
        0.57     0.575000     20450990         2.35
        0.57     0.600000     20450990         2.50
        0.57     0.625000     23674570         2.67
        0.57     0.650000     23674570         2.86
        0.57     0.675000     23674570         3.08
        0.57     0.700000     23674570         3.33
        0.58     0.725000     25165870         3.64
        0.58     0.750000     25165870         4.00
        0.58     0.762500     25165870         4.21
        0.59     0.775000     25996760         4.44
        0.59     0.787500     25996760         4.71
        0.60     0.800000     26493630         5.00
        0.61     0.812500     26852280         5.33
        0.62     0.825000     27413300         5.71
        0.64     0.837500     27847440         6.15
        0.66     0.850000     28224960         6.67
        0.67     0.862500     28684370         7.27
        0.68     0.875000     28963540         8.00
        0.69     0.881250     29208160         8.42
        0.69     0.887500     29494630         8.89
        0.69     0.893750     29494630         9.41
        0.70     0.900000     29832030        10.00
        0.71     0.906250     30169030        10.67
        0.71     0.912500     30169030        11.43
        0.72     0.918750     30434740        12.31
        0.73     0.925000     30654720        13.33
        0.73     0.931250     30864860        14.55
        0.74     0.937500     31079170        16.00
        0.74     0.940625     31079170        16.84
        0.75     0.943750     31271440        17.78
        0.75     0.946875     31271440        18.82
        0.76     0.950000     31435500        20.00
        0.77     0.953125     31572730        21.33
        0.77     0.956250     31572730        22.86
        0.78     0.959375     31687420        24.62
        0.78     0.962500     31789250        26.67
        0.79     0.965625     31869570        29.09
        0.81     0.968750     32000870        32.00
        0.81     0.970313     32055230        33.68
        0.82     0.971875     32102420        35.56
        0.83     0.973437     32148490        37.65
        0.84     0.975000     32192950        40.00
        0.85     0.976562     32238200        42.67
        0.85     0.978125     32275950        45.71
        0.87     0.979688     32341100        49.23
        0.89     0.981250     32392230        53.33
        0.90     0.982812     32436950        58.18
        0.93     0.984375     32495230        64.00
        0.94     0.985156     32509530        67.37
        0.96     0.985938     32539780        71.11
        0.98     0.986719     32561030        75.29
        1.01     0.987500     32586600        80.00
        1.05     0.988281     32612830        85.33
        1.11     0.989062     32637970        91.43
        1.18     0.989844     32663580        98.46
        1.25     0.990625     32689280       106.67
        1.38     0.991406     32713620       116.36
        1.53     0.992188     32739290       128.00
        1.64     0.992578     32751890       134.74
        1.83     0.992969     32764860       142.22
        2.13     0.993359     32777980       150.59
        2.51     0.993750     32790410       160.00
        3.02     0.994141     32803560       170.67
        3.77     0.994531     32816200       182.86
        4.93     0.994922     32829440       196.92
        6.30     0.995313     32842160       213.33
        7.07     0.995703     32854920       232.73
        7.62     0.996094     32868460       256.00
        7.81     0.996289     32874250       269.47
        8.10     0.996484     32880820       284.44
        8.38     0.996680     32888380       301.18
        8.57     0.996875     32894020       320.00
        8.89     0.997070     32900120       341.33
        9.34     0.997266     32907020       365.71
        9.73     0.997461     32913010       393.85
       10.30     0.997656     32919520       426.67
       11.97     0.997852     32925830       465.45
       13.18     0.998047     32932190       512.00
       14.34     0.998145     32935490       538.95
       15.42     0.998242     32938830       568.89
       16.19     0.998340     32942660       602.35
       16.51     0.998437     32945880       640.00
       17.02     0.998535     32948330       682.67
       18.18     0.998633     32951530       731.43
       19.71     0.998730     32955070       787.69
       20.22     0.998828     32958630       853.33
       20.61     0.998926     32961890       930.91
       21.63     0.999023     32964680      1024.00
       22.14     0.999072     32966270      1077.89
       22.78     0.999121     32967990      1137.78
       23.42     0.999170     32969380      1204.71
       24.06     0.999219     32970910      1280.00
       24.19     0.999268     32979100      1365.33
       24.19     0.999316     32979100      1462.86
       24.19     0.999365     32979100      1575.38
       24.19     0.999414     32979100      1706.67
       24.19     0.999463     32979100      1861.82
       24.32     0.999512     32981010      2048.00
       24.45     0.999536     32982190      2155.79
       24.45     0.999561     32982190      2275.56
       24.70     0.999585     32983230      2409.41
       24.96     0.999609     32983820      2560.00
       25.73     0.999634     32984650      2730.67
       26.24     0.999658     32985470      2925.71
       26.62     0.999683     32986200      3150.77
       27.52     0.999707     32986980      3413.33
       28.03     0.999731     32987890      3723.64
       28.16     0.999756     32989520      4096.00
       28.16     0.999768     32989520      4311.58
       28.16     0.999780     32989520      4551.11
       28.29     0.999792     32990900      4818.82
       28.29     0.999805     32990900      5120.00
       28.29     0.999817     32990900      5461.33
       28.41     0.999829     32991810      5851.43
       28.41     0.999841     32991810      6301.54
       28.41     0.999854     32991810      6826.67
       28.54     0.999866     32992310      7447.27
       28.80     0.999878     32992670      8192.00
       29.05     0.999884     32992880      8623.16
       29.31     0.999890     32993120      9102.22
       29.44     0.999896     32993210      9637.65
       30.08     0.999902     32993450     10240.00
       30.34     0.999908     32993620     10922.67
       30.59     0.999915     32993830     11702.86
       30.98     0.999921     32994090     12603.08
       31.23     0.999927     32994250     13653.33
       31.61     0.999933     32994420     14894.55
       32.13     0.999939     32994690     16384.00
       32.26     0.999942     32995090     17246.32
       32.26     0.999945     32995090     18204.44
       32.26     0.999948     32995090     19275.29
       32.26     0.999951     32995090     20480.00
       32.38     0.999954     32995380     21845.33
       32.38     0.999957     32995380     23405.71
       32.38     0.999960     32995380     25206.15
       32.51     0.999963     32995550     27306.67
       32.51     0.999966     32995550     29789.09
       34.05     0.999969     32995750     32768.00
       34.05     0.999971     32995750     34492.63
       34.05     0.999973     32995750     36408.89
       34.30     0.999974     32995780     38550.59
       34.56     0.999976     32995860     40960.00
       35.84     0.999977     32995890     43690.67
       36.09     0.999979     32995950     46811.43
       36.35     0.999980     32996140     50412.31
       36.35     0.999982     32996140     54613.33
       36.35     0.999983     32996140     59578.18
       36.35     0.999985     32996140     65536.00
       36.86     0.999986     32996220     68985.26
       36.86     0.999986     32996220     72817.78
       36.86     0.999987     32996220     77101.18
       36.86     0.999988     32996220     81920.00
       39.68     0.999989     32996300     87381.33
       39.68     0.999989     32996300     93622.86
       39.68     0.999990     32996300    100824.62
       40.19     0.999991     32996440    109226.67
       40.19     0.999992     32996440    119156.36
       40.19     0.999992     32996440    131072.00
       40.19     0.999993     32996440    137970.53
       40.19     0.999993     32996440    145635.56
       40.19     0.999994     32996440    154202.35
       40.19     0.999994     32996440    163840.00
       40.19     0.999994     32996440    174762.67
       40.45     0.999995     32996620    187245.71
       40.45     1.000000     32996620          inf
#[Mean    =        0.580, StdDeviation   =        1.079]
#[Max     =       40.447, Total count    =     32996620]
#[Buckets =           20, SubBuckets     =          256]
