       Value   Percentile   TotalCount 1/(1-Percentile)

        0.28     0.000000            1         1.00
        0.62     0.050000        17780         1.05
        0.66     0.100000        37341         1.11
        0.67     0.150000        52854         1.18
        0.69     0.200000        73023         1.25
        0.69     0.250000        84930         1.33
        0.70     0.300000        97850         1.43
        0.72     0.350000       126532         1.54
        0.73     0.400000       141451         1.67
        0.73     0.450000       156998         1.82
        0.74     0.500000       172534         2.00
        0.74     0.525000       172534         2.11
        0.75     0.550000       187616         2.22
        0.75     0.575000       187616         2.35
        0.76     0.600000       202378         2.50
        0.77     0.625000       216513         2.67
        0.77     0.650000       216513         2.86
        0.78     0.675000       229669         3.08
        0.78     0.700000       229669         3.33
        0.78     0.725000       241644         3.64
        0.79     0.750000       252530         4.00
        0.79     0.762500       252530         4.21
        0.79     0.775000       252530         4.44
        0.80     0.787500       262320         4.71
        0.80     0.800000       262320         5.00
        0.81     0.812500       271144         5.33
        0.81     0.825000       271144         5.71
        0.81     0.837500       278854         6.15
        0.81     0.850000       278854         6.67
        0.82     0.862500       285592         7.27
        0.82     0.875000       285592         8.00
        0.83     0.881250       291717         8.42
        0.83     0.887500       291717         8.89
        0.83     0.893750       291717         9.41
        0.84     0.900000       296812        10.00
        0.84     0.906250       296812        10.67
        0.84     0.912500       296812        11.43
        0.85     0.918750       301144        12.31
        0.85     0.925000       301144        13.33
        0.85     0.931250       304909        14.55
        0.85     0.937500       304909        16.00
        0.86     0.940625       308053        16.84
        0.86     0.943750       308053        17.78
        0.86     0.946875       308053        18.82
        0.86     0.950000       308053        20.00
        0.87     0.953125       310755        21.33
        0.87     0.956250       310755        22.86
        0.88     0.959375       313076        24.62
        0.88     0.962500       313076        26.67
        0.89     0.965625       315028        29.09
        0.89     0.968750       315028        32.00
        0.89     0.970313       315028        33.68
        0.90     0.971875       316621        35.56
        0.90     0.973437       316621        37.65
        0.90     0.975000       316621        40.00
        0.90     0.976562       317950        42.67
        0.90     0.978125       317950        45.71
        0.90     0.979688       317950        49.23
        0.91     0.981250       319020        53.33
        0.91     0.982812       319020        58.18
        0.92     0.984375       319979        64.00
        0.92     0.985156       319979        67.37
        0.92     0.985938       319979        71.11
        0.92     0.986719       319979        75.29
        0.93     0.987500       320780        80.00
        0.93     0.988281       320780        85.33
        0.93     0.989062       320780        91.43
        0.94     0.989844       321409        98.46
        0.94     0.990625       321409       106.67
        0.94     0.991406       321932       116.36
        0.94     0.992188       321932       128.00
        0.94     0.992578       321932       134.74
        0.95     0.992969       322376       142.22
        0.95     0.993359       322376       150.59
        0.95     0.993750       322376       160.00
        0.95     0.994141       322376       170.67
        0.96     0.994531       322714       182.86
        0.96     0.994922       322714       196.92
        0.97     0.995313       322978       213.33
        0.97     0.995703       322978       232.73
        0.97     0.996094       323199       256.00
        0.97     0.996289       323199       269.47
        0.97     0.996484       323199       284.44
        0.97     0.996680       323199       301.18
        0.98     0.996875       323381       320.00
        0.98     0.997070       323381       341.33
        0.98     0.997266       323381       365.71
        0.99     0.997461       323523       393.85
        0.99     0.997656       323523       426.67
        1.00     0.997852       323616       465.45
        1.01     0.998047       323718       512.00
        1.01     0.998145       323718       538.95
        1.01     0.998242       323718       568.89
        1.01     0.998340       323780       602.35
        1.01     0.998437       323780       640.00
        1.02     0.998535       323840       682.67
        1.02     0.998633       323840       731.43
        1.03     0.998730       323893       787.69
        1.03     0.998828       323893       853.33
        1.04     0.998926       323934       930.91
        1.05     0.999023       323959      1024.00
        1.05     0.999072       323959      1077.89
        1.05     0.999121       323984      1137.78
        1.06     0.999170       324009      1204.71
        1.06     0.999219       324009      1280.00
        1.07     0.999268       324028      1365.33
        1.08     0.999316       324041      1462.86
        1.09     0.999365       324069      1575.38
        1.10     0.999414       324083      1706.67
        1.11     0.999463       324087      1861.82
        1.13     0.999512       324107      2048.00
        1.14     0.999536       324120      2155.79
        1.14     0.999561       324120      2275.56
        1.14     0.999585       324129      2409.41
        1.15     0.999609       324139      2560.00
        1.16     0.999634       324146      2730.67
        1.17     0.999658       324154      2925.71
        1.18     0.999683       324159      3150.77
        1.19     0.999707       324172      3413.33
        1.19     0.999731       324172      3723.64
        1.21     0.999756       324181      4096.00
        1.22     0.999768       324191      4311.58
        1.22     0.999780       324191      4551.11
        1.22     0.999792       324196      4818.82
        1.22     0.999805       324196      5120.00
        1.24     0.999817       324201      5461.33
        1.25     0.999829       324207      5851.43
        1.26     0.999841       324209      6301.54
        1.28     0.999854       324214      6826.67
        1.29     0.999866       324216      7447.27
        1.30     0.999878       324221      8192.00
        1.31     0.999884       324225      8623.16
        1.31     0.999890       324225      9102.22
        1.32     0.999896       324226      9637.65
        1.34     0.999902       324228     10240.00
        1.37     0.999908       324230     10922.67
        1.38     0.999915       324232     11702.86
        1.42     0.999921       324234     12603.08
        2.40     0.999927       324236     13653.33
        3.09     0.999933       324238     14894.55
        3.33     0.999939       324240     16384.00
        3.65     0.999942       324241     17246.32
        3.66     0.999945       324242     18204.44
        3.74     0.999948       324243     19275.29
        3.82     0.999951       324244     20480.00
        3.84     0.999954       324245     21845.33
        4.09     0.999957       324246     23405.71
        4.16     0.999960       324248     25206.15
        4.16     0.999963       324248     27306.67
        4.35     0.999966       324249     29789.09
        4.64     0.999969       324251     32768.00
        4.64     0.999971       324251     34492.63
        4.64     0.999973       324251     36408.89
        4.64     0.999974       324251     38550.59
        4.70     0.999976       324252     40960.00
        4.70     0.999977       324252     43690.67
        4.74     0.999979       324253     46811.43
        4.74     0.999980       324253     50412.31
        4.86     0.999982       324255     54613.33
        4.86     0.999983       324255     59578.18
        4.86     0.999985       324255     65536.00
        4.86     0.999986       324255     68985.26
        4.86     0.999986       324255     72817.78
        4.86     0.999987       324255     77101.18
        4.93     0.999988       324256     81920.00
        4.93     0.999989       324256     87381.33
        4.93     0.999989       324256     93622.86
        4.93     0.999990       324256    100824.62
        5.05     0.999991       324257    109226.67
        5.05     0.999992       324257    119156.36
        5.05     0.999992       324257    131072.00
        5.05     0.999993       324257    137970.53
        5.05     0.999993       324257    145635.56
        5.05     0.999994       324257    154202.35
        5.41     0.999994       324258    163840.00
        5.41     0.999994       324258    174762.67
        5.41     0.999995       324258    187245.71
        5.41     0.999995       324258    201649.23
        5.41     0.999995       324258    218453.33
        5.41     0.999996       324258    238312.73
        5.41     0.999996       324258    262144.00
        5.41     0.999996       324258    275941.05
        5.41     0.999997       324258    291271.11
        5.41     0.999997       324258    308404.71
        5.50     0.999997       324259    327680.00
        5.50     1.000000       324259          inf
#[Mean    =        0.739, StdDeviation   =        0.084]
#[Max     =        5.503, Total count    =       324259]
#[Buckets =           20, SubBuckets     =          256]
