       Value   Percentile   TotalCount 1/(1-Percentile)

        0.14     0.000000            1         1.00
        0.34     0.050000        56434         1.05
        0.35     0.100000       102555         1.11
        0.35     0.150000       102555         1.18
        0.36     0.200000       169967         1.25
        0.36     0.250000       169967         1.33
        0.37     0.300000       256291         1.43
        0.37     0.350000       256291         1.54
        0.38     0.400000       353612         1.67
        0.38     0.450000       353612         1.82
        0.38     0.500000       353612         2.00
        0.38     0.525000       353612         2.11
        0.38     0.550000       353612         2.22
        0.38     0.575000       445997         2.35
        0.38     0.600000       445997         2.50
        0.38     0.625000       445997         2.67
        0.38     0.650000       445997         2.86
        0.38     0.675000       445997         3.08
        0.39     0.700000       519145         3.33
        0.39     0.725000       519145         3.64
        0.39     0.750000       519145         4.00
        0.39     0.762500       519145         4.21
        0.39     0.775000       519145         4.44
        0.39     0.787500       519145         4.71
        0.39     0.800000       519145         5.00
        0.40     0.812500       569593         5.33
        0.40     0.825000       569593         5.71
        0.40     0.837500       569593         6.15
        0.40     0.850000       569593         6.67
        0.40     0.862500       569593         7.27
        0.40     0.875000       569593         8.00
        0.40     0.881250       569593         8.42
        0.40     0.887500       569593         8.89
        0.41     0.893750       600502         9.41
        0.41     0.900000       600502        10.00
        0.41     0.906250       600502        10.67
        0.41     0.912500       600502        11.43
        0.41     0.918750       600502        12.31
        0.41     0.925000       600502        13.33
        0.41     0.931250       600502        14.55
        0.41     0.937500       618622        16.00
        0.41     0.940625       618622        16.84
        0.41     0.943750       618622        17.78
        0.41     0.946875       618622        18.82
        0.41     0.950000       618622        20.00
        0.41     0.953125       618622        21.33
        0.41     0.956250       618622        22.86
        0.41     0.959375       618622        24.62
        0.41     0.962500       618622        26.67
        0.42     0.965625       628845        29.09
        0.42     0.968750       628845        32.00
        0.42     0.970313       628845        33.68
        0.42     0.971875       628845        35.56
        0.42     0.973437       628845        37.65
        0.42     0.975000       628845        40.00
        0.42     0.976562       628845        42.67
        0.42     0.978125       628845        45.71
        0.42     0.979688       628845        49.23
        0.43     0.981250       634361        53.33
        0.43     0.982812       634361        58.18
        0.43     0.984375       634361        64.00
        0.43     0.985156       634361        67.37
        0.43     0.985938       634361        71.11
        0.43     0.986719       634361        75.29
        0.43     0.987500       634361        80.00
        0.43     0.988281       634361        85.33
        0.43     0.989062       634361        91.43
        0.44     0.989844       637365        98.46
        0.44     0.990625       637365       106.67
        0.44     0.991406       637365       116.36
        0.44     0.992188       637365       128.00
        0.44     0.992578       637365       134.74
        0.44     0.992969       637365       142.22
        0.44     0.993359       637365       150.59
        0.44     0.993750       637365       160.00
        0.45     0.994141       639027       170.67
        0.45     0.994531       639027       182.86
        0.45     0.994922       639027       196.92
        0.45     0.995313       639027       213.33
        0.45     0.995703       639027       232.73
        0.45     0.996094       639027       256.00
        0.45     0.996289       639027       269.47
        0.45     0.996484       639027       284.44
        0.46     0.996680       639867       301.18
        0.46     0.996875       639867       320.00
        0.46     0.997070       639867       341.33
        0.46     0.997266       639867       365.71
        0.46     0.997461       639867       393.85
        0.46     0.997656       639867       426.67
        0.46     0.997852       640325       465.45
        0.46     0.998047       640325       512.00
        0.46     0.998145       640325       538.95
        0.46     0.998242       640325       568.89
        0.46     0.998340       640325       602.35
        0.46     0.998437       640325       640.00
        0.46     0.998535       640325       682.67
        0.47     0.998633       640593       731.43
        0.47     0.998730       640593       787.69
        0.47     0.998828       640593       853.33
        0.47     0.998926       640593       930.91
        0.48     0.999023       640728      1024.00
        0.48     0.999072       640728      1077.89
        0.48     0.999121       640728      1137.78
        0.48     0.999170       640728      1204.71
        0.49     0.999219       640816      1280.00
        0.49     0.999268       640816      1365.33
        0.49     0.999316       640859      1462.86
        0.49     0.999365       640859      1575.38
        0.51     0.999414       640903      1706.67
        0.52     0.999463       640919      1861.82
        0.54     0.999512       640958      2048.00
        0.55     0.999536       640972      2155.79
        0.56     0.999561       640987      2275.56
        0.57     0.999585       640994      2409.41
        0.58     0.999609       641011      2560.00
        0.66     0.999634       641030      2730.67
        0.68     0.999658       641042      2925.71
        0.69     0.999683       641065      3150.77
        0.70     0.999707       641077      3413.33
        0.72     0.999731       641102      3723.64
        0.73     0.999756       641110      4096.00
        0.73     0.999768       641122      4311.58
        0.73     0.999780       641122      4551.11
        0.74     0.999792       641132      4818.82
        0.75     0.999805       641136      5120.00
        0.81     0.999817       641143      5461.33
        0.85     0.999829       641159      5851.43
        0.85     0.999841       641159      6301.54
        0.86     0.999854       641180      6826.67
        0.86     0.999866       641180      7447.27
        0.87     0.999878       641192      8192.00
        0.87     0.999884       641192      8623.16
        0.87     0.999890       641192      9102.22
        0.88     0.999896       641199      9637.65
        0.88     0.999902       641199     10240.00
        0.89     0.999908       641214     10922.67
        0.89     0.999915       641214     11702.86
        0.89     0.999921       641214     12603.08
        0.89     0.999927       641214     13653.33
        0.90     0.999933       641222     14894.55
        0.90     0.999939       641222     16384.00
        0.90     0.999942       641233     17246.32
        0.90     0.999945       641233     18204.44
        0.90     0.999948       641233     19275.29
        0.90     0.999951       641233     20480.00
        0.90     0.999954       641233     21845.33
        0.90     0.999957       641233     23405.71
        0.91     0.999960       641240     25206.15
        0.91     0.999963       641240     27306.67
        0.91     0.999966       641240     29789.09
        0.92     0.999969       641245     32768.00
        0.92     0.999971       641245     34492.63
        0.92     0.999973       641245     36408.89
        0.92     0.999974       641245     38550.59
        0.92     0.999976       641245     40960.00
        0.93     0.999977       641249     43690.67
        0.93     0.999979       641249     46811.43
        0.93     0.999980       641249     50412.31
        0.93     0.999982       641249     54613.33
        0.94     0.999983       641251     59578.18
        0.94     0.999985       641251     65536.00
        0.94     0.999986       641251     68985.26
        0.94     0.999986       641253     72817.78
        0.94     0.999987       641253     77101.18
        0.94     0.999988       641253     81920.00
        0.94     0.999989       641253     87381.33
        0.95     0.999989       641254     93622.86
        0.95     0.999990       641254    100824.62
        0.96     0.999991       641256    109226.67
        0.96     0.999992       641256    119156.36
        0.96     0.999992       641256    131072.00
        0.96     0.999993       641256    137970.53
        0.96     0.999993       641256    145635.56
        0.96     0.999994       641256    154202.35
        0.97     0.999994       641258    163840.00
        0.97     0.999994       641258    174762.67
        0.97     0.999995       641258    187245.71
        0.97     0.999995       641258    201649.23
        0.97     0.999995       641258    218453.33
        0.97     0.999996       641258    238312.73
        0.97     0.999996       641258    262144.00
        0.97     0.999996       641258    275941.05
        0.97     0.999997       641258    291271.11
        0.97     0.999997       641258    308404.71
        0.98     0.999997       641259    327680.00
        0.98     0.999997       641259    349525.33
        0.98     0.999997       641259    374491.43
        0.98     0.999998       641259    403298.46
        0.98     0.999998       641259    436906.67
        0.98     0.999998       641259    476625.45
        0.98     0.999998       641259    524288.00
        0.98     0.999998       641259    551882.11
        0.98     0.999998       641259    582542.22
        0.98     0.999998       641259    616809.41
        1.14     0.999998       641260    655360.00
        1.14     1.000000       641260          inf
#[Mean    =        0.374, StdDeviation   =        0.025]
#[Max     =        1.143, Total count    =       641260]
#[Buckets =           20, SubBuckets     =          256]
