       Value   Percentile   TotalCount 1/(1-Percentile)

        0.17     0.000000            1         1.00
        0.34     0.050000        27213         1.05
        0.36     0.100000        52620         1.11
        0.40     0.150000        72886         1.18
        0.43     0.200000       108760         1.25
        0.44     0.250000       125695         1.33
        0.45     0.300000       142741         1.43
        0.46     0.350000       176849         1.54
        0.47     0.400000       191603         1.67
        0.49     0.450000       219250         1.82
        0.51     0.500000       247909         2.00
        0.51     0.525000       247909         2.11
        0.52     0.550000       268150         2.22
        0.53     0.575000       291167         2.35
        0.53     0.600000       291167         2.50
        0.54     0.625000       315052         2.67
        0.54     0.650000       315052         2.86
        0.54     0.675000       339651         3.08
        0.54     0.700000       339651         3.33
        0.55     0.725000       362391         3.64
        0.55     0.750000       362391         4.00
        0.55     0.762500       362391         4.21
        0.56     0.775000       380330         4.44
        0.56     0.787500       380330         4.71
        0.56     0.800000       380330         5.00
        0.57     0.812500       391789         5.33
        0.57     0.825000       391789         5.71
        0.57     0.837500       398101         6.15
        0.58     0.850000       401207         6.67
        0.68     0.862500       407628         7.27
        0.70     0.875000       413801         8.00
        0.71     0.881250       418850         8.42
        0.72     0.887500       426144         8.89
        0.72     0.893750       426144         9.41
        0.72     0.900000       426144        10.00
        0.73     0.906250       435437        10.67
        0.73     0.912500       435437        11.43
        0.73     0.918750       435437        12.31
        0.73     0.925000       445258        13.33
        0.73     0.931250       445258        14.55
        0.73     0.937500       445258        16.00
        0.73     0.940625       445258        16.84
        0.74     0.943750       454316        17.78
        0.74     0.946875       454316        18.82
        0.74     0.950000       454316        20.00
        0.74     0.953125       454316        21.33
        0.74     0.956250       454316        22.86
        0.74     0.959375       454316        24.62
        0.74     0.962500       454316        26.67
        0.75     0.965625       461241        29.09
        0.75     0.968750       461241        32.00
        0.75     0.970313       461241        33.68
        0.75     0.971875       461241        35.56
        0.75     0.973437       461241        37.65
        0.75     0.975000       461241        40.00
        0.75     0.976562       461241        42.67
        0.76     0.978125       465885        45.71
        0.76     0.979688       465885        49.23
        0.76     0.981250       465885        53.33
        0.76     0.982812       465885        58.18
        0.76     0.984375       465885        64.00
        0.76     0.985156       465885        67.37
        0.76     0.985938       465885        71.11
        0.76     0.986719       465885        75.29
        0.77     0.987500       468760        80.00
        0.77     0.988281       468760        85.33
        0.77     0.989062       468760        91.43
        0.77     0.989844       468760        98.46
        0.77     0.990625       468760       106.67
        0.77     0.991406       468760       116.36
        0.77     0.992188       468760       128.00
        0.77     0.992578       468760       134.74
        0.77     0.992969       468760       142.22
        0.78     0.993359       470364       150.59
        0.78     0.993750       470364       160.00
        0.78     0.994141       470364       170.67
        0.78     0.994531       470364       182.86
        0.78     0.994922       470364       196.92
        0.78     0.995313       470364       213.33
        0.78     0.995703       470364       232.73
        0.78     0.996094       470364       256.00
        0.78     0.996289       470364       269.47
        0.78     0.996484       470364       284.44
        0.78     0.996680       471152       301.18
        0.78     0.996875       471152       320.00
        0.78     0.997070       471152       341.33
        0.78     0.997266       471152       365.71
        0.78     0.997461       471152       393.85
        0.78     0.997656       471152       426.67
        0.78     0.997852       471152       465.45
        0.78     0.998047       471152       512.00
        0.78     0.998145       471152       538.95
        0.78     0.998242       471152       568.89
        0.79     0.998340       471530       602.35
        0.79     0.998437       471530       640.00
        0.79     0.998535       471530       682.67
        0.79     0.998633       471530       731.43
        0.79     0.998730       471530       787.69
        0.79     0.998828       471530       853.33
        0.79     0.998926       471530       930.91
        0.79     0.999023       471530      1024.00
        0.80     0.999072       471689      1077.89
        0.80     0.999121       471689      1137.78
        0.80     0.999170       471689      1204.71
        0.80     0.999219       471689      1280.00
        0.80     0.999268       471689      1365.33
        0.80     0.999316       471689      1462.86
        0.80     0.999365       471689      1575.38
        0.81     0.999414       471771      1706.67
        0.81     0.999463       471771      1861.82
        0.81     0.999512       471771      2048.00
        0.81     0.999536       471771      2155.79
        0.81     0.999561       471771      2275.56
        0.81     0.999585       471807      2409.41
        0.81     0.999609       471807      2560.00
        0.81     0.999634       471807      2730.67
        0.82     0.999658       471823      2925.71
        0.82     0.999683       471823      3150.77
        0.83     0.999707       471845      3413.33
        0.84     0.999731       471855      3723.64
        0.85     0.999756       471865      4096.00
        0.85     0.999768       471865      4311.58
        0.85     0.999780       471873      4551.11
        0.86     0.999792       471880      4818.82
        0.86     0.999805       471880      5120.00
        0.88     0.999817       471890      5461.33
        0.90     0.999829       471895      5851.43
        0.90     0.999841       471898      6301.54
        0.92     0.999854       471904      6826.67
        1.01     0.999866       471909      7447.27
        1.05     0.999878       471915      8192.00
        1.09     0.999884       471919      8623.16
        1.10     0.999890       471921      9102.22
        1.18     0.999896       471924      9637.65
        1.22     0.999902       471926     10240.00
        1.25     0.999908       471930     10922.67
        1.26     0.999915       471932     11702.86
        1.35     0.999921       471935     12603.08
        1.40     0.999927       471938     13653.33
        1.47     0.999933       471941     14894.55
        1.58     0.999939       471945     16384.00
        1.58     0.999942       471945     17246.32
        1.67     0.999945       471947     18204.44
        1.77     0.999948       471948     19275.29
        1.78     0.999951       471949     20480.00
        1.83     0.999954       471952     21845.33
        1.83     0.999957       471952     23405.71
        1.86     0.999960       471954     25206.15
        1.90     0.999963       471955     27306.67
        2.17     0.999966       471957     29789.09
        2.21     0.999969       471958     32768.00
        2.27     0.999971       471959     34492.63
        2.35     0.999973       471960     36408.89
        2.35     0.999974       471960     38550.59
        2.40     0.999976       471961     40960.00
        2.45     0.999977       471962     43690.67
        2.45     0.999979       471962     46811.43
        2.58     0.999980       471963     50412.31
        2.59     0.999982       471964     54613.33
       11.65     0.999983       471965     59578.18
       11.65     0.999985       471965     65536.00
       11.71     0.999986       471966     68985.26
       11.71     0.999986       471966     72817.78
       11.71     0.999987       471966     77101.18
       11.78     0.999988       471967     81920.00
       11.78     0.999989       471967     87381.33
       11.78     0.999989       471967     93622.86
       11.84     0.999990       471968    100824.62
       11.84     0.999991       471968    109226.67
       13.57     0.999992       471969    119156.36
       13.57     0.999992       471969    131072.00
       13.57     0.999993       471969    137970.53
       13.57     0.999993       471969    145635.56
       13.57     0.999994       471969    154202.35
       13.63     0.999994       471970    163840.00
       13.63     0.999994       471970    174762.67
       13.63     0.999995       471970    187245.71
       13.63     0.999995       471970    201649.23
       13.63     0.999995       471970    218453.33
       13.76     0.999996       471971    238312.73
       13.76     0.999996       471971    262144.00
       13.76     0.999996       471971    275941.05
       13.76     0.999997       471971    291271.11
       13.76     0.999997       471971    308404.71
       13.76     0.999997       471971    327680.00
       13.76     0.999997       471971    349525.33
       13.76     0.999997       471971    374491.43
       13.76     0.999998       471971    403298.46
       13.76     0.999998       471971    436906.67
       13.82     0.999998       471972    476625.45
       13.82     1.000000       471972          inf
#[Mean    =        0.508, StdDeviation   =        0.124]
#[Max     =       13.823, Total count    =       471972]
#[Buckets =           20, SubBuckets     =          256]
