       Value   Percentile   TotalCount 1/(1-Percentile)

        0.25     0.000000            1         1.00
        0.57     0.050000        17848         1.05
        0.60     0.100000        35572         1.11
        0.61     0.150000        54323         1.18
        0.63     0.200000        80094         1.25
        0.64     0.250000        95848         1.33
        0.65     0.300000       113118         1.43
        0.66     0.350000       131783         1.54
        0.66     0.400000       151556         1.67
        0.67     0.450000       172147         1.82
        0.68     0.500000       192384         2.00
        0.68     0.525000       192384         2.11
        0.69     0.550000       212510         2.22
        0.69     0.575000       212510         2.35
        0.69     0.600000       231407         2.50
        0.69     0.625000       231407         2.67
        0.69     0.650000       231407         2.86
        0.70     0.675000       248995         3.08
        0.70     0.700000       248995         3.33
        0.71     0.725000       265066         3.64
        0.72     0.750000       279372         4.00
        0.72     0.762500       279372         4.21
        0.72     0.775000       279372         4.44
        0.73     0.787500       291672         4.71
        0.73     0.800000       291672         5.00
        0.73     0.812500       291672         5.33
        0.73     0.825000       302543         5.71
        0.73     0.837500       302543         6.15
        0.73     0.850000       302543         6.67
        0.74     0.862500       311635         7.27
        0.74     0.875000       311635         8.00
        0.75     0.881250       319561         8.42
        0.75     0.887500       319561         8.89
        0.75     0.893750       319561         9.41
        0.75     0.900000       319561        10.00
        0.76     0.906250       326127        10.67
        0.76     0.912500       326127        11.43
        0.77     0.918750       331578        12.31
        0.77     0.925000       331578        13.33
        0.77     0.931250       331578        14.55
        0.78     0.937500       336102        16.00
        0.78     0.940625       336102        16.84
        0.78     0.943750       336102        17.78
        0.78     0.946875       339721        18.82
        0.78     0.950000       339721        20.00
        0.78     0.953125       339721        21.33
        0.78     0.956250       339721        22.86
        0.79     0.959375       342647        24.62
        0.79     0.962500       342647        26.67
        0.80     0.965625       345059        29.09
        0.80     0.968750       345059        32.00
        0.80     0.970313       345059        33.68
        0.80     0.971875       345059        35.56
        0.81     0.973437       347004        37.65
        0.81     0.975000       347004        40.00
        0.81     0.976562       347004        42.67
        0.81     0.978125       348573        45.71
        0.81     0.979688       348573        49.23
        0.81     0.981250       348573        53.33
        0.82     0.982812       349920        58.18
        0.82     0.984375       349920        64.00
        0.82     0.985156       349920        67.37
        0.83     0.985938       350995        71.11
        0.83     0.986719       350995        75.29
        0.83     0.987500       350995        80.00
        0.83     0.988281       350995        85.33
        0.84     0.989062       351769        91.43
        0.84     0.989844       351769        98.46
        0.84     0.990625       351769       106.67
        0.85     0.991406       352436       116.36
        0.85     0.992188       352436       128.00
        0.85     0.992578       352436       134.74
        0.85     0.992969       352986       142.22
        0.85     0.993359       352986       150.59
        0.85     0.993750       352986       160.00
        0.85     0.994141       352986       170.67
        0.86     0.994531       353414       182.86
        0.86     0.994922       353414       196.92
        0.86     0.995313       353414       213.33
        0.87     0.995703       353710       232.73
        0.87     0.996094       353710       256.00
        0.87     0.996289       353710       269.47
        0.88     0.996484       353959       284.44
        0.88     0.996680       353959       301.18
        0.88     0.996875       353959       320.00
        0.88     0.997070       353959       341.33
        0.89     0.997266       354162       365.71
        0.89     0.997461       354162       393.85
        0.89     0.997656       354162       426.67
        0.90     0.997852       354316       465.45
        0.90     0.998047       354316       512.00
        0.90     0.998145       354418       538.95
        0.90     0.998242       354418       568.89
        0.90     0.998340       354418       602.35
        0.91     0.998437       354509       640.00
        0.91     0.998535       354509       682.67
        0.91     0.998633       354509       731.43
        0.92     0.998730       354570       787.69
        0.93     0.998828       354611       853.33
        0.94     0.998926       354643       930.91
        0.94     0.999023       354678      1024.00
        0.94     0.999072       354678      1077.89
        0.95     0.999121       354704      1137.78
        0.95     0.999170       354704      1204.71
        0.96     0.999219       354732      1280.00
        0.97     0.999268       354744      1365.33
        0.98     0.999316       354765      1462.86
        0.99     0.999365       354780      1575.38
        1.00     0.999414       354789      1706.67
        1.01     0.999463       354806      1861.82
        1.04     0.999512       354825      2048.00
        1.05     0.999536       354830      2155.79
        1.06     0.999561       354840      2275.56
        1.07     0.999585       354848      2409.41
        1.09     0.999609       354862      2560.00
        1.09     0.999634       354874      2730.67
        1.09     0.999658       354874      2925.71
        1.11     0.999683       354884      3150.77
        1.12     0.999707       354891      3413.33
        1.14     0.999731       354903      3723.64
        1.15     0.999756       354913      4096.00
        1.15     0.999768       354913      4311.58
        1.16     0.999780       354920      4551.11
        1.17     0.999792       354923      4818.82
        1.18     0.999805       354926      5120.00
        1.19     0.999817       354933      5461.33
        1.20     0.999829       354937      5851.43
        1.21     0.999841       354938      6301.54
        1.22     0.999854       354943      6826.67
        1.23     0.999866       354948      7447.27
        1.25     0.999878       354951      8192.00
        1.25     0.999884       354953      8623.16
        1.26     0.999890       354955      9102.22
        1.31     0.999896       354958      9637.65
        1.33     0.999902       354960     10240.00
        1.38     0.999908       354962     10922.67
        2.62     0.999915       354965     11702.86
        2.78     0.999921       354967     12603.08
        2.80     0.999927       354968     13653.33
        3.02     0.999933       354971     14894.55
        3.06     0.999939       354973     16384.00
        3.15     0.999942       354974     17246.32
        3.18     0.999945       354975     18204.44
        3.20     0.999948       354976     19275.29
        3.21     0.999951       354977     20480.00
        3.25     0.999954       354978     21845.33
        3.31     0.999957       354979     23405.71
        3.44     0.999960       354980     25206.15
        3.46     0.999963       354982     27306.67
        3.47     0.999966       354983     29789.09
        3.69     0.999969       354984     32768.00
        3.69     0.999971       354984     34492.63
        3.81     0.999973       354985     36408.89
        3.81     0.999974       354985     38550.59
        3.82     0.999976       354986     40960.00
        3.82     0.999977       354986     43690.67
        3.92     0.999979       354987     46811.43
        3.92     0.999980       354987     50412.31
        4.08     0.999982       354988     54613.33
        4.16     0.999983       354990     59578.18
        4.16     0.999985       354990     65536.00
        4.16     0.999986       354990     68985.26
        4.16     0.999986       354990     72817.78
        4.16     0.999987       354990     77101.18
        4.16     0.999988       354990     81920.00
        4.16     0.999989       354990     87381.33
        4.19     0.999989       354991     93622.86
        4.19     0.999990       354991    100824.62
        4.19     0.999991       354991    109226.67
        4.83     0.999992       354992    119156.36
        4.83     0.999992       354992    131072.00
        4.83     0.999993       354992    137970.53
        4.83     0.999993       354992    145635.56
        4.83     0.999994       354992    154202.35
        4.83     0.999994       354992    163840.00
        4.83     0.999994       354992    174762.67
        4.86     0.999995       354993    187245.71
        4.86     0.999995       354993    201649.23
        4.86     0.999995       354993    218453.33
        4.86     0.999996       354993    238312.73
        4.86     0.999996       354993    262144.00
        4.86     0.999996       354993    275941.05
        4.86     0.999997       354993    291271.11
        4.86     0.999997       354993    308404.71
        4.86     0.999997       354993    327680.00
        4.86     0.999997       354993    349525.33
        4.89     0.999997       354994    374491.43
        4.89     1.000000       354994          inf
#[Mean    =        0.675, StdDeviation   =        0.069]
#[Max     =        4.895, Total count    =       354994]
#[Buckets =           20, SubBuckets     =          256]
