       Value   Percentile   TotalCount 1/(1-Percentile)

        0.26     0.000000            1         1.00
        0.62     0.050000        18493         1.05
        0.66     0.100000        35613         1.11
        0.67     0.150000        49358         1.18
        0.69     0.200000        66909         1.25
        0.70     0.250000        88671         1.33
        0.71     0.300000       100956         1.43
        0.72     0.350000       114031         1.54
        0.73     0.400000       127633         1.67
        0.74     0.450000       155819         1.82
        0.75     0.500000       169883         2.00
        0.75     0.525000       169883         2.11
        0.76     0.550000       183583         2.22
        0.76     0.575000       183583         2.35
        0.77     0.600000       196765         2.50
        0.78     0.625000       209563         2.67
        0.78     0.650000       209563         2.86
        0.78     0.675000       221569         3.08
        0.79     0.700000       232647         3.33
        0.79     0.725000       232647         3.64
        0.80     0.750000       242968         4.00
        0.81     0.762500       252504         4.21
        0.81     0.775000       252504         4.44
        0.81     0.787500       252504         4.71
        0.81     0.800000       260885         5.00
        0.81     0.812500       260885         5.33
        0.82     0.825000       268427         5.71
        0.82     0.837500       268427         6.15
        0.83     0.850000       275125         6.67
        0.83     0.862500       275125         7.27
        0.84     0.875000       280960         8.00
        0.85     0.881250       286216         8.42
        0.85     0.887500       286216         8.89
        0.85     0.893750       286216         9.41
        0.85     0.900000       290803        10.00
        0.85     0.906250       290803        10.67
        0.86     0.912500       294705        11.43
        0.86     0.918750       294705        12.31
        0.87     0.925000       298159        13.33
        0.87     0.931250       298159        14.55
        0.88     0.937500       301210        16.00
        0.88     0.940625       301210        16.84
        0.88     0.943750       301210        17.78
        0.89     0.946875       303796        18.82
        0.89     0.950000       303796        20.00
        0.90     0.953125       305858        21.33
        0.90     0.956250       305858        22.86
        0.90     0.959375       307627        24.62
        0.90     0.962500       307627        26.67
        0.91     0.965625       309184        29.09
        0.91     0.968750       309184        32.00
        0.92     0.970313       310554        33.68
        0.92     0.971875       310554        35.56
        0.92     0.973437       310554        37.65
        0.93     0.975000       311721        40.00
        0.93     0.976562       311721        42.67
        0.94     0.978125       312713        45.71
        0.94     0.979688       312713        49.23
        0.94     0.981250       313531        53.33
        0.94     0.982812       313531        58.18
        0.95     0.984375       314258        64.00
        0.95     0.985156       314258        67.37
        0.96     0.985938       314863        71.11
        0.96     0.986719       314863        75.29
        0.97     0.987500       315342        80.00
        0.97     0.988281       315342        85.33
        0.97     0.989062       315715        91.43
        0.98     0.989844       316037        98.46
        0.98     0.990625       316037       106.67
        0.99     0.991406       316336       116.36
        1.00     0.992188       316597       128.00
        1.00     0.992578       316597       134.74
        1.01     0.992969       316799       142.22
        1.01     0.993359       316956       150.59
        1.02     0.993750       317091       160.00
        1.03     0.994141       317211       170.67
        1.04     0.994531       317313       182.86
        1.05     0.994922       317392       196.92
        1.06     0.995313       317530       213.33
        1.08     0.995703       317626       232.73
        1.11     0.996094       317722       256.00
        1.14     0.996289       317796       269.47
        1.18     0.996484       317843       284.44
        1.23     0.996680       317906       301.18
        1.31     0.996875       317973       320.00
        1.50     0.997070       318030       341.33
        2.17     0.997266       318096       365.71
        2.24     0.997461       318185       393.85
        2.25     0.997656       318218       426.67
        2.29     0.997852       318300       465.45
        2.30     0.998047       318349       512.00
        2.32     0.998145       318397       538.95
        2.33     0.998242       318446       568.89
        2.33     0.998340       318446       602.35
        2.35     0.998437       318507       640.00
        2.35     0.998535       318507       682.67
        2.37     0.998633       318549       731.43
        2.38     0.998730       318588       787.69
        2.40     0.998828       318627       853.33
        2.40     0.998926       318627       930.91
        2.42     0.999023       318661      1024.00
        2.43     0.999072       318689      1077.89
        2.43     0.999121       318689      1137.78
        2.45     0.999170       318716      1204.71
        2.45     0.999219       318716      1280.00
        2.46     0.999268       318742      1365.33
        2.48     0.999316       318765      1462.86
        2.48     0.999365       318765      1575.38
        2.50     0.999414       318791      1706.67
        2.51     0.999463       318801      1861.82
        2.53     0.999512       318814      2048.00
        2.54     0.999536       318826      2155.79
        2.54     0.999561       318826      2275.56
        2.56     0.999585       318834      2409.41
        2.58     0.999609       318848      2560.00
        2.58     0.999634       318848      2730.67
        2.61     0.999658       318859      2925.71
        2.62     0.999683       318863      3150.77
        2.64     0.999707       318873      3413.33
        2.65     0.999731       318884      3723.64
        2.67     0.999756       318892      4096.00
        2.67     0.999768       318892      4311.58
        2.69     0.999780       318896      4551.11
        2.70     0.999792       318899      4818.82
        2.72     0.999805       318902      5120.00
        2.77     0.999817       318906      5461.33
        2.80     0.999829       318911      5851.43
        2.85     0.999841       318914      6301.54
        2.88     0.999854       318918      6826.67
        2.98     0.999866       318923      7447.27
        3.04     0.999878       318927      8192.00
        3.09     0.999884       318930      8623.16
        3.09     0.999890       318930      9102.22
        3.10     0.999896       318931      9637.65
        3.17     0.999902       318933     10240.00
        3.25     0.999908       318937     10922.67
        3.25     0.999915       318937     11702.86
        3.28     0.999921       318939     12603.08
        3.36     0.999927       318942     13653.33
        3.38     0.999933       318944     14894.55
        3.39     0.999939       318945     16384.00
        3.41     0.999942       318946     17246.32
        3.42     0.999945       318947     18204.44
        3.44     0.999948       318948     19275.29
        3.87     0.999951       318950     20480.00
        3.87     0.999954       318950     21845.33
        4.01     0.999957       318951     23405.71
        4.22     0.999960       318952     25206.15
        4.45     0.999963       318953     27306.67
        4.54     0.999966       318954     29789.09
        4.58     0.999969       318956     32768.00
        4.58     0.999971       318956     34492.63
        4.58     0.999973       318956     36408.89
        4.58     0.999974       318956     38550.59
        4.64     0.999976       318957     40960.00
        4.64     0.999977       318957     43690.67
        4.96     0.999979       318959     46811.43
        4.96     0.999980       318959     50412.31
        4.96     0.999982       318959     54613.33
        4.96     0.999983       318959     59578.18
        4.99     0.999985       318961     65536.00
        4.99     0.999986       318961     68985.26
        4.99     0.999986       318961     72817.78
        4.99     0.999987       318961     77101.18
        4.99     0.999988       318961     81920.00
        4.99     0.999989       318961     87381.33
        4.99     0.999989       318961     93622.86
        4.99     0.999990       318961    100824.62
        5.25     0.999991       318962    109226.67
        5.25     0.999992       318962    119156.36
        5.25     0.999992       318962    131072.00
        5.25     0.999993       318962    137970.53
        5.25     0.999993       318962    145635.56
        5.25     0.999994       318962    154202.35
        5.31     0.999994       318963    163840.00
        5.31     0.999994       318963    174762.67
        5.31     0.999995       318963    187245.71
        5.31     0.999995       318963    201649.23
        5.31     0.999995       318963    218453.33
        5.31     0.999996       318963    238312.73
        5.31     0.999996       318963    262144.00
        5.31     0.999996       318963    275941.05
        5.31     0.999997       318963    291271.11
        5.31     0.999997       318963    308404.71
        5.34     0.999997       318964    327680.00
        5.34     1.000000       318964          inf
#[Mean    =        0.751, StdDeviation   =        0.126]
#[Max     =        5.343, Total count    =       318964]
#[Buckets =           20, SubBuckets     =          256]
