       Value   Percentile   TotalCount 1/(1-Percentile)

        0.17     0.000000            2         1.00
        0.69     0.050000        13701         1.05
        0.74     0.100000        27171         1.11
        0.78     0.150000        39027         1.18
        0.81     0.200000        53836         1.25
        0.82     0.250000        62484         1.33
        0.85     0.300000        77837         1.43
        0.86     0.350000        89047         1.54
        0.88     0.400000       100308         1.67
        0.90     0.450000       117903         1.82
        0.92     0.500000       130108         2.00
        0.93     0.525000       136051         2.11
        0.94     0.550000       141858         2.22
        0.94     0.575000       147163         2.35
        0.95     0.600000       151944         2.50
        0.96     0.625000       156279         2.67
        0.97     0.650000       163330         2.86
        0.99     0.675000       169452         3.08
        1.01     0.700000       176767         3.33
        1.04     0.725000       182335         3.64
        1.07     0.750000       187735         4.00
        1.09     0.762500       191286         4.21
        1.11     0.775000       193754         4.44
        1.14     0.787500       197522         4.71
        1.15     0.800000       200182         5.00
        1.18     0.812500       204385         5.33
        1.19     0.825000       207458         5.71
        1.21     0.837500       210864         6.15
        1.22     0.850000       212666         6.67
        1.23     0.862500       216317         7.27
        1.25     0.875000       219961         8.00
        1.25     0.881250       221640         8.42
        1.26     0.887500       223216         8.89
        1.27     0.893750       224843         9.41
        1.28     0.900000       226349        10.00
        1.29     0.906250       227707        10.67
        1.29     0.912500       229082        11.43
        1.30     0.918750       230342        12.31
        1.31     0.925000       231553        13.33
        1.32     0.931250       232723        14.55
        1.33     0.937500       234929        16.00
        1.34     0.940625       235978        16.84
        1.34     0.943750       235978        17.78
        1.35     0.946875       237063        18.82
        1.36     0.950000       238065        20.00
        1.37     0.953125       238983        21.33
        1.37     0.956250       238983        22.86
        1.38     0.959375       239912        24.62
        1.38     0.962500       240788        26.67
        1.39     0.965625       241671        29.09
        1.40     0.968750       242534        32.00
        1.40     0.970313       242534        33.68
        1.41     0.971875       243361        35.56
        1.41     0.973437       243361        37.65
        1.42     0.975000       244119        40.00
        1.42     0.976562       244119        42.67
        1.42     0.978125       244828        45.71
        1.42     0.979688       244828        49.23
        1.43     0.981250       245441        53.33
        1.44     0.982812       246046        58.18
        1.44     0.984375       246046        64.00
        1.45     0.985156       246530        67.37
        1.45     0.985938       246530        71.11
        1.45     0.986719       246530        75.29
        1.46     0.987500       246954        80.00
        1.46     0.988281       246954        85.33
        1.46     0.989062       247356        91.43
        1.46     0.989844       247356        98.46
        1.47     0.990625       247701       106.67
        1.47     0.991406       247701       116.36
        1.48     0.992188       247969       128.00
        1.49     0.992578       248163       134.74
        1.49     0.992969       248163       142.22
        1.50     0.993359       248348       150.59
        1.50     0.993750       248348       160.00
        1.50     0.994141       248489       170.67
        1.50     0.994531       248489       182.86
        1.51     0.994922       248618       196.92
        1.52     0.995313       248713       213.33
        1.53     0.995703       248817       232.73
        1.53     0.996094       248892       256.00
        1.54     0.996289       248945       269.47
        1.55     0.996484       249011       284.44
        1.55     0.996680       249011       301.18
        1.56     0.996875       249062       320.00
        1.57     0.997070       249130       341.33
        1.58     0.997266       249170       365.71
        1.59     0.997461       249197       393.85
        1.61     0.997656       249257       426.67
        1.62     0.997852       249317       465.45
        1.63     0.998047       249344       512.00
        1.65     0.998145       249391       538.95
        1.66     0.998242       249410       568.89
        1.66     0.998340       249430       602.35
        1.67     0.998437       249452       640.00
        1.68     0.998535       249472       682.67
        1.70     0.998633       249500       731.43
        1.71     0.998730       249525       787.69
        1.73     0.998828       249552       853.33
        1.74     0.998926       249565       930.91
        1.78     0.999023       249590      1024.00
        1.83     0.999072       249603      1077.89
        1.90     0.999121       249612      1137.78
        1.94     0.999170       249625      1204.71
        1.98     0.999219       249636      1280.00
        2.08     0.999268       249649      1365.33
        2.17     0.999316       249663      1462.86
        2.24     0.999365       249674      1575.38
        2.27     0.999414       249685      1706.67
        2.33     0.999463       249701      1861.82
        2.38     0.999512       249710      2048.00
        2.42     0.999536       249717      2155.79
        2.43     0.999561       249722      2275.56
        2.46     0.999585       249732      2409.41
        2.48     0.999609       249735      2560.00
        2.51     0.999634       249740      2730.67
        2.53     0.999658       249746      2925.71
        2.58     0.999683       249755      3150.77
        2.61     0.999707       249758      3413.33
        2.70     0.999731       249764      3723.64
        2.77     0.999756       249772      4096.00
        2.81     0.999768       249775      4311.58
        2.85     0.999780       249777      4551.11
        2.90     0.999792       249785      4818.82
        2.90     0.999805       249785      5120.00
        2.93     0.999817       249787      5461.33
        3.01     0.999829       249790      5851.43
        3.10     0.999841       249793      6301.54
        3.15     0.999854       249795      6826.67
        3.18     0.999866       249798      7447.27
        3.34     0.999878       249801      8192.00
        3.52     0.999884       249803      8623.16
        3.71     0.999890       249804      9102.22
       11.78     0.999896       249806      9637.65
       11.97     0.999902       249807     10240.00
       14.08     0.999908       249809     10922.67
       14.27     0.999915       249812     11702.86
       14.27     0.999921       249812     12603.08
       14.97     0.999927       249813     13653.33
       15.62     0.999933       249815     14894.55
       16.32     0.999939       249817     16384.00
       16.32     0.999942       249817     17246.32
       16.38     0.999945       249819     18204.44
       16.38     0.999948       249819     19275.29
       16.38     0.999951       249819     20480.00
       16.51     0.999954       249821     21845.33
       16.51     0.999957       249821     23405.71
       17.92     0.999960       249823     25206.15
       17.92     0.999963       249823     27306.67
       17.92     0.999966       249823     29789.09
       18.05     0.999969       249824     32768.00
       18.05     0.999971       249824     34492.63
       18.69     0.999973       249825     36408.89
       18.69     0.999974       249825     38550.59
       18.69     0.999976       249825     40960.00
       18.82     0.999977       249827     43690.67
       18.82     0.999979       249827     46811.43
       18.82     0.999980       249827     50412.31
       18.82     0.999982       249827     54613.33
       18.82     0.999983       249827     59578.18
       20.35     0.999985       249828     65536.00
       20.35     0.999986       249828     68985.26
       20.35     0.999986       249828     72817.78
       20.35     0.999987       249828     77101.18
       20.35     0.999988       249828     81920.00
       20.48     0.999989       249831     87381.33
       20.48     1.000000       249831          inf
#[Mean    =        0.959, StdDeviation   =        0.264]
#[Max     =       20.479, Total count    =       249831]
#[Buckets =           20, SubBuckets     =          256]
