       Value   Percentile   TotalCount 1/(1-Percentile)

        0.21     0.000000            1         1.00
        0.42     0.050000        24648         1.05
        0.45     0.100000        41077         1.11
        0.49     0.150000        58523         1.18
        0.52     0.200000        77052         1.25
        0.54     0.250000        96821         1.33
        0.55     0.300000       121892         1.43
        0.57     0.350000       145436         1.54
        0.57     0.400000       154668         1.67
        0.60     0.450000       175145         1.82
        0.62     0.500000       198271         2.00
        0.63     0.525000       208487         2.11
        0.64     0.550000       220163         2.22
        0.65     0.575000       232731         2.35
        0.65     0.600000       232731         2.50
        0.66     0.625000       245752         2.67
        0.66     0.650000       258764         2.86
        0.67     0.675000       271407         3.08
        0.67     0.700000       271407         3.33
        0.68     0.725000       283362         3.64
        0.69     0.750000       294180         4.00
        0.69     0.762500       294180         4.21
        0.69     0.775000       303460         4.44
        0.69     0.787500       303460         4.71
        0.70     0.800000       310769         5.00
        0.71     0.812500       316498         5.33
        0.72     0.825000       320867         5.71
        0.73     0.837500       323960         6.15
        0.74     0.850000       327566         6.67
        0.80     0.862500       331801         7.27
        0.84     0.875000       338438         8.00
        0.85     0.881250       341259         8.42
        0.85     0.887500       344610         8.89
        0.85     0.893750       344610         9.41
        0.86     0.900000       348604        10.00
        0.87     0.906250       352926        10.67
        0.87     0.912500       352926        11.43
        0.88     0.918750       357604        12.31
        0.88     0.925000       357604        13.33
        0.89     0.931250       362368        14.55
        0.89     0.937500       362368        16.00
        0.89     0.940625       362368        16.84
        0.90     0.943750       366946        17.78
        0.90     0.946875       366946        18.82
        0.90     0.950000       366946        20.00
        0.90     0.953125       366946        21.33
        0.90     0.956250       371117        22.86
        0.90     0.959375       371117        24.62
        0.90     0.962500       371117        26.67
        0.91     0.965625       374843        29.09
        0.91     0.968750       374843        32.00
        0.91     0.970313       374843        33.68
        0.91     0.971875       374843        35.56
        0.91     0.973437       374843        37.65
        0.92     0.975000       377830        40.00
        0.92     0.976562       377830        42.67
        0.92     0.978125       377830        45.71
        0.92     0.979688       377830        49.23
        0.92     0.981250       377830        53.33
        0.93     0.982812       380080        58.18
        0.93     0.984375       380080        64.00
        0.93     0.985156       380080        67.37
        0.93     0.985938       380080        71.11
        0.93     0.986719       380080        75.29
        0.93     0.987500       380080        80.00
        0.94     0.988281       381640        85.33
        0.94     0.989062       381640        91.43
        0.94     0.989844       381640        98.46
        0.94     0.990625       381640       106.67
        0.94     0.991406       381640       116.36
        0.94     0.992188       382759       128.00
        0.94     0.992578       382759       134.74
        0.94     0.992969       382759       142.22
        0.94     0.993359       382759       150.59
        0.94     0.993750       382759       160.00
        0.94     0.994141       382759       170.67
        0.94     0.994531       382759       182.86
        0.94     0.994922       382759       196.92
        0.95     0.995313       383514       213.33
        0.95     0.995703       383514       232.73
        0.95     0.996094       383514       256.00
        0.95     0.996289       383514       269.47
        0.95     0.996484       383514       284.44
        0.95     0.996680       383514       301.18
        0.95     0.996875       383514       320.00
        0.96     0.997070       383932       341.33
        0.96     0.997266       383932       365.71
        0.96     0.997461       383932       393.85
        0.96     0.997656       383932       426.67
        0.96     0.997852       383932       465.45
        0.96     0.998047       383932       512.00
        0.97     0.998145       384205       538.95
        0.97     0.998242       384205       568.89
        0.97     0.998340       384205       602.35
        0.97     0.998437       384205       640.00
        0.97     0.998535       384205       682.67
        0.97     0.998633       384205       731.43
        0.97     0.998730       384205       787.69
        0.97     0.998828       384368       853.33
        0.97     0.998926       384368       930.91
        0.97     0.999023       384368      1024.00
        0.97     0.999072       384368      1077.89
        0.97     0.999121       384368      1137.78
        0.97     0.999170       384368      1204.71
        0.98     0.999219       384474      1280.00
        0.98     0.999268       384474      1365.33
        0.98     0.999316       384474      1462.86
        0.98     0.999365       384474      1575.38
        0.98     0.999414       384474      1706.67
        0.98     0.999463       384474      1861.82
        0.99     0.999512       384532      2048.00
        0.99     0.999536       384532      2155.79
        0.99     0.999561       384532      2275.56
        0.99     0.999585       384532      2409.41
        0.99     0.999609       384532      2560.00
        1.00     0.999634       384571      2730.67
        1.00     0.999658       384571      2925.71
        1.00     0.999683       384571      3150.77
        1.00     0.999707       384571      3413.33
        1.01     0.999731       384594      3723.64
        1.01     0.999756       384594      4096.00
        1.01     0.999768       384594      4311.58
        1.01     0.999780       384603      4551.11
        1.01     0.999792       384603      4818.82
        1.02     0.999805       384611      5120.00
        1.02     0.999817       384611      5461.33
        1.03     0.999829       384624      5851.43
        1.03     0.999841       384624      6301.54
        1.03     0.999854       384624      6826.67
        1.05     0.999866       384630      7447.27
        1.06     0.999878       384638      8192.00
        1.06     0.999884       384638      8623.16
        1.06     0.999890       384638      9102.22
        1.08     0.999896       384646      9637.65
        1.08     0.999902       384646     10240.00
        1.08     0.999908       384646     10922.67
        1.09     0.999915       384649     11702.86
        1.09     0.999921       384650     12603.08
        1.10     0.999927       384656     13653.33
        1.10     0.999933       384656     14894.55
        1.11     0.999939       384659     16384.00
        1.11     0.999942       384659     17246.32
        1.11     0.999945       384659     18204.44
        1.13     0.999948       384662     19275.29
        1.13     0.999951       384662     20480.00
        1.14     0.999954       384665     21845.33
        1.14     0.999957       384665     23405.71
        1.14     0.999960       384665     25206.15
        1.14     0.999963       384670     27306.67
        1.14     0.999966       384670     29789.09
        1.14     0.999969       384670     32768.00
        1.14     0.999971       384670     34492.63
        1.14     0.999973       384670     36408.89
        1.17     0.999974       384671     38550.59
        1.17     0.999976       384671     40960.00
        1.18     0.999977       384673     43690.67
        1.18     0.999979       384673     46811.43
        1.18     0.999980       384673     50412.31
        1.18     0.999982       384673     54613.33
        1.18     0.999983       384674     59578.18
        1.19     0.999985       384675     65536.00
        1.19     0.999986       384675     68985.26
        1.19     0.999986       384675     72817.78
        1.23     0.999987       384676     77101.18
        1.23     0.999988       384676     81920.00
        1.23     0.999989       384676     87381.33
        1.23     0.999989       384676     93622.86
        1.28     0.999990       384677    100824.62
        1.28     0.999991       384677    109226.67
        1.28     0.999992       384677    119156.36
        1.29     0.999992       384678    131072.00
        1.29     0.999993       384678    137970.53
        1.29     0.999993       384678    145635.56
        1.29     0.999994       384678    154202.35
        1.29     0.999994       384678    163840.00
        1.29     0.999994       384678    174762.67
        1.29     0.999995       384678    187245.71
        1.31     0.999995       384679    201649.23
        1.31     0.999995       384679    218453.33
        1.31     0.999996       384679    238312.73
        1.31     0.999996       384679    262144.00
        1.31     0.999996       384679    275941.05
        1.31     0.999997       384679    291271.11
        1.31     0.999997       384679    308404.71
        1.31     0.999997       384679    327680.00
        1.31     0.999997       384679    349525.33
        1.31     0.999997       384679    374491.43
        1.39     0.999998       384680    403298.46
        1.39     1.000000       384680          inf
#[Mean    =        0.623, StdDeviation   =        0.135]
#[Max     =        1.391, Total count    =       384680]
#[Buckets =           20, SubBuckets     =          256]
