       Value   Percentile   TotalCount 1/(1-Percentile)

        0.22     0.000000            1         1.00
        0.41     0.050000        21254         1.05
        0.44     0.100000        42806         1.11
        0.48     0.150000        61066         1.18
        0.51     0.200000        87693         1.25
        0.52     0.250000        99070         1.33
        0.54     0.300000       124411         1.43
        0.55     0.350000       147520         1.54
        0.57     0.400000       164603         1.67
        0.58     0.450000       178663         1.82
        0.61     0.500000       205974         2.00
        0.61     0.525000       217700         2.11
        0.61     0.550000       217700         2.22
        0.62     0.575000       230282         2.35
        0.63     0.600000       243272         2.50
        0.64     0.625000       256491         2.67
        0.64     0.650000       256491         2.86
        0.65     0.675000       269503         3.08
        0.66     0.700000       281817         3.33
        0.66     0.725000       292974         3.64
        0.67     0.750000       302578         4.00
        0.67     0.762500       302578         4.21
        0.68     0.775000       310639         4.44
        0.68     0.787500       310639         4.71
        0.69     0.800000       317046         5.00
        0.69     0.812500       322122         5.33
        0.70     0.825000       326059         5.71
        0.72     0.837500       331368         6.15
        0.74     0.850000       335857         6.67
        0.78     0.862500       340592         7.27
        0.81     0.875000       345444         8.00
        0.81     0.881250       347991         8.42
        0.82     0.887500       351013         8.89
        0.83     0.893750       354542         9.41
        0.84     0.900000       358536        10.00
        0.84     0.906250       358536        10.67
        0.85     0.912500       362933        11.43
        0.85     0.918750       362933        12.31
        0.85     0.925000       367461        13.33
        0.85     0.931250       367461        14.55
        0.86     0.937500       372039        16.00
        0.86     0.940625       372039        16.84
        0.87     0.943750       376189        17.78
        0.87     0.946875       376189        18.82
        0.87     0.950000       376189        20.00
        0.87     0.953125       376189        21.33
        0.88     0.956250       380060        22.86
        0.88     0.959375       380060        24.62
        0.88     0.962500       380060        26.67
        0.89     0.965625       383361        29.09
        0.89     0.968750       383361        32.00
        0.89     0.970313       383361        33.68
        0.89     0.971875       383361        35.56
        0.90     0.973437       385918        37.65
        0.90     0.975000       385918        40.00
        0.90     0.976562       385918        42.67
        0.90     0.978125       385918        45.71
        0.90     0.979688       387910        49.23
        0.90     0.981250       387910        53.33
        0.90     0.982812       387910        58.18
        0.91     0.984375       389363        64.00
        0.91     0.985156       389363        67.37
        0.91     0.985938       389363        71.11
        0.91     0.986719       389363        75.29
        0.92     0.987500       390458        80.00
        0.92     0.988281       390458        85.33
        0.92     0.989062       390458        91.43
        0.92     0.989844       390458        98.46
        0.93     0.990625       391274       106.67
        0.93     0.991406       391274       116.36
        0.94     0.992188       391876       128.00
        0.94     0.992578       391876       134.74
        0.94     0.992969       391876       142.22
        0.94     0.993359       391876       150.59
        0.94     0.993750       392344       160.00
        0.94     0.994141       392344       170.67
        0.94     0.994531       392344       182.86
        0.95     0.994922       392668       196.92
        0.95     0.995313       392668       213.33
        0.96     0.995703       392924       232.73
        0.96     0.996094       392924       256.00
        0.97     0.996289       393160       269.47
        0.97     0.996484       393160       284.44
        0.97     0.996680       393160       301.18
        0.97     0.996875       393160       320.00
        0.97     0.997070       393316       341.33
        0.97     0.997266       393316       365.71
        0.98     0.997461       393476       393.85
        0.98     0.997656       393476       426.67
        0.99     0.997852       393612       465.45
        1.00     0.998047       393722       512.00
        1.00     0.998145       393722       538.95
        1.00     0.998242       393722       568.89
        1.01     0.998340       393833       602.35
        1.01     0.998437       393833       640.00
        1.01     0.998535       393833       682.67
        1.01     0.998633       393934       731.43
        1.01     0.998730       393934       787.69
        1.01     0.998828       393934       853.33
        1.02     0.998926       394012       930.91
        1.02     0.999023       394012      1024.00
        1.03     0.999072       394079      1077.89
        1.03     0.999121       394079      1137.78
        1.03     0.999170       394079      1204.71
        1.04     0.999219       394131      1280.00
        1.04     0.999268       394131      1365.33
        1.04     0.999316       394131      1462.86
        1.05     0.999365       394184      1575.38
        1.05     0.999414       394184      1706.67
        1.05     0.999463       394184      1861.82
        1.05     0.999512       394229      2048.00
        1.05     0.999536       394229      2155.79
        1.05     0.999561       394229      2275.56
        1.05     0.999585       394229      2409.41
        1.06     0.999609       394262      2560.00
        1.06     0.999634       394262      2730.67
        1.06     0.999658       394262      2925.71
        1.07     0.999683       394275      3150.77
        1.07     0.999707       394275      3413.33
        1.09     0.999731       394294      3723.64
        1.09     0.999756       394294      4096.00
        1.09     0.999768       394299      4311.58
        1.12     0.999780       394306      4551.11
        1.13     0.999792       394309      4818.82
        1.14     0.999805       394313      5120.00
        1.15     0.999817       394318      5461.33
        1.20     0.999829       394324      5851.43
        1.26     0.999841       394329      6301.54
        1.35     0.999854       394333      6826.67
        2.30     0.999866       394338      7447.27
        2.62     0.999878       394342      8192.00
        3.50     0.999884       394345      8623.16
        3.54     0.999890       394348      9102.22
        3.58     0.999896       394350      9637.65
        3.65     0.999902       394352     10240.00
        3.68     0.999908       394356     10922.67
        3.69     0.999915       394357     11702.86
        3.74     0.999921       394359     12603.08
        3.81     0.999927       394362     13653.33
        3.85     0.999933       394364     14894.55
        3.87     0.999939       394367     16384.00
        3.89     0.999942       394368     17246.32
        3.90     0.999945       394370     18204.44
        3.90     0.999948       394370     19275.29
        3.94     0.999951       394371     20480.00
        3.97     0.999954       394372     21845.33
        4.01     0.999957       394374     23405.71
        4.13     0.999960       394377     25206.15
        4.13     0.999963       394377     27306.67
        4.13     0.999966       394377     29789.09
        4.16     0.999969       394378     32768.00
        5.79     0.999971       394379     34492.63
        5.82     0.999973       394380     36408.89
        5.82     0.999974       394380     38550.59
        5.95     0.999976       394382     40960.00
        5.95     0.999977       394382     43690.67
        5.95     0.999979       394382     46811.43
        5.98     0.999980       394383     50412.31
        5.98     0.999982       394383     54613.33
        6.01     0.999983       394385     59578.18
        6.01     0.999985       394385     65536.00
        6.01     0.999986       394385     68985.26
        6.01     0.999986       394385     72817.78
        6.01     0.999987       394385     77101.18
        6.08     0.999988       394386     81920.00
        6.08     0.999989       394386     87381.33
        6.08     0.999989       394386     93622.86
        6.14     0.999990       394387    100824.62
        6.14     0.999991       394387    109226.67
        6.14     0.999992       394387    119156.36
        6.14     0.999992       394387    131072.00
        6.21     0.999993       394388    137970.53
        6.21     0.999993       394388    145635.56
        6.21     0.999994       394388    154202.35
        6.21     0.999994       394388    163840.00
        6.21     0.999994       394388    174762.67
        6.21     0.999995       394388    187245.71
        6.33     0.999995       394389    201649.23
        6.33     0.999995       394389    218453.33
        6.33     0.999996       394389    238312.73
        6.33     0.999996       394389    262144.00
        6.33     0.999996       394389    275941.05
        6.33     0.999997       394389    291271.11
        6.33     0.999997       394389    308404.71
        6.33     0.999997       394389    327680.00
        6.33     0.999997       394389    349525.33
        6.33     0.999997       394389    374491.43
        6.40     0.999998       394390    403298.46
        6.40     1.000000       394390          inf
#[Mean    =        0.608, StdDeviation   =        0.139]
#[Max     =        6.399, Total count    =       394390]
#[Buckets =           20, SubBuckets     =          256]
