       Value   Percentile   TotalCount 1/(1-Percentile)

        0.29     0.000000            3         1.00
        0.57     0.050000        19794         1.05
        0.60     0.100000        37891         1.11
        0.61     0.150000        56950         1.18
        0.63     0.200000        82666         1.25
        0.64     0.250000        97956         1.33
        0.65     0.300000       114960         1.43
        0.66     0.350000       133124         1.54
        0.66     0.400000       152208         1.67
        0.67     0.450000       171840         1.82
        0.68     0.500000       191528         2.00
        0.68     0.525000       191528         2.11
        0.69     0.550000       210500         2.22
        0.69     0.575000       210500         2.35
        0.69     0.600000       228695         2.50
        0.69     0.625000       228695         2.67
        0.70     0.650000       245651         2.86
        0.70     0.675000       245651         3.08
        0.71     0.700000       261215         3.33
        0.71     0.725000       261215         3.64
        0.72     0.750000       275208         4.00
        0.72     0.762500       275208         4.21
        0.72     0.775000       275208         4.44
        0.73     0.787500       287641         4.71
        0.73     0.800000       287641         5.00
        0.73     0.812500       298522         5.33
        0.73     0.825000       298522         5.71
        0.73     0.837500       298522         6.15
        0.74     0.850000       307827         6.67
        0.74     0.862500       307827         7.27
        0.75     0.875000       315993         8.00
        0.75     0.881250       315993         8.42
        0.75     0.887500       315993         8.89
        0.76     0.893750       322748         9.41
        0.76     0.900000       322748        10.00
        0.76     0.906250       322748        10.67
        0.77     0.912500       328633        11.43
        0.77     0.918750       328633        12.31
        0.77     0.925000       328633        13.33
        0.78     0.931250       333455        14.55
        0.78     0.937500       333455        16.00
        0.78     0.940625       337466        16.84
        0.78     0.943750       337466        17.78
        0.78     0.946875       337466        18.82
        0.78     0.950000       337466        20.00
        0.79     0.953125       340800        21.33
        0.79     0.956250       340800        22.86
        0.79     0.959375       340800        24.62
        0.80     0.962500       343615        26.67
        0.80     0.965625       343615        29.09
        0.81     0.968750       345839        32.00
        0.81     0.970313       345839        33.68
        0.81     0.971875       345839        35.56
        0.81     0.973437       345839        37.65
        0.81     0.975000       347721        40.00
        0.81     0.976562       347721        42.67
        0.81     0.978125       347721        45.71
        0.82     0.979688       349193        49.23
        0.82     0.981250       349193        53.33
        0.82     0.982812       349193        58.18
        0.83     0.984375       350356        64.00
        0.83     0.985156       350356        67.37
        0.83     0.985938       350356        71.11
        0.83     0.986719       350356        75.29
        0.84     0.987500       351349        80.00
        0.84     0.988281       351349        85.33
        0.84     0.989062       351349        91.43
        0.85     0.989844       352104        98.46
        0.85     0.990625       352104       106.67
        0.85     0.991406       352104       116.36
        0.85     0.992188       352707       128.00
        0.85     0.992578       352707       134.74
        0.85     0.992969       352707       142.22
        0.85     0.993359       352707       150.59
        0.86     0.993750       353218       160.00
        0.86     0.994141       353218       170.67
        0.86     0.994531       353218       182.86
        0.87     0.994922       353627       196.92
        0.87     0.995313       353627       213.33
        0.87     0.995703       353627       232.73
        0.88     0.996094       353896       256.00
        0.88     0.996289       353896       269.47
        0.88     0.996484       353896       284.44
        0.88     0.996680       353896       301.18
        0.89     0.996875       354118       320.00
        0.89     0.997070       354118       341.33
        0.89     0.997266       354118       365.71
        0.90     0.997461       354275       393.85
        0.90     0.997656       354275       426.67
        0.90     0.997852       354275       465.45
        0.90     0.998047       354406       512.00
        0.90     0.998145       354406       538.95
        0.90     0.998242       354406       568.89
        0.91     0.998340       354528       602.35
        0.91     0.998437       354528       640.00
        0.91     0.998535       354528       682.67
        0.92     0.998633       354608       731.43
        0.92     0.998730       354608       787.69
        0.92     0.998828       354608       853.33
        0.93     0.998926       354673       930.91
        0.94     0.999023       354720      1024.00
        0.94     0.999072       354720      1077.89
        0.94     0.999121       354720      1137.78
        0.94     0.999170       354752      1204.71
        0.94     0.999219       354752      1280.00
        0.95     0.999268       354770      1365.33
        0.96     0.999316       354795      1462.86
        0.97     0.999365       354809      1575.38
        0.97     0.999414       354817      1706.67
        0.98     0.999463       354831      1861.82
        0.99     0.999512       354849      2048.00
        1.00     0.999536       354863      2155.79
        1.01     0.999561       354873      2275.56
        1.01     0.999585       354883      2409.41
        1.01     0.999609       354883      2560.00
        1.03     0.999634       354899      2730.67
        1.04     0.999658       354907      2925.71
        1.05     0.999683       354912      3150.77
        1.05     0.999707       354921      3413.33
        1.06     0.999731       354934      3723.64
        1.07     0.999756       354940      4096.00
        1.07     0.999768       354940      4311.58
        1.08     0.999780       354945      4551.11
        1.09     0.999792       354951      4818.82
        1.09     0.999805       354957      5120.00
        1.09     0.999817       354957      5461.33
        1.10     0.999829       354965      5851.43
        1.10     0.999841       354965      6301.54
        1.11     0.999854       354969      6826.67
        1.14     0.999866       354975      7447.27
        1.14     0.999878       354979      8192.00
        1.15     0.999884       354981      8623.16
        1.16     0.999890       354982      9102.22
        1.19     0.999896       354985      9637.65
        1.23     0.999902       354987     10240.00
        1.32     0.999908       354989     10922.67
        2.62     0.999915       354991     11702.86
        2.85     0.999921       354993     12603.08
        2.99     0.999927       354995     13653.33
        3.09     0.999933       354998     14894.55
        3.25     0.999939       355000     16384.00
        3.26     0.999942       355001     17246.32
        3.29     0.999945       355002     18204.44
        3.31     0.999948       355004     19275.29
        3.31     0.999951       355004     20480.00
        3.33     0.999954       355006     21845.33
        3.33     0.999957       355006     23405.71
        3.38     0.999960       355007     25206.15
        3.46     0.999963       355008     27306.67
        3.49     0.999966       355011     29789.09
        3.49     0.999969       355011     32768.00
        3.49     0.999971       355011     34492.63
        3.52     0.999973       355012     36408.89
        3.52     0.999974       355012     38550.59
        3.58     0.999976       355013     40960.00
        3.58     0.999977       355013     43690.67
        3.71     0.999979       355014     46811.43
        3.71     0.999980       355014     50412.31
        3.81     0.999982       355015     54613.33
        3.87     0.999983       355016     59578.18
        3.87     0.999985       355016     65536.00
        3.87     0.999986       355016     68985.26
        3.89     0.999986       355017     72817.78
        3.89     0.999987       355017     77101.18
        3.89     0.999988       355017     81920.00
        3.89     0.999989       355017     87381.33
        4.08     0.999989       355018     93622.86
        4.08     0.999990       355018    100824.62
        4.08     0.999991       355018    109226.67
        4.48     0.999992       355019    119156.36
        4.48     0.999992       355019    131072.00
        4.48     0.999993       355019    137970.53
        4.48     0.999993       355019    145635.56
        4.48     0.999994       355019    154202.35
        4.48     0.999994       355019    163840.00
        4.48     0.999994       355019    174762.67
        4.51     0.999995       355020    187245.71
        4.51     0.999995       355020    201649.23
        4.51     0.999995       355020    218453.33
        4.51     0.999996       355020    238312.73
        4.51     0.999996       355020    262144.00
        4.51     0.999996       355020    275941.05
        4.51     0.999997       355020    291271.11
        4.51     0.999997       355020    308404.71
        4.51     0.999997       355020    327680.00
        4.51     0.999997       355020    349525.33
        4.54     0.999997       355021    374491.43
        4.54     1.000000       355021          inf
#[Mean    =        0.675, StdDeviation   =        0.072]
#[Max     =        4.543, Total count    =       355021]
#[Buckets =           20, SubBuckets     =          256]
