       Value   Percentile   TotalCount 1/(1-Percentile)

        0.02     0.000000          671         1.00
        0.05     0.050000       369499         1.05
        0.06     0.100000       670932         1.11
        0.18     0.150000      1020764         1.18
        0.25     0.200000      1746475         1.25
        0.25     0.250000      1746475         1.33
        0.26     0.300000      2841842         1.43
        0.26     0.350000      2841842         1.54
        0.26     0.400000      2841842         1.67
        0.26     0.450000      4011509         1.82
        0.26     0.500000      4011509         2.00
        0.26     0.525000      4011509         2.11
        0.26     0.550000      4011509         2.22
        0.26     0.575000      4011509         2.35
        0.27     0.600000      4696385         2.50
        0.27     0.625000      4696385         2.67
        0.27     0.650000      4696385         2.86
        0.27     0.675000      4696385         3.08
        0.27     0.700000      4696385         3.33
        0.28     0.725000      5252756         3.64
        0.28     0.750000      5252756         4.00
        0.28     0.762500      5252756         4.21
        0.28     0.775000      5252756         4.44
        0.29     0.787500      5672919         4.71
        0.29     0.800000      5672919         5.00
        0.29     0.812500      5672919         5.33
        0.29     0.825000      5672919         5.71
        0.29     0.837500      5672919         6.15
        0.29     0.850000      5852507         6.67
        0.29     0.862500      5852507         7.27
        0.30     0.875000      5923204         8.00
        0.30     0.881250      5923204         8.42
        0.31     0.887500      5970006         8.89
        0.32     0.893750      5998657         9.41
        0.34     0.900000      6041643        10.00
        0.36     0.906250      6087959        10.67
        0.37     0.912500      6143177        11.43
        0.38     0.918750      6233031        12.31
        0.38     0.925000      6233031        13.33
        0.38     0.931250      6343326        14.55
        0.38     0.937500      6343326        16.00
        0.38     0.940625      6343326        16.84
        0.38     0.943750      6343326        17.78
        0.39     0.946875      6438270        18.82
        0.39     0.950000      6438270        20.00
        0.39     0.953125      6438270        21.33
        0.39     0.956250      6438270        22.86
        0.39     0.959375      6438270        24.62
        0.40     0.962500      6501569        26.67
        0.40     0.965625      6501569        29.09
        0.40     0.968750      6501569        32.00
        0.41     0.970313      6546860        33.68
        0.41     0.971875      6546860        35.56
        0.41     0.973437      6546860        37.65
        0.41     0.975000      6546860        40.00
        0.41     0.976562      6546860        42.67
        0.41     0.978125      6583533        45.71
        0.41     0.979688      6583533        49.23
        0.41     0.981250      6583533        53.33
        0.42     0.982812      6609660        58.18
        0.42     0.984375      6609660        64.00
        0.42     0.985156      6609660        67.37
        0.42     0.985938      6609660        71.11
        0.43     0.986719      6624140        75.29
        0.43     0.987500      6624140        80.00
        0.43     0.988281      6624140        85.33
        0.44     0.989062      6631830        91.43
        0.45     0.989844      6636354        98.46
        0.46     0.990625      6639049       106.67
        0.49     0.991406      6644194       116.36
        0.57     0.992188      6649418       128.00
        0.84     0.992578      6651981       134.74
        1.05     0.992969      6654640       142.22
        2.11     0.993359      6657214       150.59
        2.17     0.993750      6660084       160.00
        2.19     0.994141      6662982       170.67
        2.21     0.994531      6666704       182.86
        2.22     0.994922      6671224       196.92
        2.22     0.995313      6671224       213.33
        2.24     0.995703      6675600       232.73
        2.24     0.996094      6675600       256.00
        2.25     0.996289      6678987       269.47
        2.25     0.996484      6678987       284.44
        2.27     0.996680      6681156       301.18
        2.27     0.996875      6681156       320.00
        2.29     0.997070      6682337       341.33
        2.30     0.997266      6683423       365.71
        2.33     0.997461      6685746       393.85
        2.35     0.997656      6686800       426.67
        2.37     0.997852      6687765       465.45
        2.40     0.998047      6688920       512.00
        2.45     0.998145      6689379       538.95
        2.58     0.998242      6689991       568.89
        3.01     0.998340      6690599       602.35
        4.48     0.998437      6691269       640.00
        7.65     0.998535      6691909       682.67
        8.77     0.998633      6692558       731.43
       11.97     0.998730      6693234       787.69
       15.17     0.998828      6693881       853.33
       16.19     0.998926      6694597       930.91
       18.94     0.999023      6695177      1024.00
       20.09     0.999072      6695783      1077.89
       20.22     0.999121      6695992      1137.78
       21.12     0.999170      6696157      1204.71
       23.68     0.999219      6696482      1280.00
       24.06     0.999268      6697621      1365.33
       24.06     0.999316      6697621      1462.86
       24.06     0.999365      6697621      1575.38
       24.19     0.999414      6699345      1706.67
       24.19     0.999463      6699345      1861.82
       24.19     0.999512      6699345      2048.00
       24.19     0.999536      6699345      2155.79
       24.19     0.999561      6699345      2275.56
       24.19     0.999585      6699345      2409.41
       24.19     0.999609      6699345      2560.00
       24.19     0.999634      6699345      2730.67
       24.32     0.999658      6699743      2925.71
       24.32     0.999683      6699743      3150.77
       24.45     0.999707      6699817      3413.33
       25.73     0.999731      6699927      3723.64
       26.88     0.999756      6700086      4096.00
       27.90     0.999768      6700176      4311.58
       28.16     0.999780      6700894      4551.11
       28.16     0.999792      6700894      4818.82
       28.16     0.999805      6700894      5120.00
       28.16     0.999817      6700894      5461.33
       28.16     0.999829      6700894      5851.43
       28.16     0.999841      6700894      6301.54
       28.16     0.999854      6700894      6826.67
       28.16     0.999866      6700894      7447.27
       28.29     0.999878      6701022      8192.00
       28.29     0.999884      6701022      8623.16
       28.29     0.999890      6701022      9102.22
       28.29     0.999896      6701022      9637.65
       28.41     0.999902      6701073     10240.00
       28.67     0.999908      6701106     10922.67
       29.57     0.999915      6701143     11702.86
       30.34     0.999921      6701186     12603.08
       32.13     0.999927      6701347     13653.33
       32.13     0.999933      6701347     14894.55
       32.13     0.999939      6701347     16384.00
       32.13     0.999942      6701347     17246.32
       32.13     0.999945      6701347     18204.44
       32.26     0.999948      6701409     19275.29
       32.26     0.999951      6701409     20480.00
       32.26     0.999954      6701409     21845.33
       32.51     0.999957      6701438     23405.71
       33.02     0.999960      6701455     25206.15
       34.81     0.999963      6701479     27306.67
       35.58     0.999966      6701495     29789.09
       36.09     0.999969      6701536     32768.00
       36.09     0.999971      6701536     34492.63
       36.09     0.999973      6701536     36408.89
       36.35     0.999974      6701572     38550.59
       36.35     0.999976      6701572     40960.00
       36.35     0.999977      6701572     43690.67
       36.35     0.999979      6701572     46811.43
       36.86     0.999980      6701591     50412.31
       39.94     0.999982      6701595     54613.33
       40.19     0.999983      6701646     59578.18
       40.19     0.999985      6701646     65536.00
       40.19     0.999986      6701646     68985.26
       40.19     0.999986      6701646     72817.78
       40.19     0.999987      6701646     77101.18
       40.19     0.999988      6701646     81920.00
       40.19     0.999989      6701646     87381.33
       40.19     0.999989      6701646     93622.86
       40.70     0.999990      6701652    100824.62
       41.22     0.999991      6701657    109226.67
       42.49     0.999992      6701665    119156.36
       42.49     0.999992      6701665    131072.00
       44.29     0.999993      6701679    137970.53
       44.29     0.999993      6701679    145635.56
       44.29     0.999994      6701679    154202.35
       44.29     0.999994      6701679    163840.00
       44.29     0.999994      6701679    174762.67
       48.38     0.999995      6701683    187245.71
       48.38     0.999995      6701683    201649.23
      264.19     0.999995      6701708    218453.33
      264.19     0.999996      6701708    238312.73
      264.19     0.999996      6701708    262144.00
      264.19     0.999996      6701708    275941.05
      264.19     0.999997      6701708    291271.11
      264.19     0.999997      6701708    308404.71
      264.19     0.999997      6701708    327680.00
      264.19     0.999997      6701708    349525.33
      264.19     0.999997      6701708    374491.43
      264.19     0.999998      6701708    403298.46
      264.19     0.999998      6701708    436906.67
      264.19     0.999998      6701708    476625.45
      264.19     0.999998      6701708    524288.00
      264.19     0.999998      6701708    551882.11
      264.19     0.999998      6701708    582542.22
      264.19     0.999998      6701708    616809.41
      264.19     0.999998      6701708    655360.00
      264.19     0.999999      6701708    699050.67
      264.19     0.999999      6701708    748982.86
      264.19     0.999999      6701708    806596.92
      264.19     0.999999      6701708    873813.33
      264.19     0.999999      6701708    953250.91
      270.33     0.999999      6701711   1048576.00
      270.33     0.999999      6701711   1103764.21
      270.33     0.999999      6701711   1165084.44
      270.33     0.999999      6701711   1233618.82
      270.33     0.999999      6701711   1310720.00
      270.33     0.999999      6701711   1398101.33
      270.33     0.999999      6701711   1497965.71
      270.33     0.999999      6701711   1613193.85
      274.43     0.999999      6701714   1747626.67
      274.43     0.999999      6701714   1906501.82
      274.43     1.000000      6701714   2097152.00
      274.43     1.000000      6701714   2207528.42
      274.43     1.000000      6701714   2330168.89
      274.43     1.000000      6701714   2467237.65
      274.43     1.000000      6701714   2621440.00
      274.43     1.000000      6701714   2796202.67
      274.43     1.000000      6701714   2995931.43
      274.43     1.000000      6701714   3226387.69
      274.43     1.000000      6701714   3495253.33
      274.43     1.000000      6701714   3813003.64
      274.43     1.000000      6701714   4194304.00
      274.43     1.000000      6701714   4415056.84
      274.43     1.000000      6701714   4660337.78
      274.43     1.000000      6701714   4934475.29
      274.43     1.000000      6701714   5242880.00
      274.43     1.000000      6701714   5592405.33
      274.43     1.000000      6701714   5991862.86
      274.43     1.000000      6701714   6452775.39
      282.62     1.000000      6701715   6990506.67
      282.62     1.000000      6701715          inf
#[Mean    =        0.286, StdDeviation   =        1.029]
#[Max     =      282.623, Total count    =      6701715]
#[Buckets =           20, SubBuckets     =          256]
