       Value   Percentile   TotalCount 1/(1-Percentile)

        0.02     0.000000            5         1.00
        0.21     0.050000       232134         1.05
        0.26     0.100000       499873         1.11
        0.27     0.150000       657885         1.18
        0.41     0.200000       858898         1.25
        0.43     0.250000      1350799         1.33
        0.43     0.300000      1350799         1.43
        0.44     0.350000      1973843         1.54
        0.44     0.400000      1973843         1.67
        0.44     0.450000      1973843         1.82
        0.45     0.500000      2608676         2.00
        0.45     0.525000      2608676         2.11
        0.45     0.550000      2608676         2.22
        0.45     0.575000      2608676         2.35
        0.45     0.600000      2608676         2.50
        0.46     0.625000      3075338         2.67
        0.46     0.650000      3075338         2.86
        0.46     0.675000      3075338         3.08
        0.46     0.700000      3075338         3.33
        0.46     0.725000      3075338         3.64
        0.46     0.750000      3437603         4.00
        0.46     0.762500      3437603         4.21
        0.46     0.775000      3437603         4.44
        0.46     0.787500      3437603         4.71
        0.46     0.800000      3437603         5.00
        0.46     0.812500      3437603         5.33
        0.47     0.825000      3732079         5.71
        0.47     0.837500      3732079         6.15
        0.47     0.850000      3732079         6.67
        0.47     0.862500      3732079         7.27
        0.47     0.875000      3732079         8.00
        0.47     0.881250      3732079         8.42
        0.48     0.887500      3909933         8.89
        0.48     0.893750      3909933         9.41
        0.48     0.900000      3909933        10.00
        0.48     0.906250      3909933        10.67
        0.48     0.912500      3909933        11.43
        0.48     0.918750      3909933        12.31
        0.48     0.925000      3909933        13.33
        0.49     0.931250      3993568        14.55
        0.49     0.937500      3993568        16.00
        0.49     0.940625      3993568        16.84
        0.49     0.943750      3993568        17.78
        0.49     0.946875      3993568        18.82
        0.49     0.950000      4034390        20.00
        0.49     0.953125      4034390        21.33
        0.49     0.956250      4034390        22.86
        0.50     0.959375      4056926        24.62
        0.51     0.962500      4067525        26.67
        0.52     0.965625      4072070        29.09
        0.57     0.968750      4085204        32.00
        0.61     0.970313      4091602        33.68
        0.64     0.971875      4103378        35.56
        0.65     0.973437      4112580        37.65
        0.65     0.975000      4112580        40.00
        0.66     0.976562      4123265        42.67
        0.66     0.978125      4134001        45.71
        0.66     0.979688      4134001        49.23
        0.67     0.981250      4143165        53.33
        0.68     0.982812      4150642        58.18
        0.68     0.984375      4150642        64.00
        0.69     0.985156      4157215        67.37
        0.69     0.985938      4157215        71.11
        0.69     0.986719      4162838        75.29
        0.70     0.987500      4166815        80.00
        0.70     0.988281      4166815        85.33
        0.72     0.989062      4171099        91.43
        0.74     0.989844      4173133        98.46
        0.92     0.990625      4176392       106.67
        1.22     0.991406      4179697       116.36
        1.92     0.992188      4182967       128.00
        2.22     0.992578      4184829       134.74
        2.37     0.992969      4186424       142.22
        2.43     0.993359      4187966       150.59
        2.48     0.993750      4189573       160.00
        2.54     0.994141      4191550       170.67
        2.62     0.994531      4192888       182.86
        3.85     0.994922      4194491       196.92
        4.00     0.995313      4196635       213.33
        4.03     0.995703      4198164       232.73
        4.06     0.996094      4199955       256.00
        4.08     0.996289      4200673       269.47
        4.09     0.996484      4201333       284.44
        4.13     0.996680      4202698       301.18
        4.16     0.996875      4204237       320.00
        4.16     0.997070      4204237       341.33
        4.19     0.997266      4206149       365.71
        4.19     0.997461      4206149       393.85
        4.19     0.997656      4206149       426.67
        4.22     0.997852      4207853       465.45
        4.22     0.998047      4207853       512.00
        4.25     0.998145      4209168       538.95
        4.25     0.998242      4209168       568.89
        4.25     0.998340      4209168       602.35
        4.29     0.998437      4209877       640.00
        4.29     0.998535      4209877       682.67
        4.32     0.998633      4210268       731.43
        4.38     0.998730      4210576       787.69
        4.51     0.998828      4210972       853.33
        5.60     0.998926      4211365       930.91
        6.17     0.999023      4211786      1024.00
        7.36     0.999072      4211987      1077.89
        8.26     0.999121      4212213      1137.78
        9.60     0.999170      4212396      1204.71
       10.94     0.999219      4212616      1280.00
       12.22     0.999268      4212815      1365.33
       13.63     0.999316      4213012      1462.86
       15.87     0.999365      4213224      1575.38
       16.64     0.999414      4213429      1706.67
       19.45     0.999463      4213635      1861.82
       20.22     0.999512      4213957      2048.00
       20.22     0.999536      4213957      2155.79
       20.48     0.999561      4214057      2275.56
       22.40     0.999585      4214151      2409.41
       24.19     0.999609      4214758      2560.00
       24.19     0.999634      4214758      2730.67
       24.19     0.999658      4214758      2925.71
       24.19     0.999683      4214758      3150.77
       24.19     0.999707      4214758      3413.33
       24.32     0.999731      4214987      3723.64
       24.32     0.999756      4214987      4096.00
       24.32     0.999768      4214987      4311.58
       24.32     0.999780      4214987      4551.11
       24.57     0.999792      4215033      4818.82
       25.21     0.999805      4215070      5120.00
       25.86     0.999817      4215130      5461.33
       26.37     0.999829      4215175      5851.43
       27.39     0.999841      4215227      6301.54
       28.16     0.999854      4215363      6826.67
       28.16     0.999866      4215363      7447.27
       28.29     0.999878      4215411      8192.00
       28.29     0.999884      4215411      8623.16
       29.18     0.999890      4215433      9102.22
       30.08     0.999896      4215463      9637.65
       30.72     0.999902      4215488     10240.00
       31.49     0.999908      4215510     10922.67
       32.13     0.999915      4215569     11702.86
       32.13     0.999921      4215569     12603.08
       32.26     0.999927      4215597     13653.33
       32.51     0.999933      4215613     14894.55
       33.53     0.999939      4215660     16384.00
       33.53     0.999942      4215660     17246.32
       33.79     0.999945      4215673     18204.44
       34.30     0.999948      4215684     19275.29
       34.56     0.999951      4215690     20480.00
       35.33     0.999954      4215702     21845.33
       36.09     0.999957      4215727     23405.71
       36.09     0.999960      4215727     25206.15
       36.35     0.999963      4215769     27306.67
       36.35     0.999966      4215769     29789.09
       36.35     0.999969      4215769     32768.00
       36.86     0.999971      4215787     34492.63
       36.86     0.999973      4215787     36408.89
       36.86     0.999974      4215787     38550.59
       37.38     0.999976      4215794     40960.00
       38.14     0.999977      4215799     43690.67
       38.40     0.999979      4215808     46811.43
       40.19     0.999980      4215855     50412.31
       40.19     0.999982      4215855     54613.33
       40.19     0.999983      4215855     59578.18
       40.19     0.999985      4215855     65536.00
       40.19     0.999986      4215855     68985.26
       40.19     0.999986      4215855     72817.78
       40.19     0.999987      4215855     77101.18
       40.19     0.999988      4215855     81920.00
       40.19     0.999989      4215855     87381.33
       40.19     0.999989      4215855     93622.86
       40.19     0.999990      4215855    100824.62
       40.19     0.999991      4215855    109226.67
       40.96     0.999992      4215858    119156.36
       48.13     0.999992      4215861    131072.00
      305.15     0.999993      4215868    137970.53
      305.15     0.999993      4215868    145635.56
      305.15     0.999994      4215868    154202.35
      305.15     0.999994      4215868    163840.00
      307.20     0.999994      4215892    174762.67
      307.20     0.999995      4215892    187245.71
      307.20     0.999995      4215892    201649.23
      307.20     0.999995      4215892    218453.33
      307.20     0.999996      4215892    238312.73
      307.20     0.999996      4215892    262144.00
      307.20     0.999996      4215892    275941.05
      307.20     0.999997      4215892    291271.11
      307.20     0.999997      4215892    308404.71
      307.20     0.999997      4215892    327680.00
      307.20     0.999997      4215892    349525.33
      307.20     0.999997      4215892    374491.43
      307.20     0.999998      4215892    403298.46
      307.20     0.999998      4215892    436906.67
      307.20     0.999998      4215892    476625.45
      307.20     0.999998      4215892    524288.00
      307.20     0.999998      4215892    551882.11
      307.20     0.999998      4215892    582542.22
      307.20     0.999998      4215892    616809.41
      307.20     0.999998      4215892    655360.00
      307.20     0.999999      4215892    699050.67
      307.20     0.999999      4215892    748982.86
      307.20     0.999999      4215892    806596.92
      307.20     0.999999      4215892    873813.33
      307.20     0.999999      4215892    953250.91
      307.20     0.999999      4215892   1048576.00
      307.20     0.999999      4215892   1103764.21
      307.20     0.999999      4215892   1165084.44
      307.20     0.999999      4215892   1233618.82
      307.20     0.999999      4215892   1310720.00
      307.20     0.999999      4215892   1398101.33
      307.20     0.999999      4215892   1497965.71
      307.20     0.999999      4215892   1613193.85
      307.20     0.999999      4215892   1747626.67
      307.20     0.999999      4215892   1906501.82
      307.20     1.000000      4215892   2097152.00
      307.20     1.000000      4215892   2207528.42
      307.20     1.000000      4215892   2330168.89
      307.20     1.000000      4215892   2467237.65
      307.20     1.000000      4215892   2621440.00
      307.20     1.000000      4215892   2796202.67
      307.20     1.000000      4215892   2995931.43
      307.20     1.000000      4215892   3226387.69
      307.20     1.000000      4215892   3495253.33
      307.20     1.000000      4215892   3813003.64
      307.20     1.000000      4215892   4194304.00
      309.25     1.000000      4215893   4415056.84
      309.25     1.000000      4215893          inf
#[Mean    =        0.455, StdDeviation   =        1.097]
#[Max     =      309.247, Total count    =      4215893]
#[Buckets =           20, SubBuckets     =          256]
