       Value   Percentile   TotalCount 1/(1-Percentile)

        0.10     0.000000            5         1.00
        0.25     0.050000       493770         1.05
        0.28     0.100000       869550         1.11
        0.34     0.150000      1297460         1.18
        0.79     0.200000      1756335         1.25
        0.88     0.250000      2164285         1.33
        0.97     0.300000      2579650         1.43
        1.01     0.350000      3014900         1.54
        1.05     0.400000      3603265         1.67
        1.05     0.450000      3883120         1.82
        1.07     0.500000      4600210         2.00
        1.07     0.525000      4600210         2.11
        1.08     0.550000      4991860         2.22
        1.08     0.575000      4991860         2.35
        1.09     0.600000      5371815         2.50
        1.09     0.625000      5371815         2.67
        1.09     0.650000      5722545         2.86
        1.10     0.675000      6027470         3.08
        1.10     0.700000      6027470         3.33
        1.11     0.725000      6275000         3.64
        1.12     0.750000      6470535         4.00
        1.13     0.762500      6620490         4.21
        1.14     0.775000      6734915         4.44
        1.14     0.787500      6823770         4.71
        1.15     0.800000      6894085         5.00
        1.17     0.812500      7000110         5.33
        1.19     0.825000      7107255         5.71
        1.22     0.837500      7210390         6.15
        1.25     0.850000      7299610         6.67
        1.29     0.862500      7423790         7.27
        1.33     0.875000      7538320         8.00
        1.33     0.881250      7570810         8.42
        1.35     0.887500      7631060         8.89
        1.37     0.893750      7691445         9.41
        1.38     0.900000      7748485        10.00
        1.40     0.906250      7802895        10.67
        1.42     0.912500      7854215        11.43
        1.43     0.918750      7903385        12.31
        1.45     0.925000      7949510        13.33
        1.47     0.931250      8011765        14.55
        1.49     0.937500      8049105        16.00
        1.50     0.940625      8084995        16.84
        1.51     0.943750      8103150        17.78
        1.53     0.946875      8135810        18.82
        1.54     0.950000      8167350        20.00
        1.55     0.953125      8182790        21.33
        1.57     0.956250      8212820        22.86
        1.58     0.959375      8240180        24.62
        1.60     0.962500      8265385        26.67
        1.62     0.965625      8298885        29.09
        1.64     0.968750      8318530        32.00
        1.66     0.970313      8334745        33.68
        1.67     0.971875      8348620        35.56
        1.69     0.973437      8360490        37.65
        1.70     0.975000      8370730        40.00
        1.73     0.976562      8383090        42.67
        1.77     0.978125      8397100        45.71
        1.82     0.979688      8409105        49.23
        1.94     0.981250      8423115        53.33
        2.06     0.982812      8436205        58.18
        2.27     0.984375      8449750        64.00
        2.38     0.985156      8456160        67.37
        2.51     0.985938      8463035        71.11
        2.67     0.986719      8469500        75.29
        2.88     0.987500      8476260        80.00
        3.21     0.988281      8482830        85.33
        3.76     0.989062      8489545        91.43
        4.74     0.989844      8496310        98.46
        5.92     0.990625      8503020       106.67
        6.91     0.991406      8509845       116.36
        7.74     0.992188      8516475       128.00
        8.10     0.992578      8519840       134.74
        8.45     0.992969      8523565       142.22
        8.77     0.993359      8526860       150.59
        9.15     0.993750      8529865       160.00
        9.66     0.994141      8533300       170.67
       10.05     0.994531      8536600       182.86
       10.75     0.994922      8539915       196.92
       12.73     0.995313      8543210       213.33
       15.23     0.995703      8546525       232.73
       16.64     0.996094      8550045       256.00
       17.02     0.996289      8551645       269.47
       18.18     0.996484      8553265       284.44
       20.09     0.996680      8554930       301.18
       20.35     0.996875      8556720       320.00
       20.73     0.997070      8558790       341.33
       20.99     0.997266      8560160       365.71
       22.27     0.997461      8561595       393.85
       24.19     0.997656      8563515       426.67
       24.32     0.997852      8568655       465.45
       24.32     0.998047      8568655       512.00
       24.32     0.998145      8568655       538.95
       24.32     0.998242      8568655       568.89
       24.45     0.998340      8572740       602.35
       24.45     0.998437      8572740       640.00
       24.45     0.998535      8572740       682.67
       24.45     0.998633      8572740       731.43
       24.45     0.998730      8572740       787.69
       24.70     0.998828      8573580       853.33
       24.83     0.998926      8574330       930.91
       25.21     0.999023      8575005      1024.00
       25.60     0.999072      8575525      1077.89
       26.11     0.999121      8575845      1137.78
       27.01     0.999170      8576300      1204.71
       27.90     0.999219      8576675      1280.00
       28.29     0.999268      8578210      1365.33
       28.29     0.999316      8578210      1462.86
       28.29     0.999365      8578210      1575.38
       28.41     0.999414      8579640      1706.67
       28.41     0.999463      8579640      1861.82
       28.41     0.999512      8579640      2048.00
       28.41     0.999536      8579640      2155.79
       28.41     0.999561      8579640      2275.56
       28.67     0.999585      8579935      2409.41
       28.80     0.999609      8580300      2560.00
       28.80     0.999634      8580300      2730.67
       29.18     0.999658      8580510      2925.71
       29.82     0.999683      8580670      3150.77
       31.36     0.999707      8580870      3413.33
       32.26     0.999731      8581230      3723.64
       32.38     0.999756      8581775      4096.00
       32.38     0.999768      8581775      4311.58
       32.38     0.999780      8581775      4551.11
       32.38     0.999792      8581775      4818.82
       32.38     0.999805      8581775      5120.00
       32.51     0.999817      8581880      5461.33
       32.64     0.999829      8581995      5851.43
       32.77     0.999841      8582285      6301.54
       32.77     0.999854      8582285      6826.67
       32.77     0.999866      8582285      7447.27
       33.02     0.999878      8582390      8192.00
       33.02     0.999884      8582390      8623.16
       33.53     0.999890      8582455      9102.22
       34.05     0.999896      8582500      9637.65
       34.30     0.999902      8582545     10240.00
       35.07     0.999908      8582615     10922.67
       36.09     0.999915      8582660     11702.86
       36.35     0.999921      8582900     12603.08
       36.35     0.999927      8582900     13653.33
       36.35     0.999933      8582900     14894.55
       36.35     0.999939      8582900     16384.00
       36.35     0.999942      8582900     17246.32
       36.61     0.999945      8582990     18204.44
       36.61     0.999948      8582990     19275.29
       36.61     0.999951      8582990     20480.00
       36.61     0.999954      8582990     21845.33
       36.86     0.999957      8583060     23405.71
       36.86     0.999960      8583060     25206.15
       37.12     0.999963      8583070     27306.67
       37.38     0.999966      8583095     29789.09
       37.63     0.999969      8583130     32768.00
       37.89     0.999971      8583145     34492.63
       37.89     0.999973      8583145     36408.89
       40.45     0.999974      8583230     38550.59
       40.45     0.999976      8583230     40960.00
       40.45     0.999977      8583230     43690.67
       40.45     0.999979      8583230     46811.43
       40.45     0.999980      8583230     50412.31
       40.45     0.999982      8583230     54613.33
       40.70     0.999983      8583265     59578.18
       40.70     0.999985      8583265     65536.00
       40.70     0.999986      8583265     68985.26
       40.70     0.999986      8583265     72817.78
       40.96     0.999987      8583325     77101.18
       40.96     0.999988      8583325     81920.00
       40.96     0.999989      8583325     87381.33
       40.96     0.999989      8583325     93622.86
       40.96     0.999990      8583325    100824.62
       40.96     0.999991      8583325    109226.67
       40.96     0.999992      8583325    119156.36
       40.96     0.999992      8583325    131072.00
       40.96     0.999993      8583325    137970.53
       40.96     0.999993      8583325    145635.56
       40.96     0.999994      8583325    154202.35
       41.22     0.999994      8583345    163840.00
       41.22     0.999994      8583345    174762.67
       41.22     0.999995      8583345    187245.71
       41.22     0.999995      8583345    201649.23
       41.22     0.999995      8583345    218453.33
       41.22     0.999996      8583345    238312.73
       41.47     0.999996      8583360    262144.00
       41.47     0.999996      8583360    275941.05
       41.47     0.999997      8583360    291271.11
       41.47     0.999997      8583360    308404.71
       41.47     0.999997      8583360    327680.00
       41.47     0.999997      8583360    349525.33
       41.47     0.999997      8583360    374491.43
       41.47     0.999998      8583360    403298.46
       41.73     0.999998      8583365    436906.67
       41.73     0.999998      8583365    476625.45
       41.73     0.999998      8583365    524288.00
       41.73     0.999998      8583365    551882.11
       41.98     0.999998      8583375    582542.22
       41.98     0.999998      8583375    616809.41
       41.98     0.999998      8583375    655360.00
       41.98     0.999999      8583375    699050.67
       41.98     0.999999      8583375    748982.86
       41.98     0.999999      8583375    806596.92
       41.98     0.999999      8583375    873813.33
       41.98     0.999999      8583375    953250.91
       41.98     0.999999      8583375   1048576.00
       41.98     0.999999      8583375   1103764.21
       41.98     0.999999      8583375   1165084.44
       41.98     0.999999      8583375   1233618.82
       41.98     0.999999      8583375   1310720.00
       41.98     0.999999      8583375   1398101.33
       41.98     0.999999      8583375   1497965.71
       41.98     0.999999      8583375   1613193.85
       42.24     0.999999      8583380   1747626.67
       42.24     1.000000      8583380          inf
#[Mean    =        1.113, StdDeviation   =        1.651]
#[Max     =       42.239, Total count    =      8583380]
#[Buckets =           20, SubBuckets     =          256]
