       Value   Percentile   TotalCount 1/(1-Percentile)

        0.20     0.000000            2         1.00
        0.40     0.050000        23012         1.05
        0.42     0.100000        40547         1.11
        0.46     0.150000        61214         1.18
        0.49     0.200000        84406         1.25
        0.51     0.250000       107519         1.33
        0.53     0.300000       134450         1.43
        0.54     0.350000       146632         1.54
        0.55     0.400000       166228         1.67
        0.57     0.450000       188945         1.82
        0.59     0.500000       207804         2.00
        0.60     0.525000       219663         2.11
        0.61     0.550000       232570         2.22
        0.61     0.575000       232570         2.35
        0.61     0.600000       246437         2.50
        0.62     0.625000       260184         2.67
        0.63     0.650000       273901         2.86
        0.63     0.675000       273901         3.08
        0.64     0.700000       286711         3.33
        0.65     0.725000       298465         3.64
        0.66     0.750000       308719         4.00
        0.66     0.762500       308719         4.21
        0.66     0.775000       317334         4.44
        0.67     0.787500       324229         4.71
        0.67     0.800000       324229         5.00
        0.68     0.812500       329772         5.33
        0.69     0.825000       334002         5.71
        0.70     0.837500       339506         6.15
        0.73     0.850000       343749         6.67
        0.77     0.862500       348480         7.27
        0.79     0.875000       353793         8.00
        0.80     0.881250       356624         8.42
        0.81     0.887500       359979         8.89
        0.81     0.893750       363840         9.41
        0.81     0.900000       363840        10.00
        0.82     0.906250       368118        10.67
        0.83     0.912500       372705        11.43
        0.83     0.918750       372705        12.31
        0.84     0.925000       377509        13.33
        0.84     0.931250       377509        14.55
        0.85     0.937500       382195        16.00
        0.85     0.940625       382195        16.84
        0.85     0.943750       382195        17.78
        0.85     0.946875       386484        18.82
        0.85     0.950000       386484        20.00
        0.85     0.953125       386484        21.33
        0.85     0.956250       386484        22.86
        0.86     0.959375       390381        24.62
        0.86     0.962500       390381        26.67
        0.86     0.965625       390381        29.09
        0.87     0.968750       393634        32.00
        0.87     0.970313       393634        33.68
        0.87     0.971875       393634        35.56
        0.87     0.973437       393634        37.65
        0.87     0.975000       393634        40.00
        0.88     0.976562       396122        42.67
        0.88     0.978125       396122        45.71
        0.88     0.979688       396122        49.23
        0.88     0.981250       396122        53.33
        0.89     0.982812       397942        58.18
        0.89     0.984375       397942        64.00
        0.89     0.985156       397942        67.37
        0.90     0.985938       399323        71.11
        0.90     0.986719       399323        75.29
        0.90     0.987500       399323        80.00
        0.90     0.988281       399323        85.33
        0.90     0.989062       399323        91.43
        0.90     0.989844       400294        98.46
        0.90     0.990625       400294       106.67
        0.90     0.991406       400294       116.36
        0.91     0.992188       400972       128.00
        0.91     0.992578       400972       134.74
        0.91     0.992969       400972       142.22
        0.92     0.993359       401497       150.59
        0.92     0.993750       401497       160.00
        0.92     0.994141       401497       170.67
        0.92     0.994531       401497       182.86
        0.93     0.994922       401902       196.92
        0.93     0.995313       401902       213.33
        0.94     0.995703       402189       232.73
        0.94     0.996094       402189       256.00
        0.94     0.996289       402189       269.47
        0.94     0.996484       402413       284.44
        0.94     0.996680       402413       301.18
        0.95     0.996875       402599       320.00
        0.95     0.997070       402599       341.33
        0.95     0.997266       402599       365.71
        0.96     0.997461       402743       393.85
        0.96     0.997656       402743       426.67
        0.97     0.997852       402866       465.45
        0.97     0.998047       402984       512.00
        0.97     0.998145       402984       538.95
        0.97     0.998242       402984       568.89
        0.98     0.998340       403090       602.35
        0.98     0.998437       403090       640.00
        0.99     0.998535       403178       682.67
        0.99     0.998633       403178       731.43
        0.99     0.998730       403178       787.69
        1.00     0.998828       403259       853.33
        1.00     0.998926       403259       930.91
        1.01     0.999023       403324      1024.00
        1.01     0.999072       403324      1077.89
        1.01     0.999121       403395      1137.78
        1.01     0.999170       403395      1204.71
        1.01     0.999219       403395      1280.00
        1.01     0.999268       403395      1365.33
        1.02     0.999316       403441      1462.86
        1.02     0.999365       403441      1575.38
        1.03     0.999414       403473      1706.67
        1.03     0.999463       403473      1861.82
        1.04     0.999512       403506      2048.00
        1.04     0.999536       403506      2155.79
        1.05     0.999561       403532      2275.56
        1.05     0.999585       403532      2409.41
        1.05     0.999609       403532      2560.00
        1.05     0.999634       403559      2730.67
        1.05     0.999658       403559      2925.71
        1.05     0.999683       403559      3150.77
        1.06     0.999707       403571      3413.33
        1.07     0.999731       403582      3723.64
        1.08     0.999756       403587      4096.00
        1.09     0.999768       403594      4311.58
        1.09     0.999780       403599      4551.11
        1.10     0.999792       403603      4818.82
        1.12     0.999805       403608      5120.00
        1.14     0.999817       403612      5461.33
        1.18     0.999829       403616      5851.43
        1.23     0.999841       403620      6301.54
        1.30     0.999854       403625      6826.67
        2.21     0.999866       403630      7447.27
        2.56     0.999878       403635      8192.00
        3.46     0.999884       403638      8623.16
        3.57     0.999890       403640      9102.22
        3.65     0.999896       403644      9637.65
        3.68     0.999902       403645     10240.00
        3.71     0.999908       403649     10922.67
        3.73     0.999915       403651     11702.86
        3.74     0.999921       403653     12603.08
        3.81     0.999927       403655     13653.33
        3.90     0.999933       403657     14894.55
        4.01     0.999939       403660     16384.00
        4.29     0.999942       403661     17246.32
        4.35     0.999945       403662     18204.44
        4.54     0.999948       403664     19275.29
        4.58     0.999951       403666     20480.00
        4.58     0.999954       403666     21845.33
        4.61     0.999957       403668     23405.71
        4.61     0.999960       403668     25206.15
        4.74     0.999963       403670     27306.67
        4.77     0.999966       403671     29789.09
        4.93     0.999969       403672     32768.00
        6.27     0.999971       403673     34492.63
        6.27     0.999973       403673     36408.89
        6.40     0.999974       403674     38550.59
        6.43     0.999976       403675     40960.00
        6.43     0.999977       403675     43690.67
        6.50     0.999979       403677     46811.43
        6.50     0.999980       403677     50412.31
        6.50     0.999982       403677     54613.33
        6.53     0.999983       403679     59578.18
        6.53     0.999985       403679     65536.00
        6.53     0.999986       403679     68985.26
        6.53     0.999986       403679     72817.78
        6.53     0.999987       403679     77101.18
        6.59     0.999988       403680     81920.00
        6.59     0.999989       403680     87381.33
        6.59     0.999989       403680     93622.86
        6.59     0.999990       403680    100824.62
        6.69     0.999991       403681    109226.67
        6.69     0.999992       403681    119156.36
        6.69     0.999992       403681    131072.00
        6.75     0.999993       403682    137970.53
        6.75     0.999993       403682    145635.56
        6.75     0.999994       403682    154202.35
        6.75     0.999994       403682    163840.00
        6.75     0.999994       403682    174762.67
        6.75     0.999995       403682    187245.71
        6.75     0.999995       403682    201649.23
        6.85     0.999995       403683    218453.33
        6.85     0.999996       403683    238312.73
        6.85     0.999996       403683    262144.00
        6.85     0.999996       403683    275941.05
        6.85     0.999997       403683    291271.11
        6.85     0.999997       403683    308404.71
        6.85     0.999997       403683    327680.00
        6.85     0.999997       403683    349525.33
        6.85     0.999997       403683    374491.43
        6.85     0.999998       403683    403298.46
        6.91     0.999998       403684    436906.67
        6.91     1.000000       403684          inf
#[Mean    =        0.594, StdDeviation   =        0.138]
#[Max     =        6.911, Total count    =       403684]
#[Buckets =           20, SubBuckets     =          256]
