       Value   Percentile   TotalCount 1/(1-Percentile)

        0.11     0.000000            5         1.00
        0.26     0.050000       387500         1.05
        0.29     0.100000       787290         1.11
        0.36     0.150000      1188060         1.18
        0.82     0.200000      1559545         1.25
        0.93     0.250000      1944635         1.33
        1.05     0.300000      2332355         1.43
        1.12     0.350000      2734715         1.54
        1.15     0.400000      3101985         1.67
        1.18     0.450000      3620240         1.82
        1.19     0.500000      4117385         2.00
        1.19     0.525000      4117385         2.11
        1.20     0.550000      4382705         2.22
        1.21     0.575000      4638325         2.35
        1.22     0.600000      4885700         2.50
        1.22     0.625000      4885700         2.67
        1.22     0.650000      5110820         2.86
        1.23     0.675000      5309440         3.08
        1.24     0.700000      5480400         3.33
        1.25     0.725000      5618440         3.64
        1.26     0.750000      5833785         4.00
        1.27     0.762500      5918595         4.21
        1.29     0.775000      6052170         4.44
        1.29     0.787500      6104900         4.71
        1.32     0.800000      6227150         5.00
        1.34     0.812500      6314865         5.33
        1.38     0.825000      6399430         5.71
        1.42     0.837500      6505385         6.15
        1.46     0.850000      6596300         6.67
        1.50     0.862500      6700010         7.27
        1.53     0.875000      6788270         8.00
        1.55     0.881250      6829200         8.42
        1.57     0.887500      6889885         8.89
        1.59     0.893750      6930480         9.41
        1.61     0.900000      6989155        10.00
        1.63     0.906250      7028020        10.67
        1.66     0.912500      7084190        11.43
        1.67     0.918750      7120850        12.31
        1.70     0.925000      7173140        13.33
        1.72     0.931250      7225750        14.55
        1.74     0.937500      7274765        16.00
        1.75     0.940625      7290870        16.84
        1.77     0.943750      7321130        17.78
        1.78     0.946875      7349080        18.82
        1.79     0.950000      7362510        20.00
        1.81     0.953125      7388175        21.33
        1.82     0.956250      7412360        22.86
        1.84     0.959375      7434550        24.62
        1.86     0.962500      7463535        26.67
        1.89     0.965625      7487110        29.09
        1.92     0.968750      7511115        32.00
        1.94     0.970313      7520785        33.68
        1.96     0.971875      7532015        35.56
        1.99     0.973437      7543155        37.65
        2.04     0.975000      7555045        40.00
        2.11     0.976562      7566605        42.67
        2.21     0.978125      7579470        45.71
        2.30     0.979688      7591115        49.23
        2.43     0.981250      7603370        53.33
        2.58     0.982812      7615255        58.18
        2.83     0.984375      7627155        64.00
        3.06     0.985156      7633390        67.37
        3.33     0.985938      7639385        71.11
        3.66     0.986719      7645500        75.29
        4.08     0.987500      7651455        80.00
        4.67     0.988281      7657470        85.33
        5.44     0.989062      7663605        91.43
        6.14     0.989844      7669595        98.46
        6.88     0.990625      7675635       106.67
        7.55     0.991406      7681710       116.36
        8.16     0.992188      7687750       128.00
        8.45     0.992578      7690930       134.74
        8.83     0.992969      7693965       142.22
        9.21     0.993359      7697410       150.59
        9.54     0.993750      7699725       160.00
       10.18     0.994141      7703095       170.67
       10.75     0.994531      7705955       182.86
       11.78     0.994922      7708810       196.92
       13.70     0.995313      7711835       213.33
       15.94     0.995703      7714895       232.73
       16.77     0.996094      7718060       256.00
       17.15     0.996289      7719540       269.47
       18.30     0.996484      7721090       284.44
       19.45     0.996680      7722545       301.18
       20.35     0.996875      7725050       320.00
       20.48     0.997070      7725965       341.33
       21.12     0.997266      7727175       365.71
       22.27     0.997461      7728600       393.85
       23.68     0.997656      7730010       426.67
       24.32     0.997852      7735470       465.45
       24.32     0.998047      7735470       512.00
       24.32     0.998145      7735470       538.95
       24.32     0.998242      7735470       568.89
       24.32     0.998340      7735470       602.35
       24.45     0.998437      7739850       640.00
       24.45     0.998535      7739850       682.67
       24.45     0.998633      7739850       731.43
       24.45     0.998730      7739850       787.69
       24.45     0.998828      7739850       853.33
       24.45     0.998926      7739850       930.91
       24.70     0.999023      7740590      1024.00
       24.83     0.999072      7741190      1077.89
       24.96     0.999121      7741515      1137.78
       25.09     0.999170      7741725      1204.71
       25.60     0.999219      7742130      1280.00
       25.98     0.999268      7742520      1365.33
       26.50     0.999316      7742875      1462.86
       27.26     0.999365      7743300      1575.38
       28.16     0.999414      7743750      1706.67
       28.29     0.999463      7744350      1861.82
       28.41     0.999512      7745270      2048.00
       28.41     0.999536      7745270      2155.79
       28.41     0.999561      7745270      2275.56
       28.41     0.999585      7745270      2409.41
       28.41     0.999609      7745270      2560.00
       28.54     0.999634      7745530      2730.67
       28.54     0.999658      7745530      2925.71
       28.67     0.999683      7745740      3150.77
       28.80     0.999707      7745890      3413.33
       29.05     0.999731      7746105      3723.64
       29.44     0.999756      7746295      4096.00
       29.57     0.999768      7746385      4311.58
       29.70     0.999780      7746475      4551.11
       29.82     0.999792      7746570      4818.82
       30.08     0.999805      7746660      5120.00
       30.46     0.999817      7746745      5461.33
       30.85     0.999829      7746855      5851.43
       31.36     0.999841      7746930      6301.54
       32.13     0.999854      7747020      6826.67
       32.26     0.999866      7747120      7447.27
       32.38     0.999878      7747400      8192.00
       32.38     0.999884      7747400      8623.16
       32.38     0.999890      7747400      9102.22
       32.38     0.999896      7747400      9637.65
       32.38     0.999902      7747400     10240.00
       32.51     0.999908      7747520     10922.67
       32.51     0.999915      7747520     11702.86
       32.64     0.999921      7747550     12603.08
       32.77     0.999927      7747600     13653.33
       33.02     0.999933      7747635     14894.55
       33.53     0.999939      7747690     16384.00
       33.79     0.999942      7747730     17246.32
       33.79     0.999945      7747730     18204.44
       34.30     0.999948      7747770     19275.29
       36.35     0.999951      7747840     20480.00
       36.35     0.999954      7747840     21845.33
       36.35     0.999957      7747840     23405.71
       36.61     0.999960      7747885     25206.15
       36.61     0.999963      7747885     27306.67
       36.86     0.999966      7747965     29789.09
       36.86     0.999969      7747965     32768.00
       36.86     0.999971      7747965     34492.63
       36.86     0.999973      7747965     36408.89
       36.86     0.999974      7747965     38550.59
       36.86     0.999976      7747965     40960.00
       37.12     0.999977      7747980     43690.67
       37.38     0.999979      7747985     46811.43
       38.14     0.999980      7748000     50412.31
       40.45     0.999982      7748070     54613.33
       40.45     0.999983      7748070     59578.18
       40.45     0.999985      7748070     65536.00
       40.45     0.999986      7748070     68985.26
       40.45     0.999986      7748070     72817.78
       40.45     0.999987      7748070     77101.18
       40.45     0.999988      7748070     81920.00
       40.45     0.999989      7748070     87381.33
       40.45     0.999989      7748070     93622.86
       40.70     0.999990      7748090    100824.62
       40.70     0.999991      7748090    109226.67
       40.70     0.999992      7748090    119156.36
       41.22     0.999992      7748100    131072.00
       41.22     0.999993      7748100    137970.53
       41.22     0.999993      7748100    145635.56
       41.22     0.999994      7748100    154202.35
       41.47     0.999994      7748105    163840.00
       41.73     0.999994      7748110    174762.67
       41.73     0.999995      7748110    187245.71
       41.98     0.999995      7748115    201649.23
       41.98     0.999995      7748115    218453.33
       48.38     0.999996      7748120    238312.73
       48.64     0.999996      7748125    262144.00
       48.64     0.999996      7748125    275941.05
       48.64     0.999997      7748125    291271.11
       48.64     0.999997      7748125    308404.71
       48.90     0.999997      7748135    327680.00
       48.90     0.999997      7748135    349525.33
       48.90     0.999997      7748135    374491.43
       48.90     0.999998      7748135    403298.46
       48.90     0.999998      7748135    436906.67
       48.90     0.999998      7748135    476625.45
       49.15     0.999998      7748140    524288.00
       49.15     0.999998      7748140    551882.11
       49.15     0.999998      7748140    582542.22
       49.15     0.999998      7748140    616809.41
       49.15     0.999998      7748140    655360.00
       49.15     0.999999      7748140    699050.67
       49.15     0.999999      7748140    748982.86
       49.41     0.999999      7748150    806596.92
       49.41     1.000000      7748150          inf
#[Mean    =        1.233, StdDeviation   =        1.661]
#[Max     =       49.407, Total count    =      7748150]
#[Buckets =           20, SubBuckets     =          256]
