       Value   Percentile   TotalCount 1/(1-Percentile)

        0.06     0.000000           50         1.00
        0.12     0.050000      2213540         1.05
        0.14     0.100000      4489100         1.11
        0.14     0.150000      6088050         1.18
        0.15     0.200000      6938300         1.25
        0.17     0.250000      8919850         1.33
        0.19     0.300000     10296740         1.43
        0.41     0.350000     12094810         1.54
        0.49     0.400000     13541510         1.67
        0.55     0.450000     16717900         1.82
        0.56     0.500000     22679700         2.00
        0.56     0.525000     22679700         2.11
        0.56     0.550000     22679700         2.22
        0.56     0.575000     22679700         2.35
        0.56     0.600000     22679700         2.50
        0.56     0.625000     22679700         2.67
        0.56     0.650000     22679700         2.86
        0.57     0.675000     27314570         3.08
        0.57     0.700000     27314570         3.33
        0.57     0.725000     27314570         3.64
        0.57     0.750000     27314570         4.00
        0.57     0.762500     27314570         4.21
        0.57     0.775000     27314570         4.44
        0.57     0.787500     27314570         4.71
        0.57     0.800000     27314570         5.00
        0.57     0.812500     28971030         5.33
        0.57     0.825000     28971030         5.71
        0.57     0.837500     28971030         6.15
        0.57     0.850000     28971030         6.67
        0.58     0.862500     29797500         7.27
        0.58     0.875000     29797500         8.00
        0.58     0.881250     29797500         8.42
        0.59     0.887500     30199700         8.89
        0.59     0.893750     30199700         9.41
        0.60     0.900000     30428120        10.00
        0.61     0.906250     30595490        10.67
        0.62     0.912500     30841300        11.43
        0.64     0.918750     31016540        12.31
        0.66     0.925000     31295060        13.33
        0.68     0.931250     31508580        14.55
        0.69     0.937500     31648850        16.00
        0.69     0.940625     31877920        16.84
        0.69     0.943750     31877920        17.78
        0.70     0.946875     32130960        18.82
        0.70     0.950000     32130960        20.00
        0.71     0.953125     32313250        21.33
        0.71     0.956250     32313250        22.86
        0.72     0.959375     32433650        24.62
        0.73     0.962500     32532220        26.67
        0.73     0.965625     32608020        29.09
        0.75     0.968750     32716650        32.00
        0.76     0.970313     32754700        33.68
        0.78     0.971875     32809810        35.56
        0.80     0.973437     32866810        37.65
        0.82     0.975000     32916870        40.00
        0.84     0.976562     32970600        42.67
        0.85     0.978125     33024110        45.71
        0.87     0.979688     33066590        49.23
        0.90     0.981250     33118220        53.33
        0.97     0.982812     33171530        58.18
        1.10     0.984375     33222960        64.00
        1.18     0.985156     33248940        67.37
        1.28     0.985938     33275110        71.11
        1.47     0.986719     33301140        75.29
        1.93     0.987500     33327290        80.00
        2.45     0.988281     33354210        85.33
        3.01     0.989062     33380730        91.43
        3.62     0.989844     33406890        98.46
        4.32     0.990625     33433030       106.67
        5.38     0.991406     33459840       116.36
        6.53     0.992188     33485900       128.00
        6.94     0.992578     33499380       134.74
        7.39     0.992969     33512770       142.22
        7.71     0.993359     33525670       150.59
        8.13     0.993750     33538670       160.00
        8.57     0.994141     33552460       170.67
        9.34     0.994531     33565050       182.86
       10.24     0.994922     33578080       196.92
       12.16     0.995313     33591200       213.33
       14.14     0.995703     33604270       232.73
       16.19     0.996094     33619930       256.00
       16.38     0.996289     33625320       269.47
       16.77     0.996484     33630630       284.44
       17.92     0.996680     33637260       301.18
       19.33     0.996875     33643670       320.00
       20.22     0.997070     33656840       341.33
       20.22     0.997266     33656840       365.71
       20.99     0.997461     33663750       393.85
       22.66     0.997656     33670410       426.67
       24.19     0.997852     33717350       465.45
       24.19     0.998047     33717350       512.00
       24.19     0.998145     33717350       538.95
       24.19     0.998242     33717350       568.89
       24.19     0.998340     33717350       602.35
       24.19     0.998437     33717350       640.00
       24.19     0.998535     33717350       682.67
       24.19     0.998633     33717350       731.43
       24.19     0.998730     33717350       787.69
       24.19     0.998828     33717350       853.33
       24.19     0.998926     33717350       930.91
       24.19     0.999023     33717350      1024.00
       24.32     0.999072     33722340      1077.89
       24.32     0.999121     33722340      1137.78
       24.32     0.999170     33722340      1204.71
       24.45     0.999219     33724320      1280.00
       24.57     0.999268     33725140      1365.33
       24.83     0.999316     33726360      1462.86
       25.34     0.999365     33727740      1575.38
       26.24     0.999414     33729340      1706.67
       27.01     0.999463     33731070      1861.82
       28.16     0.999512     33737450      2048.00
       28.16     0.999536     33737450      2155.79
       28.16     0.999561     33737450      2275.56
       28.16     0.999585     33737450      2409.41
       28.16     0.999609     33737450      2560.00
       28.16     0.999634     33737450      2730.67
       28.29     0.999658     33741580      2925.71
       28.29     0.999683     33741580      3150.77
       28.29     0.999707     33741580      3413.33
       28.29     0.999731     33741580      3723.64
       28.29     0.999756     33741580      4096.00
       28.29     0.999768     33741580      4311.58
       28.41     0.999780     33742090      4551.11
       28.54     0.999792     33742540      4818.82
       28.54     0.999805     33742540      5120.00
       28.93     0.999817     33742980      5461.33
       29.57     0.999829     33743380      5851.43
       29.95     0.999841     33743780      6301.54
       30.59     0.999854     33744240      6826.67
       31.36     0.999866     33744590      7447.27
       32.13     0.999878     33745590      8192.00
       32.13     0.999884     33745590      8623.16
       32.13     0.999890     33745590      9102.22
       32.26     0.999896     33746960      9637.65
       32.26     0.999902     33746960     10240.00
       32.26     0.999908     33746960     10922.67
       32.26     0.999915     33746960     11702.86
       32.26     0.999921     33746960     12603.08
       32.26     0.999927     33746960     13653.33
       32.26     0.999933     33746960     14894.55
       32.38     0.999939     33747170     16384.00
       32.38     0.999942     33747170     17246.32
       32.51     0.999945     33747290     18204.44
       32.64     0.999948     33747380     19275.29
       33.02     0.999951     33747490     20480.00
       33.28     0.999954     33747620     21845.33
       33.79     0.999957     33747770     23405.71
       34.05     0.999960     33747790     25206.15
       34.30     0.999963     33747910     27306.67
       34.56     0.999966     33748020     29789.09
       35.07     0.999969     33748110     32768.00
       35.33     0.999971     33748170     34492.63
       35.58     0.999973     33748190     36408.89
       36.09     0.999974     33748350     38550.59
       36.09     0.999976     33748350     40960.00
       36.09     0.999977     33748350     43690.67
       36.35     0.999979     33748820     46811.43
       36.35     0.999980     33748820     50412.31
       36.35     0.999982     33748820     54613.33
       36.35     0.999983     33748820     59578.18
       36.35     0.999985     33748820     65536.00
       36.35     0.999986     33748820     68985.26
       36.35     0.999986     33748820     72817.78
       36.35     0.999987     33748820     77101.18
       36.35     0.999988     33748820     81920.00
       36.35     0.999989     33748820     87381.33
       36.35     0.999989     33748820     93622.86
       36.35     0.999990     33748820    100824.62
       36.35     0.999991     33748820    109226.67
       36.61     0.999992     33748880    119156.36
       36.61     0.999992     33748880    131072.00
       36.61     0.999993     33748880    137970.53
       36.61     0.999993     33748880    145635.56
       38.40     0.999994     33748900    154202.35
       38.66     0.999994     33748950    163840.00
       38.66     0.999994     33748950    174762.67
       38.66     0.999995     33748950    187245.71
       38.66     0.999995     33748950    201649.23
       39.68     0.999995     33749030    218453.33
       39.68     0.999996     33749030    238312.73
       39.68     0.999996     33749030    262144.00
       39.68     0.999996     33749030    275941.05
       39.68     0.999997     33749030    291271.11
       39.68     0.999997     33749030    308404.71
       39.68     0.999997     33749030    327680.00
       39.68     0.999997     33749030    349525.33
       39.68     0.999997     33749030    374491.43
       39.68     0.999998     33749030    403298.46
       44.29     0.999998     33749110    436906.67
       44.29     1.000000     33749110          inf
#[Mean    =        0.566, StdDeviation   =        1.570]
#[Max     =       44.287, Total count    =     33749110]
#[Buckets =           20, SubBuckets     =          256]
