       Value   Percentile   TotalCount 1/(1-Percentile)

        0.07     0.000000           55         1.00
        0.16     0.050000       843995         1.05
        0.21     0.100000      1376705         1.11
        0.48     0.150000      2082045         1.18
        0.57     0.200000      2816205         1.25
        0.60     0.250000      3591765         1.33
        0.61     0.300000      4511240         1.43
        0.62     0.350000      5105230         1.54
        0.63     0.400000      5690370         1.67
        0.64     0.450000      6173210         1.82
        0.66     0.500000      6934750         2.00
        0.66     0.525000      7270405         2.11
        0.67     0.550000      7586235         2.22
        0.68     0.575000      7879665         2.35
        0.69     0.600000      8387925         2.50
        0.70     0.625000      8596835         2.67
        0.72     0.650000      8936285         2.86
        0.73     0.675000      9211360         3.08
        0.76     0.700000      9600620         3.33
        0.78     0.725000      9874435         3.64
        0.80     0.750000     10345470         4.00
        0.81     0.762500     10520845         4.21
        0.81     0.775000     10703685         4.44
        0.81     0.787500     10703685         4.71
        0.82     0.800000     10892635         5.00
        0.83     0.812500     11086985         5.33
        0.84     0.825000     11278875         5.71
        0.85     0.837500     11463340         6.15
        0.85     0.850000     11636135         6.67
        0.86     0.862500     11791595         7.27
        0.87     0.875000     11929050         8.00
        0.88     0.881250     12049055         8.42
        0.89     0.887500     12149290         8.89
        0.89     0.893750     12149290         9.41
        0.90     0.900000     12232895        10.00
        0.91     0.906250     12368385        10.67
        0.92     0.912500     12426430        11.43
        0.94     0.918750     12533945        12.31
        0.94     0.925000     12586585        13.33
        0.96     0.931250     12693250        14.55
        0.97     0.937500     12745250        16.00
        0.97     0.940625     12797130        16.84
        0.98     0.943750     12847785        17.78
        0.99     0.946875     12893275        18.82
        1.00     0.950000     12936555        20.00
        1.01     0.953125     12976415        21.33
        1.01     0.956250     13013190        22.86
        1.02     0.959375     13046525        24.62
        1.04     0.962500     13103125        26.67
        1.05     0.965625     13127305        29.09
        1.06     0.968750     13165940        32.00
        1.08     0.970313     13197400        33.68
        1.09     0.971875     13211240        35.56
        1.10     0.973437     13233705        37.65
        1.12     0.975000     13252970        40.00
        1.14     0.976562     13271320        42.67
        1.16     0.978125     13298530        45.71
        1.18     0.979688     13317555        49.23
        1.19     0.981250     13336910        53.33
        1.22     0.982812     13365570        58.18
        1.23     0.984375     13384735        64.00
        1.24     0.985156     13393620        67.37
        1.25     0.985938     13401925        71.11
        1.25     0.986719     13409840        75.29
        1.27     0.987500     13424835        80.00
        1.28     0.988281     13431125        85.33
        1.29     0.989062     13442355        91.43
        1.32     0.989844     13453980        98.46
        1.35     0.990625     13462420       106.67
        1.43     0.991406     13473075       116.36
        1.53     0.992188     13483770       128.00
        1.58     0.992578     13488765       134.74
        1.66     0.992969     13494375       142.22
        1.75     0.993359     13499490       150.59
        1.90     0.993750     13504620       160.00
        2.13     0.994141     13509880       170.67
        2.46     0.994531     13515410       182.86
        2.83     0.994922     13520615       196.92
        3.29     0.995313     13525790       213.33
        4.05     0.995703     13531125       232.73
        4.80     0.996094     13536435       256.00
        5.41     0.996289     13539075       269.47
        5.95     0.996484     13541750       284.44
        6.53     0.996680     13544425       301.18
        6.97     0.996875     13547280       320.00
        7.29     0.997070     13549700       341.33
        7.65     0.997266     13552530       365.71
        8.10     0.997461     13555015       393.85
        8.57     0.997656     13557740       426.67
        9.34     0.997852     13560330       465.45
       10.11     0.998047     13562955       512.00
       10.75     0.998145     13564400       538.95
       11.78     0.998242     13565625       568.89
       12.48     0.998340     13567080       602.35
       12.99     0.998437     13568285       640.00
       14.46     0.998535     13569615       682.67
       15.74     0.998633     13570920       731.43
       16.25     0.998730     13572390       787.69
       16.64     0.998828     13573775       853.33
       17.41     0.998926     13574940       930.91
       18.94     0.999023     13576255      1024.00
       19.97     0.999072     13576985      1077.89
       20.22     0.999121     13578245      1137.78
       20.22     0.999170     13578245      1204.71
       20.48     0.999219     13579195      1280.00
       20.73     0.999268     13579780      1365.33
       21.12     0.999316     13580225      1462.86
       21.89     0.999365     13580950      1575.38
       22.91     0.999414     13581575      1706.67
       24.19     0.999463     13583700      1861.82
       24.19     0.999512     13583700      2048.00
       24.19     0.999536     13583700      2155.79
       24.19     0.999561     13583700      2275.56
       24.32     0.999585     13584890      2409.41
       24.32     0.999609     13584890      2560.00
       24.32     0.999634     13584890      2730.67
       24.32     0.999658     13584890      2925.71
       24.45     0.999683     13585680      3150.77
       24.45     0.999707     13585680      3413.33
       24.57     0.999731     13585900      3723.64
       25.34     0.999756     13586185      4096.00
       25.73     0.999768     13586350      4311.58
       26.37     0.999780     13586555      4551.11
       26.75     0.999792     13586730      4818.82
       27.01     0.999805     13586910      5120.00
       27.77     0.999817     13587010      5461.33
       28.16     0.999829     13587420      5851.43
       28.16     0.999841     13587420      6301.54
       28.29     0.999854     13587885      6826.67
       28.29     0.999866     13587885      7447.27
       28.29     0.999878     13587885      8192.00
       28.41     0.999884     13587970      8623.16
       28.54     0.999890     13588220      9102.22
       28.54     0.999896     13588220      9637.65
       28.54     0.999902     13588220     10240.00
       28.67     0.999908     13588270     10922.67
       28.80     0.999915     13588350     11702.86
       28.93     0.999921     13588505     12603.08
       28.93     0.999927     13588505     13653.33
       29.31     0.999933     13588605     14894.55
       29.57     0.999939     13588665     16384.00
       29.95     0.999942     13588720     17246.32
       30.46     0.999945     13588745     18204.44
       30.98     0.999948     13588785     19275.29
       32.13     0.999951     13588905     20480.00
       32.13     0.999954     13588905     21845.33
       32.26     0.999957     13589175     23405.71
       32.26     0.999960     13589175     25206.15
       32.26     0.999963     13589175     27306.67
       32.26     0.999966     13589175     29789.09
       32.26     0.999969     13589175     32768.00
       32.26     0.999971     13589175     34492.63
       32.26     0.999973     13589175     36408.89
       32.26     0.999974     13589175     38550.59
       32.26     0.999976     13589175     40960.00
       32.38     0.999977     13589210     43690.67
       32.38     0.999979     13589210     46811.43
       32.51     0.999980     13589290     50412.31
       32.51     0.999982     13589290     54613.33
       32.51     0.999983     13589290     59578.18
       32.51     0.999985     13589290     65536.00
       36.35     0.999986     13589410     68985.26
       36.35     0.999986     13589410     72817.78
       36.35     0.999987     13589410     77101.18
       36.35     0.999988     13589410     81920.00
       36.35     0.999989     13589410     87381.33
       36.35     0.999989     13589410     93622.86
       36.35     0.999990     13589410    100824.62
       36.35     0.999991     13589410    109226.67
       36.35     0.999992     13589410    119156.36
       36.35     0.999992     13589410    131072.00
       36.35     0.999993     13589410    137970.53
       36.35     0.999993     13589410    145635.56
       36.35     0.999994     13589410    154202.35
       36.35     0.999994     13589410    163840.00
       36.61     0.999994     13589455    174762.67
       36.61     0.999995     13589455    187245.71
       36.61     0.999995     13589455    201649.23
       36.61     0.999995     13589455    218453.33
       36.61     0.999996     13589455    238312.73
       36.61     0.999996     13589455    262144.00
       36.61     0.999996     13589455    275941.05
       36.61     0.999997     13589455    291271.11
       36.61     0.999997     13589455    308404.71
       36.61     0.999997     13589455    327680.00
       36.61     0.999997     13589455    349525.33
       36.61     0.999997     13589455    374491.43
       36.86     0.999998     13589490    403298.46
       36.86     1.000000     13589490          inf
#[Mean    =        0.704, StdDeviation   =        0.941]
#[Max     =       36.863, Total count    =     13589490]
#[Buckets =           20, SubBuckets     =          256]
