       Value   Percentile   TotalCount 1/(1-Percentile)

        0.21     0.000000            1         1.00
        0.40     0.050000        24550         1.05
        0.42     0.100000        42108         1.11
        0.46     0.150000        61788         1.18
        0.49     0.200000        87576         1.25
        0.51     0.250000       111587         1.33
        0.52     0.300000       124887         1.43
        0.54     0.350000       149324         1.54
        0.55     0.400000       167575         1.67
        0.57     0.450000       182461         1.82
        0.59     0.500000       211019         2.00
        0.60     0.525000       223440         2.11
        0.60     0.550000       223440         2.22
        0.61     0.575000       236938         2.35
        0.61     0.600000       250804         2.50
        0.62     0.625000       264786         2.67
        0.62     0.650000       264786         2.86
        0.63     0.675000       278527         3.08
        0.64     0.700000       291468         3.33
        0.65     0.725000       302820         3.64
        0.66     0.750000       312477         4.00
        0.66     0.762500       312477         4.21
        0.66     0.775000       320619         4.44
        0.66     0.787500       320619         4.71
        0.67     0.800000       327057         5.00
        0.68     0.812500       331994         5.33
        0.69     0.825000       335835         5.71
        0.70     0.837500       341021         6.15
        0.73     0.850000       345408         6.67
        0.77     0.862500       350511         7.27
        0.79     0.875000       356360         8.00
        0.80     0.881250       359260         8.42
        0.81     0.887500       362842         8.89
        0.81     0.893750       362842         9.41
        0.81     0.900000       366933        10.00
        0.82     0.906250       371424        10.67
        0.82     0.912500       371424        11.43
        0.83     0.918750       376067        12.31
        0.83     0.925000       376067        13.33
        0.84     0.931250       380857        14.55
        0.84     0.937500       380857        16.00
        0.85     0.940625       385436        16.84
        0.85     0.943750       385436        17.78
        0.85     0.946875       385436        18.82
        0.85     0.950000       385436        20.00
        0.85     0.953125       389610        21.33
        0.85     0.956250       389610        22.86
        0.85     0.959375       389610        24.62
        0.86     0.962500       393015        26.67
        0.86     0.965625       393015        29.09
        0.86     0.968750       393015        32.00
        0.86     0.970313       393015        33.68
        0.87     0.971875       395860        35.56
        0.87     0.973437       395860        37.65
        0.87     0.975000       395860        40.00
        0.87     0.976562       395860        42.67
        0.88     0.978125       398025        45.71
        0.88     0.979688       398025        49.23
        0.88     0.981250       398025        53.33
        0.89     0.982812       399626        58.18
        0.89     0.984375       399626        64.00
        0.89     0.985156       399626        67.37
        0.89     0.985938       399626        71.11
        0.90     0.986719       400803        75.29
        0.90     0.987500       400803        80.00
        0.90     0.988281       400803        85.33
        0.90     0.989062       400803        91.43
        0.90     0.989844       401573        98.46
        0.90     0.990625       401573       106.67
        0.90     0.991406       401573       116.36
        0.91     0.992188       402212       128.00
        0.91     0.992578       402212       134.74
        0.91     0.992969       402212       142.22
        0.92     0.993359       402657       150.59
        0.92     0.993750       402657       160.00
        0.92     0.994141       402657       170.67
        0.93     0.994531       403010       182.86
        0.93     0.994922       403010       196.92
        0.94     0.995313       403323       213.33
        0.94     0.995703       403323       232.73
        0.94     0.996094       403586       256.00
        0.94     0.996289       403586       269.47
        0.95     0.996484       403787       284.44
        0.95     0.996680       403787       301.18
        0.95     0.996875       403787       320.00
        0.96     0.997070       403976       341.33
        0.96     0.997266       403976       365.71
        0.97     0.997461       404134       393.85
        0.97     0.997656       404134       426.67
        0.97     0.997852       404274       465.45
        0.97     0.998047       404274       512.00
        0.98     0.998145       404392       538.95
        0.98     0.998242       404392       568.89
        0.98     0.998340       404392       602.35
        0.99     0.998437       404501       640.00
        0.99     0.998535       404501       682.67
        0.99     0.998633       404501       731.43
        1.00     0.998730       404590       787.69
        1.00     0.998828       404590       853.33
        1.01     0.998926       404666       930.91
        1.01     0.999023       404666      1024.00
        1.01     0.999072       404666      1077.89
        1.01     0.999121       404738      1137.78
        1.01     0.999170       404738      1204.71
        1.01     0.999219       404738      1280.00
        1.01     0.999268       404738      1365.33
        1.02     0.999316       404792      1462.86
        1.02     0.999365       404792      1575.38
        1.03     0.999414       404831      1706.67
        1.03     0.999463       404831      1861.82
        1.04     0.999512       404862      2048.00
        1.04     0.999536       404862      2155.79
        1.04     0.999561       404862      2275.56
        1.04     0.999585       404862      2409.41
        1.05     0.999609       404884      2560.00
        1.05     0.999634       404884      2730.67
        1.05     0.999658       404905      2925.71
        1.05     0.999683       404905      3150.77
        1.06     0.999707       404915      3413.33
        1.07     0.999731       404922      3723.64
        1.09     0.999756       404935      4096.00
        1.09     0.999768       404937      4311.58
        1.11     0.999780       404943      4551.11
        1.13     0.999792       404947      4818.82
        1.16     0.999805       404951      5120.00
        1.21     0.999817       404956      5461.33
        1.26     0.999829       404961      5851.43
        1.33     0.999841       404966      6301.54
        1.88     0.999854       404971      6826.67
        2.30     0.999866       404976      7447.27
        3.55     0.999878       404981      8192.00
        3.60     0.999884       404984      8623.16
        3.68     0.999890       404987      9102.22
        3.69     0.999896       404988      9637.65
        3.81     0.999902       404993     10240.00
        3.81     0.999908       404993     10922.67
        3.89     0.999915       404996     11702.86
        3.92     0.999921       404998     12603.08
        4.00     0.999927       405001     13653.33
        4.25     0.999933       405003     14894.55
        4.61     0.999939       405006     16384.00
        4.64     0.999942       405007     17246.32
        4.67     0.999945       405008     18204.44
        4.74     0.999948       405011     19275.29
        4.74     0.999951       405011     20480.00
        4.83     0.999954       405013     21845.33
        4.83     0.999957       405013     23405.71
        4.86     0.999960       405014     25206.15
        4.89     0.999963       405016     27306.67
        5.02     0.999966       405017     29789.09
        5.05     0.999969       405018     32768.00
        6.59     0.999971       405021     34492.63
        6.59     0.999973       405021     36408.89
        6.59     0.999974       405021     38550.59
        6.59     0.999976       405021     40960.00
        6.59     0.999977       405021     43690.67
        6.72     0.999979       405022     46811.43
        6.72     0.999980       405022     50412.31
        6.75     0.999982       405025     54613.33
        6.75     0.999983       405025     59578.18
        6.75     0.999985       405025     65536.00
        6.75     0.999986       405025     68985.26
        6.75     0.999986       405025     72817.78
        6.75     0.999987       405025     77101.18
        6.78     0.999988       405026     81920.00
        6.78     0.999989       405026     87381.33
        6.78     0.999989       405026     93622.86
        6.78     0.999990       405026    100824.62
        6.97     0.999991       405027    109226.67
        6.97     0.999992       405027    119156.36
        6.97     0.999992       405027    131072.00
        7.01     0.999993       405029    137970.53
        7.01     0.999993       405029    145635.56
        7.01     0.999994       405029    154202.35
        7.01     0.999994       405029    163840.00
        7.01     0.999994       405029    174762.67
        7.01     0.999995       405029    187245.71
        7.01     0.999995       405029    201649.23
        7.01     0.999995       405029    218453.33
        7.01     0.999996       405029    238312.73
        7.01     0.999996       405029    262144.00
        7.01     0.999996       405029    275941.05
        7.01     0.999997       405029    291271.11
        7.01     0.999997       405029    308404.71
        7.01     0.999997       405029    327680.00
        7.01     0.999997       405029    349525.33
        7.01     0.999997       405029    374491.43
        7.01     0.999998       405029    403298.46
        7.07     0.999998       405030    436906.67
        7.07     1.000000       405030          inf
#[Mean    =        0.592, StdDeviation   =        0.139]
#[Max     =        7.071, Total count    =       405030]
#[Buckets =           20, SubBuckets     =          256]
