       Value   Percentile   TotalCount 1/(1-Percentile)

        0.26     0.000000            1         1.00
        0.58     0.050000        19714         1.05
        0.61     0.100000        38195         1.11
        0.62     0.150000        57447         1.18
        0.64     0.200000        83243         1.25
        0.65     0.250000        98468         1.33
        0.66     0.300000       115293         1.43
        0.66     0.350000       133244         1.54
        0.67     0.400000       152401         1.67
        0.68     0.450000       171969         1.82
        0.69     0.500000       191495         2.00
        0.69     0.525000       191495         2.11
        0.69     0.550000       210365         2.22
        0.69     0.575000       210365         2.35
        0.70     0.600000       228445         2.50
        0.70     0.625000       228445         2.67
        0.70     0.650000       228445         2.86
        0.71     0.675000       245257         3.08
        0.72     0.700000       260499         3.33
        0.72     0.725000       260499         3.64
        0.73     0.750000       274242         4.00
        0.73     0.762500       274242         4.21
        0.73     0.775000       274242         4.44
        0.73     0.787500       285977         4.71
        0.73     0.800000       285977         5.00
        0.73     0.812500       285977         5.33
        0.74     0.825000       296682         5.71
        0.74     0.837500       296682         6.15
        0.75     0.850000       305594         6.67
        0.75     0.862500       305594         7.27
        0.76     0.875000       313307         8.00
        0.76     0.881250       313307         8.42
        0.76     0.887500       313307         8.89
        0.77     0.893750       319782         9.41
        0.77     0.900000       319782        10.00
        0.77     0.906250       319782        10.67
        0.78     0.912500       325219        11.43
        0.78     0.918750       325219        12.31
        0.78     0.925000       325219        13.33
        0.78     0.931250       329786        14.55
        0.78     0.937500       329786        16.00
        0.79     0.940625       333596        16.84
        0.79     0.943750       333596        17.78
        0.79     0.946875       333596        18.82
        0.79     0.950000       333596        20.00
        0.80     0.953125       336779        21.33
        0.80     0.956250       336779        22.86
        0.81     0.959375       339487        24.62
        0.81     0.962500       339487        26.67
        0.81     0.965625       339487        29.09
        0.81     0.968750       341619        32.00
        0.81     0.970313       341619        33.68
        0.81     0.971875       341619        35.56
        0.82     0.973437       343346        37.65
        0.82     0.975000       343346        40.00
        0.82     0.976562       343346        42.67
        0.83     0.978125       344796        45.71
        0.83     0.979688       344796        49.23
        0.83     0.981250       344796        53.33
        0.84     0.982812       345987        58.18
        0.84     0.984375       345987        64.00
        0.84     0.985156       345987        67.37
        0.85     0.985938       346965        71.11
        0.85     0.986719       346965        75.29
        0.85     0.987500       346965        80.00
        0.85     0.988281       347800        85.33
        0.85     0.989062       347800        91.43
        0.85     0.989844       347800        98.46
        0.86     0.990625       348492       106.67
        0.86     0.991406       348492       116.36
        0.86     0.992188       348492       128.00
        0.87     0.992578       348984       134.74
        0.87     0.992969       348984       142.22
        0.87     0.993359       348984       150.59
        0.87     0.993750       348984       160.00
        0.88     0.994141       349368       170.67
        0.88     0.994531       349368       182.86
        0.88     0.994922       349368       196.92
        0.89     0.995313       349669       213.33
        0.89     0.995703       349669       232.73
        0.90     0.996094       349894       256.00
        0.90     0.996289       349894       269.47
        0.90     0.996484       349894       284.44
        0.90     0.996680       350096       301.18
        0.90     0.996875       350096       320.00
        0.90     0.997070       350096       341.33
        0.91     0.997266       350266       365.71
        0.91     0.997461       350266       393.85
        0.92     0.997656       350370       426.67
        0.92     0.997852       350370       465.45
        0.93     0.998047       350462       512.00
        0.93     0.998145       350462       538.95
        0.94     0.998242       350545       568.89
        0.94     0.998340       350545       602.35
        0.94     0.998437       350597       640.00
        0.95     0.998535       350658       682.67
        0.95     0.998633       350658       731.43
        0.96     0.998730       350696       787.69
        0.97     0.998828       350734       853.33
        0.97     0.998926       350765       930.91
        0.98     0.999023       350788      1024.00
        0.98     0.999072       350788      1077.89
        0.99     0.999121       350807      1137.78
        1.00     0.999170       350827      1204.71
        1.01     0.999219       350845      1280.00
        1.01     0.999268       350866      1365.33
        1.02     0.999316       350875      1462.86
        1.04     0.999365       350895      1575.38
        1.05     0.999414       350920      1706.67
        1.06     0.999463       350926      1861.82
        1.08     0.999512       350949      2048.00
        1.09     0.999536       350955      2155.79
        1.09     0.999561       350965      2275.56
        1.10     0.999585       350968      2409.41
        1.12     0.999609       350981      2560.00
        1.13     0.999634       350986      2730.67
        1.14     0.999658       350996      2925.71
        1.15     0.999683       351002      3150.77
        1.18     0.999707       351013      3413.33
        1.19     0.999731       351021      3723.64
        1.22     0.999756       351027      4096.00
        1.22     0.999768       351031      4311.58
        1.25     0.999780       351035      4551.11
        1.26     0.999792       351041      4818.82
        1.29     0.999805       351044      5120.00
        1.30     0.999817       351048      5461.33
        1.33     0.999829       351053      5851.43
        1.36     0.999841       351057      6301.54
        1.38     0.999854       351061      6826.67
        1.41     0.999866       351065      7447.27
        1.44     0.999878       351071      8192.00
        1.45     0.999884       351072      8623.16
        1.50     0.999890       351074      9102.22
        1.54     0.999896       351077      9637.65
        1.58     0.999902       351078     10240.00
        1.89     0.999908       351080     10922.67
        2.80     0.999915       351082     11702.86
        2.94     0.999921       351085     12603.08
        3.06     0.999927       351087     13653.33
        3.21     0.999933       351089     14894.55
        3.26     0.999939       351091     16384.00
        3.29     0.999942       351092     17246.32
        3.38     0.999945       351093     18204.44
        3.41     0.999948       351094     19275.29
        3.47     0.999951       351095     20480.00
        3.57     0.999954       351096     21845.33
        3.58     0.999957       351097     23405.71
        3.66     0.999960       351099     25206.15
        3.69     0.999963       351101     27306.67
        3.69     0.999966       351101     29789.09
        3.90     0.999969       351102     32768.00
        3.90     0.999971       351102     34492.63
        3.95     0.999973       351103     36408.89
        3.95     0.999974       351103     38550.59
        3.97     0.999976       351104     40960.00
        3.97     0.999977       351104     43690.67
        4.13     0.999979       351106     46811.43
        4.13     0.999980       351106     50412.31
        4.13     0.999982       351106     54613.33
        4.38     0.999983       351107     59578.18
        4.38     0.999985       351107     65536.00
        4.38     0.999986       351107     68985.26
        4.45     0.999986       351108     72817.78
        4.45     0.999987       351108     77101.18
        4.45     0.999988       351108     81920.00
        4.45     0.999989       351108     87381.33
        4.61     0.999989       351109     93622.86
        4.61     0.999990       351109    100824.62
        4.61     0.999991       351109    109226.67
        4.74     0.999992       351110    119156.36
        4.74     0.999992       351110    131072.00
        4.74     0.999993       351110    137970.53
        4.74     0.999993       351110    145635.56
        4.74     0.999994       351110    154202.35
        4.74     0.999994       351110    163840.00
        4.74     0.999994       351110    174762.67
        5.25     0.999995       351111    187245.71
        5.25     0.999995       351111    201649.23
        5.25     0.999995       351111    218453.33
        5.25     0.999996       351111    238312.73
        5.25     0.999996       351111    262144.00
        5.25     0.999996       351111    275941.05
        5.25     0.999997       351111    291271.11
        5.25     0.999997       351111    308404.71
        5.25     0.999997       351111    327680.00
        5.25     0.999997       351111    349525.33
        5.38     0.999997       351112    374491.43
        5.38     1.000000       351112          inf
#[Mean    =        0.683, StdDeviation   =        0.074]
#[Max     =        5.375, Total count    =       351112]
#[Buckets =           20, SubBuckets     =          256]
