       Value   Percentile   TotalCount 1/(1-Percentile)

        0.25     0.000000            1         1.00
        0.42     0.050000        21359         1.05
        0.45     0.100000        38459         1.11
        0.49     0.150000        59301         1.18
        0.53     0.200000        80610         1.25
        0.54     0.250000       102039         1.33
        0.55     0.300000       114863         1.43
        0.57     0.350000       139224         1.54
        0.58     0.400000       157595         1.67
        0.61     0.450000       176537         1.82
        0.62     0.500000       191020         2.00
        0.64     0.525000       211452         2.11
        0.64     0.550000       211452         2.22
        0.65     0.575000       223571         2.35
        0.66     0.600000       236531         2.50
        0.66     0.625000       249937         2.67
        0.66     0.650000       249937         2.86
        0.67     0.675000       262991         3.08
        0.68     0.700000       275610         3.33
        0.69     0.725000       287276         3.64
        0.69     0.750000       287276         4.00
        0.69     0.762500       297185         4.21
        0.69     0.775000       297185         4.44
        0.70     0.787500       305526         4.71
        0.71     0.800000       312032         5.00
        0.71     0.812500       312032         5.33
        0.72     0.825000       317011         5.71
        0.73     0.837500       320679         6.15
        0.74     0.850000       324913         6.67
        0.81     0.862500       329765         7.27
        0.84     0.875000       334389         8.00
        0.85     0.881250       336668         8.42
        0.85     0.887500       339638         8.89
        0.86     0.893750       343370         9.41
        0.87     0.900000       347476        10.00
        0.87     0.906250       347476        10.67
        0.88     0.912500       352060        11.43
        0.88     0.918750       352060        12.31
        0.89     0.925000       356962        13.33
        0.89     0.931250       356962        14.55
        0.90     0.937500       361856        16.00
        0.90     0.940625       361856        16.84
        0.90     0.943750       361856        17.78
        0.90     0.946875       361856        18.82
        0.90     0.950000       366349        20.00
        0.90     0.953125       366349        21.33
        0.90     0.956250       366349        22.86
        0.91     0.959375       370544        24.62
        0.91     0.962500       370544        26.67
        0.91     0.965625       370544        29.09
        0.91     0.968750       370544        32.00
        0.92     0.970313       373940        33.68
        0.92     0.971875       373940        35.56
        0.92     0.973437       373940        37.65
        0.92     0.975000       373940        40.00
        0.92     0.976562       373940        42.67
        0.92     0.978125       373940        45.71
        0.93     0.979688       376585        49.23
        0.93     0.981250       376585        53.33
        0.93     0.982812       376585        58.18
        0.93     0.984375       376585        64.00
        0.93     0.985156       376585        67.37
        0.94     0.985938       378462        71.11
        0.94     0.986719       378462        75.29
        0.94     0.987500       378462        80.00
        0.94     0.988281       378462        85.33
        0.94     0.989062       378462        91.43
        0.94     0.989844       378462        98.46
        0.94     0.990625       378462       106.67
        0.94     0.991406       379794       116.36
        0.94     0.992188       379794       128.00
        0.94     0.992578       379794       134.74
        0.94     0.992969       379794       142.22
        0.94     0.993359       379794       150.59
        0.94     0.993750       379794       160.00
        0.94     0.994141       379794       170.67
        0.95     0.994531       380655       182.86
        0.95     0.994922       380655       196.92
        0.95     0.995313       380655       213.33
        0.95     0.995703       380655       232.73
        0.95     0.996094       380655       256.00
        0.95     0.996289       380655       269.47
        0.96     0.996484       381176       284.44
        0.96     0.996680       381176       301.18
        0.96     0.996875       381176       320.00
        0.96     0.997070       381176       341.33
        0.96     0.997266       381176       365.71
        0.96     0.997461       381176       393.85
        0.96     0.997656       381176       426.67
        0.97     0.997852       381526       465.45
        0.97     0.998047       381526       512.00
        0.97     0.998145       381526       538.95
        0.97     0.998242       381526       568.89
        0.97     0.998340       381526       602.35
        0.97     0.998437       381526       640.00
        0.97     0.998535       381526       682.67
        0.97     0.998633       381526       731.43
        0.97     0.998730       381741       787.69
        0.97     0.998828       381741       853.33
        0.97     0.998926       381741       930.91
        0.97     0.999023       381741      1024.00
        0.97     0.999072       381741      1077.89
        0.97     0.999121       381741      1137.78
        0.97     0.999170       381741      1204.71
        0.97     0.999219       381741      1280.00
        0.98     0.999268       381842      1365.33
        0.98     0.999316       381842      1462.86
        0.98     0.999365       381842      1575.38
        0.98     0.999414       381842      1706.67
        0.98     0.999463       381842      1861.82
        0.99     0.999512       381905      2048.00
        0.99     0.999536       381905      2155.79
        0.99     0.999561       381905      2275.56
        0.99     0.999585       381905      2409.41
        0.99     0.999609       381905      2560.00
        0.99     0.999634       381905      2730.67
        0.99     0.999658       381905      2925.71
        1.00     0.999683       381938      3150.77
        1.00     0.999707       381938      3413.33
        1.00     0.999731       381938      3723.64
        1.00     0.999756       381938      4096.00
        1.01     0.999768       381961      4311.58
        1.01     0.999780       381961      4551.11
        1.01     0.999792       381961      4818.82
        1.01     0.999805       381961      5120.00
        1.01     0.999817       381969      5461.33
        1.01     0.999829       381969      5851.43
        1.02     0.999841       381973      6301.54
        1.03     0.999854       381978      6826.67
        1.04     0.999866       381985      7447.27
        1.04     0.999878       381985      8192.00
        1.05     0.999884       381989      8623.16
        1.05     0.999890       381993      9102.22
        1.05     0.999896       381993      9637.65
        1.06     0.999902       381998     10240.00
        1.06     0.999908       381998     10922.67
        1.07     0.999915       382004     11702.86
        1.07     0.999921       382004     12603.08
        1.07     0.999927       382004     13653.33
        1.08     0.999933       382007     14894.55
        1.09     0.999939       382010     16384.00
        1.09     0.999942       382010     17246.32
        1.09     0.999945       382011     18204.44
        1.11     0.999948       382012     19275.29
        1.12     0.999951       382014     20480.00
        1.12     0.999954       382014     21845.33
        1.13     0.999957       382016     23405.71
        1.13     0.999960       382016     25206.15
        1.14     0.999963       382019     27306.67
        1.14     0.999966       382019     29789.09
        1.14     0.999969       382021     32768.00
        1.14     0.999971       382021     34492.63
        1.14     0.999973       382021     36408.89
        1.18     0.999974       382022     38550.59
        1.18     0.999976       382022     40960.00
        1.19     0.999977       382023     43690.67
        1.19     0.999979       382023     46811.43
        1.20     0.999980       382025     50412.31
        1.20     0.999982       382025     54613.33
        1.20     0.999983       382025     59578.18
        1.22     0.999985       382026     65536.00
        1.22     0.999986       382026     68985.26
        1.22     0.999986       382026     72817.78
        1.27     0.999987       382027     77101.18
        1.27     0.999988       382027     81920.00
        1.27     0.999989       382027     87381.33
        1.27     0.999989       382027     93622.86
        1.28     0.999990       382028    100824.62
        1.28     0.999991       382028    109226.67
        1.28     0.999992       382028    119156.36
        1.29     0.999992       382029    131072.00
        1.29     0.999993       382029    137970.53
        1.29     0.999993       382029    145635.56
        1.29     0.999994       382029    154202.35
        1.29     0.999994       382029    163840.00
        1.29     0.999994       382029    174762.67
        1.29     0.999995       382029    187245.71
        1.34     0.999995       382030    201649.23
        1.34     0.999995       382030    218453.33
        1.34     0.999996       382030    238312.73
        1.34     0.999996       382030    262144.00
        1.34     0.999996       382030    275941.05
        1.34     0.999997       382030    291271.11
        1.34     0.999997       382030    308404.71
        1.34     0.999997       382030    327680.00
        1.34     0.999997       382030    349525.33
        1.34     0.999997       382030    374491.43
        1.58     0.999998       382031    403298.46
        1.58     1.000000       382031          inf
#[Mean    =        0.628, StdDeviation   =        0.135]
#[Max     =        1.583, Total count    =       382031]
#[Buckets =           20, SubBuckets     =          256]
