       Value   Percentile   TotalCount 1/(1-Percentile)

        0.03     0.000000          321         1.00
        0.06     0.050000        42042         1.05
        0.06     0.100000       114529         1.11
        0.06     0.150000       114529         1.18
        0.06     0.200000       114529         1.25
        0.07     0.250000       211441         1.33
        0.07     0.300000       211441         1.43
        0.07     0.350000       211441         1.54
        0.07     0.400000       211441         1.67
        0.07     0.450000       211441         1.82
        0.08     0.500000       301535         2.00
        0.08     0.525000       301535         2.11
        0.08     0.550000       301535         2.22
        0.08     0.575000       301535         2.35
        0.08     0.600000       301535         2.50
        0.08     0.625000       301535         2.67
        0.08     0.650000       301535         2.86
        0.09     0.675000       362860         3.08
        0.09     0.700000       362860         3.33
        0.09     0.725000       362860         3.64
        0.09     0.750000       362860         4.00
        0.09     0.762500       362860         4.21
        0.09     0.775000       362860         4.44
        0.09     0.787500       362860         4.71
        0.10     0.800000       397479         5.00
        0.10     0.812500       397479         5.33
        0.10     0.825000       397479         5.71
        0.10     0.837500       397479         6.15
        0.10     0.850000       397479         6.67
        0.10     0.862500       397479         7.27
        0.10     0.875000       419730         8.00
        0.10     0.881250       419730         8.42
        0.10     0.887500       419730         8.89
        0.10     0.893750       419730         9.41
        0.10     0.900000       419730        10.00
        0.10     0.906250       419730        10.67
        0.10     0.912500       419730        11.43
        0.11     0.918750       436682        12.31
        0.11     0.925000       436682        13.33
        0.11     0.931250       436682        14.55
        0.11     0.937500       436682        16.00
        0.11     0.940625       436682        16.84
        0.11     0.943750       436682        17.78
        0.11     0.946875       436682        18.82
        0.11     0.950000       436682        20.00
        0.12     0.953125       448342        21.33
        0.12     0.956250       448342        22.86
        0.12     0.959375       448342        24.62
        0.12     0.962500       448342        26.67
        0.12     0.965625       448342        29.09
        0.12     0.968750       448342        32.00
        0.12     0.970313       448342        33.68
        0.12     0.971875       448342        35.56
        0.12     0.973437       448342        37.65
        0.12     0.975000       448342        40.00
        0.13     0.976562       454570        42.67
        0.13     0.978125       454570        45.71
        0.13     0.979688       454570        49.23
        0.13     0.981250       454570        53.33
        0.13     0.982812       454570        58.18
        0.13     0.984375       454570        64.00
        0.13     0.985156       454570        67.37
        0.13     0.985938       454570        71.11
        0.13     0.986719       454570        75.29
        0.13     0.987500       454570        80.00
        0.13     0.988281       454570        85.33
        0.13     0.989062       454570        91.43
        0.14     0.989844       457077        98.46
        0.14     0.990625       457077       106.67
        0.14     0.991406       457077       116.36
        0.14     0.992188       457077       128.00
        0.14     0.992578       457077       134.74
        0.14     0.992969       457077       142.22
        0.14     0.993359       457077       150.59
        0.14     0.993750       457077       160.00
        0.14     0.994141       457077       170.67
        0.14     0.994531       457077       182.86
        0.14     0.994922       457077       196.92
        0.14     0.995313       457980       213.33
        0.14     0.995703       457980       232.73
        0.14     0.996094       457980       256.00
        0.14     0.996289       457980       269.47
        0.14     0.996484       457980       284.44
        0.14     0.996680       457980       301.18
        0.14     0.996875       457980       320.00
        0.14     0.997070       457980       341.33
        0.15     0.997266       458316       365.71
        0.15     0.997461       458316       393.85
        0.15     0.997656       458316       426.67
        0.15     0.997852       458316       465.45
        0.16     0.998047       458454       512.00
        0.16     0.998145       458454       538.95
        0.17     0.998242       458538       568.89
        0.17     0.998340       458538       602.35
        0.17     0.998437       458601       640.00
        0.18     0.998535       458639       682.67
        0.19     0.998633       458672       731.43
        0.21     0.998730       458723       787.69
        1.05     0.998828       458756       853.33
        3.28     0.998926       458801       930.91
        4.35     0.999023       458861      1024.00
        4.38     0.999072       458906      1077.89
        4.38     0.999121       458906      1137.78
        4.42     0.999170       458970      1204.71
        4.42     0.999219       458970      1280.00
        4.42     0.999268       458970      1365.33
        4.45     0.999316       459046      1462.86
        4.45     0.999365       459046      1575.38
        4.45     0.999414       459046      1706.67
        4.48     0.999463       459137      1861.82
        4.48     0.999512       459137      2048.00
        4.48     0.999536       459137      2155.79
        4.48     0.999561       459137      2275.56
        4.48     0.999585       459137      2409.41
        4.48     0.999609       459137      2560.00
        4.48     0.999634       459137      2730.67
        4.51     0.999658       459212      2925.71
        4.51     0.999683       459212      3150.77
        4.51     0.999707       459212      3413.33
        4.51     0.999731       459212      3723.64
        4.51     0.999756       459212      4096.00
        4.51     0.999768       459212      4311.58
        4.51     0.999780       459212      4551.11
        4.51     0.999792       459212      4818.82
        4.51     0.999805       459212      5120.00
        4.51     0.999817       459212      5461.33
        4.54     0.999829       459262      5851.43
        4.54     0.999841       459262      6301.54
        4.54     0.999854       459262      6826.67
        4.54     0.999866       459262      7447.27
        4.54     0.999878       459262      8192.00
        4.54     0.999884       459262      8623.16
        4.54     0.999890       459262      9102.22
        4.54     0.999896       459262      9637.65
        4.54     0.999902       459262     10240.00
        4.54     0.999908       459262     10922.67
        4.54     0.999915       459262     11702.86
        4.54     0.999921       459262     12603.08
        4.54     0.999927       459262     13653.33
        4.58     0.999933       459276     14894.55
        4.58     0.999939       459276     16384.00
        4.58     0.999942       459276     17246.32
        4.58     0.999945       459276     18204.44
        4.58     0.999948       459276     19275.29
        4.58     0.999951       459276     20480.00
        4.58     0.999954       459276     21845.33
        4.58     0.999957       459276     23405.71
        4.58     0.999960       459276     25206.15
        4.61     0.999963       459281     27306.67
        4.61     0.999966       459281     29789.09
        4.61     0.999969       459281     32768.00
        4.61     0.999971       459281     34492.63
        4.64     0.999973       459287     36408.89
        4.64     0.999974       459287     38550.59
        4.64     0.999976       459287     40960.00
        4.64     0.999977       459287     43690.67
        4.64     0.999979       459287     46811.43
        4.64     0.999980       459287     50412.31
        4.64     0.999982       459287     54613.33
        4.64     0.999983       459287     59578.18
        4.64     0.999985       459287     65536.00
        4.67     0.999986       459288     68985.26
        4.67     0.999986       459288     72817.78
        4.70     0.999987       459289     77101.18
        4.70     0.999988       459289     81920.00
        4.70     0.999989       459289     87381.33
        4.74     0.999989       459290     93622.86
        4.74     0.999990       459290    100824.62
        4.74     0.999991       459290    109226.67
        4.77     0.999992       459291    119156.36
        4.77     0.999992       459291    131072.00
        4.77     0.999993       459291    137970.53
        4.77     0.999993       459291    145635.56
        4.89     0.999994       459292    154202.35
        4.89     0.999994       459292    163840.00
        4.89     0.999994       459292    174762.67
        4.89     0.999995       459292    187245.71
        4.89     0.999995       459292    201649.23
        4.89     0.999995       459292    218453.33
        5.98     0.999996       459293    238312.73
        5.98     0.999996       459293    262144.00
        5.98     0.999996       459293    275941.05
        5.98     0.999997       459293    291271.11
        5.98     0.999997       459293    308404.71
        5.98     0.999997       459293    327680.00
        5.98     0.999997       459293    349525.33
        5.98     0.999997       459293    374491.43
        5.98     0.999998       459293    403298.46
        5.98     0.999998       459293    436906.67
        6.01     0.999998       459294    476625.45
        6.01     1.000000       459294          inf
#[Mean    =        0.081, StdDeviation   =        0.145]
#[Max     =        6.015, Total count    =       459294]
#[Buckets =           20, SubBuckets     =          256]
