       Value   Percentile   TotalCount 1/(1-Percentile)

        0.07     0.000000           40         1.00
        0.18     0.050000       698415         1.05
        0.52     0.100000      1382870         1.11
        0.59     0.150000      2275435         1.18
        0.61     0.200000      3166920         1.25
        0.61     0.250000      3680460         1.33
        0.62     0.300000      4140350         1.43
        0.64     0.350000      5039820         1.54
        0.65     0.400000      5546510         1.67
        0.66     0.450000      6763275         1.82
        0.67     0.500000      7465360         2.00
        0.67     0.525000      7465360         2.11
        0.68     0.550000      8194390         2.22
        0.68     0.575000      8194390         2.35
        0.69     0.600000      8918785         2.50
        0.69     0.625000      8918785         2.67
        0.69     0.650000      9584195         2.86
        0.69     0.675000      9584195         3.08
        0.70     0.700000     10154730         3.33
        0.70     0.725000     10154730         3.64
        0.71     0.750000     10616005         4.00
        0.71     0.762500     10616005         4.21
        0.72     0.775000     10966860         4.44
        0.72     0.787500     10966860         4.71
        0.73     0.800000     11216330         5.00
        0.73     0.812500     11216330         5.33
        0.73     0.825000     11385860         5.71
        0.75     0.837500     11587755         6.15
        0.78     0.850000     11737715         6.67
        0.81     0.862500     11894165         7.27
        0.86     0.875000     12072630         8.00
        0.89     0.881250     12172590         8.42
        0.90     0.887500     12251110         8.89
        0.92     0.893750     12340745         9.41
        0.94     0.900000     12443430        10.00
        0.94     0.906250     12498900        10.67
        0.96     0.912500     12625875        11.43
        0.97     0.918750     12694435        12.31
        0.97     0.925000     12768680        13.33
        0.98     0.931250     12847180        14.55
        0.99     0.937500     12927040        16.00
        1.00     0.940625     13010910        16.84
        1.01     0.943750     13092180        17.78
        1.01     0.946875     13092180        18.82
        1.01     0.950000     13173445        20.00
        1.01     0.953125     13173445        21.33
        1.02     0.956250     13249595        22.86
        1.02     0.959375     13249595        24.62
        1.03     0.962500     13320590        26.67
        1.03     0.965625     13320590        29.09
        1.04     0.968750     13382945        32.00
        1.04     0.970313     13382945        33.68
        1.05     0.971875     13437330        35.56
        1.05     0.973437     13437330        37.65
        1.05     0.975000     13483945        40.00
        1.05     0.976562     13483945        42.67
        1.06     0.978125     13520760        45.71
        1.06     0.979688     13520760        49.23
        1.07     0.981250     13550275        53.33
        1.08     0.982812     13574095        58.18
        1.08     0.984375     13574095        64.00
        1.09     0.985156     13593230        67.37
        1.09     0.985938     13607585        71.11
        1.09     0.986719     13607585        75.29
        1.10     0.987500     13618870        80.00
        1.11     0.988281     13627600        85.33
        1.13     0.989062     13641835        91.43
        1.14     0.989844     13651985        98.46
        1.16     0.990625     13660415       106.67
        1.18     0.991406     13671175       116.36
        1.22     0.992188     13683230       128.00
        1.23     0.992578     13688015       134.74
        1.25     0.992969     13692025       142.22
        1.27     0.993359     13697325       150.59
        1.30     0.993750     13703535       160.00
        1.33     0.994141     13707790       170.67
        1.37     0.994531     13713170       182.86
        1.42     0.994922     13718670       196.92
        1.49     0.995313     13724235       213.33
        1.59     0.995703     13729315       232.73
        1.79     0.996094     13734565       256.00
        1.94     0.996289     13737270       269.47
        2.11     0.996484     13740070       284.44
        2.30     0.996680     13742650       301.18
        2.61     0.996875     13745325       320.00
        3.07     0.997070     13748080       341.33
        3.44     0.997266     13750670       365.71
        4.03     0.997461     13753350       393.85
        4.80     0.997656     13756100       426.67
        5.44     0.997852     13758740       465.45
        6.21     0.998047     13761505       512.00
        6.50     0.998145     13762890       538.95
        6.82     0.998242     13764195       568.89
        7.17     0.998340     13765485       602.35
        7.46     0.998437     13766810       640.00
        7.93     0.998535     13768310       682.67
        8.26     0.998633     13769690       731.43
        8.51     0.998730     13770875       787.69
        9.41     0.998828     13772270       853.33
       10.11     0.998926     13773540       930.91
       11.65     0.999023     13774885      1024.00
       12.35     0.999072     13775645      1077.89
       12.73     0.999121     13776240      1137.78
       13.50     0.999170     13776915      1204.71
       14.59     0.999219     13777590      1280.00
       15.42     0.999268     13778315      1365.33
       16.19     0.999316     13779055      1462.86
       16.51     0.999365     13779900      1575.38
       16.89     0.999414     13780420      1706.67
       17.54     0.999463     13781020      1861.82
       18.56     0.999512     13781625      2048.00
       19.97     0.999536     13781950      2155.79
       20.22     0.999561     13782525      2275.56
       20.35     0.999585     13782720      2409.41
       20.48     0.999609     13783100      2560.00
       20.73     0.999634     13783410      2730.67
       21.63     0.999658     13783725      2925.71
       22.14     0.999683     13784035      3150.77
       23.17     0.999707     13784385      3413.33
       24.19     0.999731     13785435      3723.64
       24.19     0.999756     13785435      4096.00
       24.19     0.999768     13785435      4311.58
       24.19     0.999780     13785435      4551.11
       24.32     0.999792     13785890      4818.82
       24.32     0.999805     13785890      5120.00
       24.32     0.999817     13785890      5461.33
       24.45     0.999829     13786055      5851.43
       24.57     0.999841     13786205      6301.54
       24.83     0.999854     13786340      6826.67
       25.60     0.999866     13786500      7447.27
       26.50     0.999878     13786680      8192.00
       26.62     0.999884     13786755      8623.16
       27.52     0.999890     13786835      9102.22
       27.90     0.999896     13786925      9637.65
       28.16     0.999902     13787195     10240.00
       28.16     0.999908     13787195     10922.67
       28.16     0.999915     13787195     11702.86
       28.29     0.999921     13787520     12603.08
       28.29     0.999927     13787520     13653.33
       28.29     0.999933     13787520     14894.55
       28.29     0.999939     13787520     16384.00
       28.41     0.999942     13787580     17246.32
       28.54     0.999945     13787650     18204.44
       28.54     0.999948     13787650     19275.29
       28.67     0.999951     13787700     20480.00
       29.05     0.999954     13787750     21845.33
       29.70     0.999957     13787775     23405.71
       30.85     0.999960     13787830     25206.15
       31.10     0.999963     13787870     27306.67
       31.74     0.999966     13787900     29789.09
       32.13     0.999969     13787950     32768.00
       32.13     0.999971     13787950     34492.63
       32.26     0.999973     13788085     36408.89
       32.26     0.999974     13788085     38550.59
       32.26     0.999976     13788085     40960.00
       32.26     0.999977     13788085     43690.67
       32.26     0.999979     13788085     46811.43
       32.26     0.999980     13788085     50412.31
       32.38     0.999982     13788110     54613.33
       32.51     0.999983     13788130     59578.18
       32.64     0.999985     13788135     65536.00
       36.35     0.999986     13788185     68985.26
       36.35     0.999986     13788185     72817.78
       36.35     0.999987     13788185     77101.18
       36.35     0.999988     13788185     81920.00
       36.61     0.999989     13788205     87381.33
       36.61     0.999989     13788205     93622.86
       36.86     0.999990     13788215    100824.62
       37.12     0.999991     13788225    109226.67
       37.89     0.999992     13788265    119156.36
       37.89     0.999992     13788265    131072.00
       37.89     0.999993     13788265    137970.53
       37.89     0.999993     13788265    145635.56
       37.89     0.999994     13788265    154202.35
       37.89     0.999994     13788265    163840.00
       38.91     0.999994     13788285    174762.67
       38.91     0.999995     13788285    187245.71
       38.91     0.999995     13788285    201649.23
       38.91     0.999995     13788285    218453.33
       39.17     0.999996     13788305    238312.73
       39.17     0.999996     13788305    262144.00
       39.17     0.999996     13788305    275941.05
       39.17     0.999997     13788305    291271.11
       39.17     0.999997     13788305    308404.71
       39.17     0.999997     13788305    327680.00
       40.19     0.999997     13788345    349525.33
       40.19     1.000000     13788345          inf
#[Mean    =        0.694, StdDeviation   =        0.700]
#[Max     =       40.191, Total count    =     13788345]
#[Buckets =           20, SubBuckets     =          256]
