       Value   Percentile   TotalCount 1/(1-Percentile)

        0.19     0.000000            1         1.00
        0.43     0.050000        19057         1.05
        0.46     0.100000        39021         1.11
        0.51     0.150000        58492         1.18
        0.54     0.200000        80657         1.25
        0.56     0.250000       101870         1.33
        0.57     0.300000       114131         1.43
        0.58     0.350000       137245         1.54
        0.60     0.400000       154156         1.67
        0.62     0.450000       172305         1.82
        0.64     0.500000       186749         2.00
        0.65     0.525000       195887         2.11
        0.66     0.550000       206418         2.22
        0.66     0.575000       217836         2.35
        0.67     0.600000       229883         2.50
        0.68     0.625000       242082         2.67
        0.68     0.650000       242082         2.86
        0.69     0.675000       254261         3.08
        0.69     0.700000       265901         3.33
        0.70     0.725000       276928         3.64
        0.71     0.750000       286722         4.00
        0.71     0.762500       286722         4.21
        0.72     0.775000       294996         4.44
        0.72     0.787500       294996         4.71
        0.73     0.800000       301617         5.00
        0.73     0.812500       306893         5.33
        0.74     0.825000       310864         5.71
        0.75     0.837500       313774         6.15
        0.77     0.850000       316925         6.67
        0.83     0.862500       321040         7.27
        0.86     0.875000       326033         8.00
        0.87     0.881250       328466         8.42
        0.88     0.887500       331502         8.89
        0.89     0.893750       334921         9.41
        0.90     0.900000       338971        10.00
        0.90     0.906250       338971        10.67
        0.90     0.912500       343106        11.43
        0.90     0.918750       343106        12.31
        0.91     0.925000       347699        13.33
        0.91     0.931250       347699        14.55
        0.92     0.937500       352131        16.00
        0.92     0.940625       352131        16.84
        0.92     0.943750       352131        17.78
        0.93     0.946875       356376        18.82
        0.93     0.950000       356376        20.00
        0.93     0.953125       356376        21.33
        0.93     0.956250       356376        22.86
        0.94     0.959375       360157        24.62
        0.94     0.962500       360157        26.67
        0.94     0.965625       360157        29.09
        0.94     0.968750       363371        32.00
        0.94     0.970313       363371        33.68
        0.94     0.971875       363371        35.56
        0.94     0.973437       363371        37.65
        0.94     0.975000       363371        40.00
        0.95     0.976562       366107        42.67
        0.95     0.978125       366107        45.71
        0.95     0.979688       366107        49.23
        0.95     0.981250       366107        53.33
        0.95     0.982812       366107        58.18
        0.96     0.984375       368168        64.00
        0.96     0.985156       368168        67.37
        0.96     0.985938       368168        71.11
        0.96     0.986719       368168        75.29
        0.96     0.987500       368168        80.00
        0.96     0.988281       368168        85.33
        0.96     0.989062       368168        91.43
        0.97     0.989844       369563        98.46
        0.97     0.990625       369563       106.67
        0.97     0.991406       369563       116.36
        0.97     0.992188       369563       128.00
        0.97     0.992578       369563       134.74
        0.97     0.992969       369563       142.22
        0.97     0.993359       370565       150.59
        0.97     0.993750       370565       160.00
        0.97     0.994141       370565       170.67
        0.97     0.994531       370565       182.86
        0.97     0.994922       370565       196.92
        0.97     0.995313       370565       213.33
        0.97     0.995703       370565       232.73
        0.98     0.996094       371122       256.00
        0.98     0.996289       371122       269.47
        0.98     0.996484       371122       284.44
        0.98     0.996680       371122       301.18
        0.98     0.996875       371122       320.00
        0.98     0.997070       371122       341.33
        0.99     0.997266       371519       365.71
        0.99     0.997461       371519       393.85
        0.99     0.997656       371519       426.67
        0.99     0.997852       371519       465.45
        0.99     0.998047       371519       512.00
        0.99     0.998145       371519       538.95
        0.99     0.998242       371519       568.89
        1.00     0.998340       371730       602.35
        1.00     0.998437       371730       640.00
        1.00     0.998535       371730       682.67
        1.00     0.998633       371730       731.43
        1.00     0.998730       371730       787.69
        1.00     0.998828       371730       853.33
        1.01     0.998926       371871       930.91
        1.01     0.999023       371871      1024.00
        1.01     0.999072       371871      1077.89
        1.01     0.999121       371871      1137.78
        1.01     0.999170       371871      1204.71
        1.01     0.999219       371871      1280.00
        1.01     0.999268       371961      1365.33
        1.01     0.999316       371961      1462.86
        1.01     0.999365       371961      1575.38
        1.01     0.999414       371961      1706.67
        1.01     0.999463       371961      1861.82
        1.02     0.999512       372014      2048.00
        1.02     0.999536       372014      2155.79
        1.02     0.999561       372014      2275.56
        1.02     0.999585       372014      2409.41
        1.03     0.999609       372039      2560.00
        1.03     0.999634       372039      2730.67
        1.03     0.999658       372039      2925.71
        1.04     0.999683       372062      3150.77
        1.04     0.999707       372062      3413.33
        1.04     0.999731       372062      3723.64
        1.05     0.999756       372076      4096.00
        1.05     0.999768       372076      4311.58
        1.05     0.999780       372087      4551.11
        1.05     0.999792       372087      4818.82
        1.06     0.999805       372096      5120.00
        1.06     0.999817       372096      5461.33
        1.07     0.999829       372101      5851.43
        1.07     0.999841       372101      6301.54
        1.08     0.999854       372106      6826.67
        1.09     0.999866       372113      7447.27
        1.10     0.999878       372118      8192.00
        1.10     0.999884       372118      8623.16
        1.11     0.999890       372122      9102.22
        1.11     0.999896       372122      9637.65
        1.12     0.999902       372128     10240.00
        1.12     0.999908       372128     10922.67
        1.13     0.999915       372130     11702.86
        1.14     0.999921       372133     12603.08
        1.14     0.999927       372133     13653.33
        1.15     0.999933       372138     14894.55
        1.15     0.999939       372138     16384.00
        1.16     0.999942       372140     17246.32
        1.16     0.999945       372140     18204.44
        1.17     0.999948       372142     19275.29
        1.17     0.999951       372142     20480.00
        1.18     0.999954       372144     21845.33
        1.18     0.999957       372148     23405.71
        1.18     0.999960       372148     25206.15
        1.18     0.999963       372148     27306.67
        1.18     0.999966       372148     29789.09
        1.19     0.999969       372149     32768.00
        1.26     0.999971       372150     34492.63
        1.26     0.999973       372150     36408.89
        1.27     0.999974       372151     38550.59
        1.27     0.999976       372151     40960.00
        1.30     0.999977       372153     43690.67
        1.30     0.999979       372153     46811.43
        1.30     0.999980       372153     50412.31
        1.31     0.999982       372154     54613.33
        1.31     0.999983       372154     59578.18
        1.32     0.999985       372155     65536.00
        1.32     0.999986       372155     68985.26
        1.32     0.999986       372155     72817.78
        1.35     0.999987       372156     77101.18
        1.35     0.999988       372156     81920.00
        1.35     0.999989       372156     87381.33
        1.36     0.999989       372157     93622.86
        1.36     0.999990       372157    100824.62
        1.36     0.999991       372157    109226.67
        1.36     0.999992       372157    119156.36
        1.44     0.999992       372158    131072.00
        1.44     0.999993       372158    137970.53
        1.44     0.999993       372158    145635.56
        1.44     0.999994       372158    154202.35
        1.44     0.999994       372158    163840.00
        1.44     0.999994       372158    174762.67
        1.63     0.999995       372159    187245.71
        1.63     0.999995       372159    201649.23
        1.63     0.999995       372159    218453.33
        1.63     0.999996       372159    238312.73
        1.63     0.999996       372159    262144.00
        1.63     0.999996       372159    275941.05
        1.63     0.999997       372159    291271.11
        1.63     0.999997       372159    308404.71
        1.63     0.999997       372159    327680.00
        1.63     0.999997       372159    349525.33
        1.75     0.999997       372160    374491.43
        1.75     1.000000       372160          inf
#[Mean    =        0.644, StdDeviation   =        0.139]
#[Max     =        1.751, Total count    =       372160]
#[Buckets =           20, SubBuckets     =          256]
