       Value   Percentile   TotalCount 1/(1-Percentile)

        0.26     0.000000            1         1.00
        0.59     0.050000        20543         1.05
        0.61     0.100000        38574         1.11
        0.63     0.150000        57307         1.18
        0.65     0.200000        82121         1.25
        0.66     0.250000        96715         1.33
        0.66     0.300000       112782         1.43
        0.67     0.350000       130247         1.54
        0.68     0.400000       148600         1.67
        0.69     0.450000       167558         1.82
        0.69     0.500000       186438         2.00
        0.69     0.525000       186438         2.11
        0.70     0.550000       204887         2.22
        0.70     0.575000       204887         2.35
        0.71     0.600000       222350         2.50
        0.71     0.625000       222350         2.67
        0.72     0.650000       238807         2.86
        0.72     0.675000       238807         3.08
        0.73     0.700000       254010         3.33
        0.73     0.725000       254010         3.64
        0.73     0.750000       267663         4.00
        0.73     0.762500       267663         4.21
        0.74     0.775000       279782         4.44
        0.74     0.787500       279782         4.71
        0.74     0.800000       279782         5.00
        0.75     0.812500       290397         5.33
        0.75     0.825000       290397         5.71
        0.76     0.837500       299702         6.15
        0.76     0.850000       299702         6.67
        0.76     0.862500       299702         7.27
        0.77     0.875000       307597         8.00
        0.77     0.881250       307597         8.42
        0.78     0.887500       314363         8.89
        0.78     0.893750       314363         9.41
        0.78     0.900000       314363        10.00
        0.78     0.906250       314363        10.67
        0.78     0.912500       320116        11.43
        0.78     0.918750       320116        12.31
        0.79     0.925000       324985        13.33
        0.79     0.931250       324985        14.55
        0.80     0.937500       329005        16.00
        0.80     0.940625       329005        16.84
        0.80     0.943750       329005        17.78
        0.80     0.946875       329005        18.82
        0.81     0.950000       332384        20.00
        0.81     0.953125       332384        21.33
        0.81     0.956250       332384        22.86
        0.81     0.959375       335029        24.62
        0.81     0.962500       335029        26.67
        0.81     0.965625       335029        29.09
        0.82     0.968750       337303        32.00
        0.82     0.970313       337303        33.68
        0.82     0.971875       337303        35.56
        0.83     0.973437       339220        37.65
        0.83     0.975000       339220        40.00
        0.83     0.976562       339220        42.67
        0.84     0.978125       340699        45.71
        0.84     0.979688       340699        49.23
        0.84     0.981250       340699        53.33
        0.85     0.982812       341873        58.18
        0.85     0.984375       341873        64.00
        0.85     0.985156       341873        67.37
        0.85     0.985938       342843        71.11
        0.85     0.986719       342843        75.29
        0.85     0.987500       342843        80.00
        0.85     0.988281       342843        85.33
        0.86     0.989062       343684        91.43
        0.86     0.989844       343684        98.46
        0.86     0.990625       343684       106.67
        0.87     0.991406       344312       116.36
        0.87     0.992188       344312       128.00
        0.87     0.992578       344312       134.74
        0.88     0.992969       344817       142.22
        0.88     0.993359       344817       150.59
        0.88     0.993750       344817       160.00
        0.88     0.994141       344817       170.67
        0.89     0.994531       345263       182.86
        0.89     0.994922       345263       196.92
        0.89     0.995313       345263       213.33
        0.90     0.995703       345579       232.73
        0.90     0.996094       345579       256.00
        0.90     0.996289       345579       269.47
        0.90     0.996484       345798       284.44
        0.90     0.996680       345798       301.18
        0.90     0.996875       345798       320.00
        0.90     0.997070       345798       341.33
        0.91     0.997266       345987       365.71
        0.91     0.997461       345987       393.85
        0.92     0.997656       346127       426.67
        0.92     0.997852       346127       465.45
        0.93     0.998047       346218       512.00
        0.93     0.998145       346218       538.95
        0.93     0.998242       346218       568.89
        0.94     0.998340       346316       602.35
        0.94     0.998437       346316       640.00
        0.94     0.998535       346316       682.67
        0.94     0.998633       346393       731.43
        0.94     0.998730       346393       787.69
        0.95     0.998828       346439       853.33
        0.96     0.998926       346472       930.91
        0.97     0.999023       346508      1024.00
        0.97     0.999072       346508      1077.89
        0.97     0.999121       346508      1137.78
        0.97     0.999170       346532      1204.71
        0.98     0.999219       346552      1280.00
        0.99     0.999268       346567      1365.33
        1.00     0.999316       346581      1462.86
        1.01     0.999365       346594      1575.38
        1.02     0.999414       346612      1706.67
        1.05     0.999463       346633      1861.82
        1.06     0.999512       346647      2048.00
        1.07     0.999536       346656      2155.79
        1.08     0.999561       346666      2275.56
        1.09     0.999585       346675      2409.41
        1.09     0.999609       346678      2560.00
        1.10     0.999634       346685      2730.67
        1.12     0.999658       346701      2925.71
        1.13     0.999683       346703      3150.77
        1.14     0.999707       346713      3413.33
        1.16     0.999731       346725      3723.64
        1.17     0.999756       346728      4096.00
        1.18     0.999768       346735      4311.58
        1.18     0.999780       346739      4551.11
        1.19     0.999792       346744      4818.82
        1.20     0.999805       346747      5120.00
        1.21     0.999817       346750      5461.33
        1.22     0.999829       346756      5851.43
        1.22     0.999841       346758      6301.54
        1.24     0.999854       346764      6826.67
        1.25     0.999866       346768      7447.27
        1.27     0.999878       346771      8192.00
        1.28     0.999884       346774      8623.16
        1.28     0.999890       346774      9102.22
        1.29     0.999896       346778      9637.65
        1.29     0.999902       346779     10240.00
        1.32     0.999908       346781     10922.67
        1.33     0.999915       346785     11702.86
        1.33     0.999921       346785     12603.08
        1.45     0.999927       346788     13653.33
        2.42     0.999933       346789     14894.55
        2.77     0.999939       346792     16384.00
        2.77     0.999942       346792     17246.32
        2.78     0.999945       346793     18204.44
        3.18     0.999948       346795     19275.29
        3.25     0.999951       346796     20480.00
        3.26     0.999954       346797     21845.33
        3.28     0.999957       346800     23405.71
        3.28     0.999960       346800     25206.15
        3.28     0.999963       346800     27306.67
        3.36     0.999966       346801     29789.09
        3.87     0.999969       346802     32768.00
        3.87     0.999971       346802     34492.63
        3.89     0.999973       346803     36408.89
        3.92     0.999974       346804     38550.59
        3.92     0.999976       346804     40960.00
        3.98     0.999977       346805     43690.67
        3.98     0.999979       346805     46811.43
        4.16     0.999980       346806     50412.31
        4.16     0.999982       346806     54613.33
        4.29     0.999983       346807     59578.18
        4.29     0.999985       346807     65536.00
        4.29     0.999986       346807     68985.26
        4.42     0.999986       346809     72817.78
        4.42     0.999987       346809     77101.18
        4.42     0.999988       346809     81920.00
        4.42     0.999989       346809     87381.33
        4.42     0.999989       346809     93622.86
        4.42     0.999990       346809    100824.62
        4.42     0.999991       346809    109226.67
        4.64     0.999992       346810    119156.36
        4.64     0.999992       346810    131072.00
        4.64     0.999993       346810    137970.53
        4.64     0.999993       346810    145635.56
        4.64     0.999994       346810    154202.35
        4.64     0.999994       346810    163840.00
        4.74     0.999994       346811    174762.67
        4.74     0.999995       346811    187245.71
        4.74     0.999995       346811    201649.23
        4.74     0.999995       346811    218453.33
        4.74     0.999996       346811    238312.73
        4.74     0.999996       346811    262144.00
        4.74     0.999996       346811    275941.05
        4.74     0.999997       346811    291271.11
        4.74     0.999997       346811    308404.71
        4.74     0.999997       346811    327680.00
        4.83     0.999997       346812    349525.33
        4.83     1.000000       346812          inf
#[Mean    =        0.691, StdDeviation   =        0.073]
#[Max     =        4.831, Total count    =       346812]
#[Buckets =           20, SubBuckets     =          256]
