       Value   Percentile   TotalCount 1/(1-Percentile)

        0.07     0.000000            5         1.00
        0.25     0.050000       435120         1.05
        0.29     0.100000       877345         1.11
        0.34     0.150000      1218350         1.18
        0.81     0.200000      1641345         1.25
        0.94     0.250000      2046885         1.33
        1.03     0.300000      2441700         1.43
        1.08     0.350000      2904905         1.54
        1.10     0.400000      3357480         1.67
        1.12     0.450000      3875905         1.82
        1.13     0.500000      4202360         2.00
        1.14     0.525000      4544645         2.11
        1.14     0.550000      4544645         2.22
        1.14     0.575000      4880340         2.35
        1.14     0.600000      4880340         2.50
        1.15     0.625000      5190780         2.67
        1.16     0.650000      5454155         2.86
        1.17     0.675000      5671175         3.08
        1.18     0.700000      5849270         3.33
        1.18     0.725000      5990385         3.64
        1.19     0.750000      6107250         4.00
        1.20     0.762500      6205255         4.21
        1.22     0.775000      6360075         4.44
        1.22     0.787500      6421615         4.71
        1.24     0.800000      6522745         5.00
        1.25     0.812500      6599835         5.33
        1.29     0.825000      6709850         5.71
        1.33     0.837500      6808140         6.15
        1.37     0.850000      6902110         6.67
        1.41     0.862500      7015760         7.27
        1.44     0.875000      7118530         8.00
        1.46     0.881250      7163905         8.42
        1.47     0.887500      7206610         8.89
        1.50     0.893750      7268645         9.41
        1.51     0.900000      7309165        10.00
        1.53     0.906250      7367805        10.67
        1.56     0.912500      7425510        11.43
        1.57     0.918750      7463820        12.31
        1.60     0.925000      7521655        13.33
        1.61     0.931250      7559215        14.55
        1.64     0.937500      7613080        16.00
        1.66     0.940625      7648255        16.84
        1.66     0.943750      7665885        17.78
        1.68     0.946875      7699490        18.82
        1.69     0.950000      7715895        20.00
        1.70     0.953125      7747735        21.33
        1.71     0.956250      7762830        22.86
        1.73     0.959375      7790280        24.62
        1.74     0.962500      7815670        26.67
        1.76     0.965625      7838180        29.09
        1.78     0.968750      7866810        32.00
        1.80     0.970313      7882255        33.68
        1.81     0.971875      7889505        35.56
        1.82     0.973437      7900880        37.65
        1.85     0.975000      7914745        40.00
        1.88     0.976562      7927385        42.67
        1.93     0.978125      7938840        45.71
        2.02     0.979688      7951365        49.23
        2.17     0.981250      7965100        53.33
        2.35     0.982812      7977830        58.18
        2.54     0.984375      7990000        64.00
        2.67     0.985156      7995905        67.37
        2.88     0.985938      8002255        71.11
        3.17     0.986719      8008520        75.29
        3.57     0.987500      8014815        80.00
        4.01     0.988281      8021205        85.33
        4.67     0.989062      8027625        91.43
        5.50     0.989844      8033850        98.46
        6.46     0.990625      8040295       106.67
        7.17     0.991406      8046660       116.36
        7.84     0.992188      8053205       128.00
        8.16     0.992578      8056130       134.74
        8.51     0.992969      8059335       142.22
        8.89     0.993359      8062485       150.59
        9.28     0.993750      8065765       160.00
        9.86     0.994141      8068680       170.67
       10.49     0.994531      8071840       182.86
       12.16     0.994922      8075140       196.92
       14.53     0.995313      8078220       213.33
       16.38     0.995703      8081440       232.73
       17.02     0.996094      8084600       256.00
       17.66     0.996289      8086135       269.47
       19.20     0.996484      8087825       284.44
       20.35     0.996680      8089935       301.18
       20.73     0.996875      8091590       320.00
       20.86     0.997070      8092610       341.33
       21.63     0.997266      8094165       365.71
       23.55     0.997461      8095705       393.85
       24.32     0.997656      8102555       426.67
       24.32     0.997852      8102555       465.45
       24.32     0.998047      8102555       512.00
       24.32     0.998145      8102555       538.95
       24.32     0.998242      8102555       568.89
       24.45     0.998340      8107450       602.35
       24.45     0.998437      8107450       640.00
       24.45     0.998535      8107450       682.67
       24.45     0.998633      8107450       731.43
       24.45     0.998730      8107450       787.69
       24.45     0.998828      8107450       853.33
       24.57     0.998926      8107675       930.91
       24.83     0.999023      8109085      1024.00
       24.83     0.999072      8109085      1077.89
       24.96     0.999121      8109525      1137.78
       24.96     0.999170      8109525      1204.71
       25.34     0.999219      8109985      1280.00
       25.73     0.999268      8110385      1365.33
       26.62     0.999316      8110710      1462.86
       27.52     0.999365      8111140      1575.38
       28.29     0.999414      8112215      1706.67
       28.29     0.999463      8112215      1861.82
       28.41     0.999512      8113210      2048.00
       28.41     0.999536      8113210      2155.79
       28.41     0.999561      8113210      2275.56
       28.41     0.999585      8113210      2409.41
       28.41     0.999609      8113210      2560.00
       28.54     0.999634      8113375      2730.67
       28.67     0.999658      8113485      2925.71
       28.80     0.999683      8113830      3150.77
       28.93     0.999707      8114020      3413.33
       29.05     0.999731      8114070      3723.64
       29.82     0.999756      8114250      4096.00
       30.21     0.999768      8114345      4311.58
       30.72     0.999780      8114505      4551.11
       30.85     0.999792      8114590      4818.82
       30.98     0.999805      8114640      5120.00
       31.74     0.999817      8114740      5461.33
       32.26     0.999829      8114930      5851.43
       32.38     0.999841      8115405      6301.54
       32.38     0.999854      8115405      6826.67
       32.38     0.999866      8115405      7447.27
       32.38     0.999878      8115405      8192.00
       32.38     0.999884      8115405      8623.16
       32.38     0.999890      8115405      9102.22
       32.38     0.999896      8115405      9637.65
       32.51     0.999902      8115595     10240.00
       32.51     0.999908      8115595     10922.67
       32.51     0.999915      8115595     11702.86
       32.51     0.999921      8115595     12603.08
       32.77     0.999927      8115670     13653.33
       33.02     0.999933      8115740     14894.55
       33.02     0.999939      8115740     16384.00
       33.28     0.999942      8115815     17246.32
       33.28     0.999945      8115815     18204.44
       33.28     0.999948      8115815     19275.29
       33.53     0.999951      8115835     20480.00
       33.79     0.999954      8115870     21845.33
       34.05     0.999957      8115880     23405.71
       34.30     0.999960      8115910     25206.15
       34.56     0.999963      8115950     27306.67
       36.09     0.999966      8115955     29789.09
       36.35     0.999969      8116140     32768.00
       36.35     0.999971      8116140     34492.63
       36.35     0.999973      8116140     36408.89
       36.35     0.999974      8116140     38550.59
       36.35     0.999976      8116140     40960.00
       36.35     0.999977      8116140     43690.67
       36.35     0.999979      8116140     46811.43
       36.35     0.999980      8116140     50412.31
       36.35     0.999982      8116140     54613.33
       36.35     0.999983      8116140     59578.18
       36.35     0.999985      8116140     65536.00
       36.35     0.999986      8116140     68985.26
       36.35     0.999986      8116140     72817.78
       36.35     0.999987      8116140     77101.18
       36.35     0.999988      8116140     81920.00
       36.35     0.999989      8116140     87381.33
       36.35     0.999989      8116140     93622.86
       36.61     0.999990      8116225    100824.62
       36.61     1.000000      8116225          inf
#[Mean    =        1.177, StdDeviation   =        1.664]
#[Max     =       36.607, Total count    =      8116225]
#[Buckets =           20, SubBuckets     =          256]
