       Value   Percentile   TotalCount 1/(1-Percentile)

        0.18     0.000000            1         1.00
        0.31     0.050000        27933         1.05
        0.33     0.100000        57277         1.11
        0.37     0.150000        78142         1.18
        0.39     0.200000       106895         1.25
        0.41     0.250000       143387         1.33
        0.41     0.300000       161956         1.43
        0.42     0.350000       181446         1.54
        0.44     0.400000       211850         1.67
        0.46     0.450000       233772         1.82
        0.47     0.500000       271618         2.00
        0.47     0.525000       271618         2.11
        0.48     0.550000       296945         2.22
        0.48     0.575000       296945         2.35
        0.49     0.600000       324056         2.50
        0.49     0.625000       324056         2.67
        0.49     0.650000       351532         2.86
        0.49     0.675000       351532         3.08
        0.50     0.700000       377788         3.33
        0.50     0.725000       377788         3.64
        0.51     0.750000       399584         4.00
        0.51     0.762500       399584         4.21
        0.51     0.775000       399584         4.44
        0.52     0.787500       414295         4.71
        0.52     0.800000       414295         5.00
        0.53     0.812500       422774         5.33
        0.53     0.825000       422774         5.71
        0.54     0.837500       430660         6.15
        0.56     0.850000       434581         6.67
        0.62     0.862500       441039         7.27
        0.66     0.875000       451339         8.00
        0.66     0.881250       451339         8.42
        0.66     0.887500       459142         8.89
        0.66     0.893750       459142         9.41
        0.67     0.900000       469123        10.00
        0.67     0.906250       469123        10.67
        0.67     0.912500       469123        11.43
        0.68     0.918750       479630        12.31
        0.68     0.925000       479630        13.33
        0.68     0.931250       479630        14.55
        0.68     0.937500       479630        16.00
        0.69     0.940625       489218        16.84
        0.69     0.943750       489218        17.78
        0.69     0.946875       489218        18.82
        0.69     0.950000       489218        20.00
        0.69     0.953125       489218        21.33
        0.69     0.956250       489218        22.86
        0.69     0.959375       496395        24.62
        0.69     0.962500       496395        26.67
        0.69     0.965625       496395        29.09
        0.69     0.968750       496395        32.00
        0.69     0.970313       496395        33.68
        0.70     0.971875       501320        35.56
        0.70     0.973437       501320        37.65
        0.70     0.975000       501320        40.00
        0.70     0.976562       501320        42.67
        0.70     0.978125       501320        45.71
        0.70     0.979688       501320        49.23
        0.71     0.981250       504186        53.33
        0.71     0.982812       504186        58.18
        0.71     0.984375       504186        64.00
        0.71     0.985156       504186        67.37
        0.71     0.985938       504186        71.11
        0.72     0.986719       505865        75.29
        0.72     0.987500       505865        80.00
        0.72     0.988281       505865        85.33
        0.72     0.989062       505865        91.43
        0.73     0.989844       506876        98.46
        0.73     0.990625       506876       106.67
        0.73     0.991406       506876       116.36
        0.73     0.992188       507569       128.00
        0.73     0.992578       507569       134.74
        0.73     0.992969       507569       142.22
        0.74     0.993359       508110       150.59
        0.74     0.993750       508110       160.00
        0.74     0.994141       508110       170.67
        0.75     0.994531       508586       182.86
        0.75     0.994922       508586       196.92
        0.76     0.995313       508998       213.33
        0.76     0.995703       508998       232.73
        0.77     0.996094       509350       256.00
        0.77     0.996289       509350       269.47
        0.77     0.996484       509350       284.44
        0.78     0.996680       509684       301.18
        0.78     0.996875       509684       320.00
        0.78     0.997070       509684       341.33
        0.78     0.997266       509969       365.71
        0.78     0.997461       509969       393.85
        0.78     0.997656       509969       426.67
        0.79     0.997852       510221       465.45
        0.79     0.998047       510221       512.00
        0.79     0.998145       510221       538.95
        0.79     0.998242       510221       568.89
        0.80     0.998340       510419       602.35
        0.80     0.998437       510419       640.00
        0.80     0.998535       510419       682.67
        0.80     0.998633       510419       731.43
        0.81     0.998730       510585       787.69
        0.81     0.998828       510585       853.33
        0.81     0.998926       510585       930.91
        0.81     0.999023       510716      1024.00
        0.81     0.999072       510716      1077.89
        0.81     0.999121       510716      1137.78
        0.81     0.999170       510716      1204.71
        0.81     0.999219       510716      1280.00
        0.82     0.999268       510812      1365.33
        0.82     0.999316       510812      1462.86
        0.82     0.999365       510812      1575.38
        0.82     0.999414       510812      1706.67
        0.83     0.999463       510877      1861.82
        0.83     0.999512       510877      2048.00
        0.83     0.999536       510877      2155.79
        0.84     0.999561       510927      2275.56
        0.84     0.999585       510927      2409.41
        0.84     0.999609       510927      2560.00
        0.84     0.999634       510927      2730.67
        0.85     0.999658       510959      2925.71
        0.85     0.999683       510959      3150.77
        0.85     0.999707       510959      3413.33
        0.85     0.999731       510975      3723.64
        0.86     0.999756       510990      4096.00
        0.86     0.999768       510990      4311.58
        0.86     0.999780       510990      4551.11
        0.87     0.999792       511000      4818.82
        0.88     0.999805       511006      5120.00
        0.89     0.999817       511009      5461.33
        0.90     0.999829       511016      5851.43
        0.92     0.999841       511021      6301.54
        0.94     0.999854       511032      6826.67
        0.94     0.999866       511035      7447.27
        1.04     0.999878       511041      8192.00
        1.57     0.999884       511043      8623.16
        1.61     0.999890       511046      9102.22
        1.72     0.999896       511049      9637.65
        1.91     0.999902       511053     10240.00
        2.46     0.999908       511056     10922.67
        2.54     0.999915       511060     11702.86
        2.62     0.999921       511063     12603.08
        2.67     0.999927       511068     13653.33
        2.67     0.999933       511068     14894.55
        2.81     0.999939       511071     16384.00
        2.88     0.999942       511073     17246.32
        2.91     0.999945       511074     18204.44
        3.20     0.999948       511076     19275.29
        3.23     0.999951       511078     20480.00
        3.26     0.999954       511079     21845.33
        3.29     0.999957       511081     23405.71
        3.31     0.999960       511082     25206.15
        3.34     0.999963       511084     27306.67
        3.36     0.999966       511086     29789.09
        3.50     0.999969       511087     32768.00
        3.54     0.999971       511088     34492.63
        3.54     0.999973       511088     36408.89
        3.57     0.999974       511089     38550.59
        3.60     0.999976       511090     40960.00
        4.05     0.999977       511091     43690.67
        4.08     0.999979       511092     46811.43
        4.08     0.999980       511092     50412.31
        4.09     0.999982       511093     54613.33
        4.13     0.999983       511095     59578.18
        4.13     0.999985       511095     65536.00
        4.13     0.999986       511095     68985.26
        4.13     0.999986       511095     72817.78
        4.16     0.999987       511096     77101.18
        4.16     0.999988       511096     81920.00
        4.19     0.999989       511097     87381.33
        4.19     0.999989       511097     93622.86
        4.19     0.999990       511097    100824.62
        4.22     0.999991       511099    109226.67
        4.22     0.999992       511099    119156.36
        4.22     0.999992       511099    131072.00
        4.22     0.999993       511099    137970.53
        4.22     0.999993       511099    145635.56
        4.22     0.999994       511099    154202.35
        4.22     0.999994       511099    163840.00
        4.25     0.999994       511100    174762.67
        4.25     0.999995       511100    187245.71
        4.25     0.999995       511100    201649.23
        4.25     0.999995       511100    218453.33
        4.25     0.999996       511100    238312.73
        4.29     0.999996       511101    262144.00
        4.29     0.999996       511101    275941.05
        4.29     0.999997       511101    291271.11
        4.29     0.999997       511101    308404.71
        4.29     0.999997       511101    327680.00
        4.29     0.999997       511101    349525.33
        4.29     0.999997       511101    374491.43
        4.29     0.999998       511101    403298.46
        4.29     0.999998       511101    436906.67
        4.29     0.999998       511101    476625.45
        4.48     0.999998       511102    524288.00
        4.48     1.000000       511102          inf
#[Mean    =        0.469, StdDeviation   =        0.111]
#[Max     =        4.479, Total count    =       511102]
#[Buckets =           20, SubBuckets     =          256]
