       Value   Percentile   TotalCount 1/(1-Percentile)

        0.25     0.000000            1         1.00
        0.41     0.050000        21207         1.05
        0.44     0.100000        42969         1.11
        0.48     0.150000        62223         1.18
        0.50     0.200000        79120         1.25
        0.52     0.250000        98722         1.33
        0.54     0.300000       123831         1.43
        0.55     0.350000       146986         1.54
        0.57     0.400000       164643         1.67
        0.58     0.450000       179094         1.82
        0.61     0.500000       205648         2.00
        0.61     0.525000       216831         2.11
        0.61     0.550000       216831         2.22
        0.62     0.575000       228985         2.35
        0.63     0.600000       241788         2.50
        0.64     0.625000       254600         2.67
        0.65     0.650000       267513         2.86
        0.65     0.675000       267513         3.08
        0.66     0.700000       279788         3.33
        0.66     0.725000       291014         3.64
        0.67     0.750000       300924         4.00
        0.67     0.762500       300924         4.21
        0.68     0.775000       309194         4.44
        0.69     0.787500       316053         4.71
        0.69     0.800000       316053         5.00
        0.69     0.812500       321461         5.33
        0.70     0.825000       325586         5.71
        0.72     0.837500       330965         6.15
        0.74     0.850000       335394         6.67
        0.78     0.862500       340038         7.27
        0.81     0.875000       347112         8.00
        0.82     0.881250       349872         8.42
        0.82     0.887500       349872         8.89
        0.83     0.893750       353297         9.41
        0.84     0.900000       356996        10.00
        0.85     0.906250       361045        10.67
        0.85     0.912500       361045        11.43
        0.85     0.918750       365435        12.31
        0.85     0.925000       365435        13.33
        0.86     0.931250       369791        14.55
        0.86     0.937500       369791        16.00
        0.87     0.940625       374162        16.84
        0.87     0.943750       374162        17.78
        0.87     0.946875       374162        18.82
        0.88     0.950000       378191        20.00
        0.88     0.953125       378191        21.33
        0.88     0.956250       378191        22.86
        0.88     0.959375       378191        24.62
        0.89     0.962500       381732        26.67
        0.89     0.965625       381732        29.09
        0.90     0.968750       384600        32.00
        0.90     0.970313       384600        33.68
        0.90     0.971875       384600        35.56
        0.90     0.973437       384600        37.65
        0.90     0.975000       384600        40.00
        0.90     0.976562       386922        42.67
        0.90     0.978125       386922        45.71
        0.90     0.979688       386922        49.23
        0.90     0.981250       386922        53.33
        0.91     0.982812       388620        58.18
        0.91     0.984375       388620        64.00
        0.91     0.985156       388620        67.37
        0.91     0.985938       388620        71.11
        0.92     0.986719       389905        75.29
        0.92     0.987500       389905        80.00
        0.92     0.988281       389905        85.33
        0.92     0.989062       389905        91.43
        0.93     0.989844       390801        98.46
        0.93     0.990625       390801       106.67
        0.93     0.991406       390801       116.36
        0.94     0.992188       391420       128.00
        0.94     0.992578       391420       134.74
        0.94     0.992969       391420       142.22
        0.94     0.993359       391906       150.59
        0.94     0.993750       391906       160.00
        0.94     0.994141       391906       170.67
        0.94     0.994531       391906       182.86
        0.95     0.994922       392278       196.92
        0.95     0.995313       392278       213.33
        0.96     0.995703       392599       232.73
        0.96     0.996094       392599       256.00
        0.96     0.996289       392599       269.47
        0.97     0.996484       392817       284.44
        0.97     0.996680       392817       301.18
        0.97     0.996875       393002       320.00
        0.97     0.997070       393002       341.33
        0.97     0.997266       393002       365.71
        0.98     0.997461       393155       393.85
        0.98     0.997656       393155       426.67
        0.99     0.997852       393310       465.45
        0.99     0.998047       393310       512.00
        1.00     0.998145       393414       538.95
        1.00     0.998242       393414       568.89
        1.00     0.998340       393414       602.35
        1.01     0.998437       393514       640.00
        1.01     0.998535       393514       682.67
        1.01     0.998633       393514       731.43
        1.01     0.998730       393596       787.69
        1.01     0.998828       393596       853.33
        1.02     0.998926       393661       930.91
        1.03     0.999023       393715      1024.00
        1.03     0.999072       393715      1077.89
        1.03     0.999121       393715      1137.78
        1.04     0.999170       393769      1204.71
        1.04     0.999219       393769      1280.00
        1.04     0.999268       393769      1365.33
        1.05     0.999316       393797      1462.86
        1.05     0.999365       393818      1575.38
        1.06     0.999414       393843      1706.67
        1.06     0.999463       393843      1861.82
        1.07     0.999512       393858      2048.00
        1.08     0.999536       393876      2155.79
        1.08     0.999561       393876      2275.56
        1.09     0.999585       393895      2409.41
        1.09     0.999609       393907      2560.00
        1.09     0.999634       393907      2730.67
        1.10     0.999658       393916      2925.71
        1.12     0.999683       393930      3150.77
        1.14     0.999707       393940      3413.33
        1.14     0.999731       393946      3723.64
        1.15     0.999756       393953      4096.00
        1.18     0.999768       393958      4311.58
        1.19     0.999780       393963      4551.11
        1.22     0.999792       393969      4818.82
        1.24     0.999805       393973      5120.00
        1.25     0.999817       393978      5461.33
        1.27     0.999829       393982      5851.43
        1.32     0.999841       393987      6301.54
        1.47     0.999854       393992      6826.67
        1.57     0.999866       393997      7447.27
        2.27     0.999878       394001      8192.00
        2.38     0.999884       394004      8623.16
        3.50     0.999890       394006      9102.22
        3.57     0.999896       394009      9637.65
        3.58     0.999902       394011     10240.00
        3.62     0.999908       394013     10922.67
        3.63     0.999915       394016     11702.86
        3.68     0.999921       394019     12603.08
        3.71     0.999927       394021     13653.33
        3.81     0.999933       394023     14894.55
        3.82     0.999939       394025     16384.00
        3.89     0.999942       394027     17246.32
        3.90     0.999945       394028     18204.44
        3.94     0.999948       394030     19275.29
        3.94     0.999951       394030     20480.00
        3.98     0.999954       394032     21845.33
        4.00     0.999957       394033     23405.71
        4.01     0.999960       394034     25206.15
        4.09     0.999963       394035     27306.67
        4.13     0.999966       394036     29789.09
        4.29     0.999969       394037     32768.00
        5.73     0.999971       394038     34492.63
        5.82     0.999973       394039     36408.89
        5.82     0.999974       394039     38550.59
        5.89     0.999976       394040     40960.00
        5.89     0.999977       394040     43690.67
        5.92     0.999979       394042     46811.43
        5.92     0.999980       394042     50412.31
        5.92     0.999982       394042     54613.33
        5.98     0.999983       394043     59578.18
        5.98     0.999985       394043     65536.00
        6.14     0.999986       394044     68985.26
        6.14     0.999986       394044     72817.78
        6.14     0.999987       394044     77101.18
        6.17     0.999988       394045     81920.00
        6.17     0.999989       394045     87381.33
        6.17     0.999989       394045     93622.86
        6.21     0.999990       394046    100824.62
        6.21     0.999991       394046    109226.67
        6.21     0.999992       394046    119156.36
        6.21     0.999992       394046    131072.00
        6.30     0.999993       394048    137970.53
        6.30     0.999993       394048    145635.56
        6.30     0.999994       394048    154202.35
        6.30     0.999994       394048    163840.00
        6.30     0.999994       394048    174762.67
        6.30     0.999995       394048    187245.71
        6.30     0.999995       394048    201649.23
        6.30     0.999995       394048    218453.33
        6.30     0.999996       394048    238312.73
        6.30     0.999996       394048    262144.00
        6.30     0.999996       394048    275941.05
        6.30     0.999997       394048    291271.11
        6.30     0.999997       394048    308404.71
        6.30     0.999997       394048    327680.00
        6.30     0.999997       394048    349525.33
        6.30     0.999997       394048    374491.43
        6.40     0.999998       394049    403298.46
        6.40     1.000000       394049          inf
#[Mean    =        0.608, StdDeviation   =        0.140]
#[Max     =        6.399, Total count    =       394049]
#[Buckets =           20, SubBuckets     =          256]
