       Value   Percentile   TotalCount 1/(1-Percentile)

        7.33     0.000000            1         1.00
      501.76     0.050000        60590         1.05
      505.86     0.100000       133181         1.11
      507.90     0.150000       216707         1.18
      507.90     0.200000       216707         1.25
      509.95     0.250000       329064         1.33
      509.95     0.300000       329064         1.43
      512.00     0.350000       448315         1.54
      512.00     0.400000       448315         1.67
      512.00     0.450000       448315         1.82
      514.05     0.500000       554306         2.00
      514.05     0.525000       554306         2.11
      514.05     0.550000       554306         2.22
      514.05     0.575000       554306         2.35
      516.10     0.600000       628700         2.50
      516.10     0.625000       628700         2.67
      516.10     0.650000       628700         2.86
      518.14     0.675000       681360         3.08
      518.14     0.700000       681360         3.33
      520.19     0.725000       718837         3.64
      520.19     0.750000       718837         4.00
      522.24     0.762500       739544         4.21
      522.24     0.775000       739544         4.44
      524.29     0.787500       751831         4.71
      528.38     0.800000       769063         5.00
      532.48     0.812500       787028         5.33
      532.48     0.825000       787028         5.71
      536.58     0.837500       807198         6.15
      540.67     0.850000       830017         6.67
      540.67     0.862500       830017         7.27
      544.77     0.875000       850931         8.00
      544.77     0.881250       850931         8.42
      544.77     0.887500       850931         8.89
      544.77     0.893750       850931         9.41
      548.86     0.900000       871339        10.00
      548.86     0.906250       871339        10.67
      548.86     0.912500       871339        11.43
      552.96     0.918750       889525        12.31
      552.96     0.925000       889525        13.33
      552.96     0.931250       889525        14.55
      557.05     0.937500       902145        16.00
      557.05     0.940625       902145        16.84
      557.05     0.943750       902145        17.78
      557.05     0.946875       902145        18.82
      561.15     0.950000       911963        20.00
      561.15     0.953125       911963        21.33
      561.15     0.956250       911963        22.86
      565.25     0.959375       920714        24.62
      565.25     0.962500       920714        26.67
      565.25     0.965625       920714        29.09
      569.34     0.968750       929114        32.00
      569.34     0.970313       929114        33.68
      569.34     0.971875       929114        35.56
      569.34     0.973437       929114        37.65
      569.34     0.975000       929114        40.00
      573.44     0.976562       935971        42.67
      573.44     0.978125       935971        45.71
      573.44     0.979688       935971        49.23
      573.44     0.981250       935971        53.33
      573.44     0.982812       935971        58.18
      577.53     0.984375       939916        64.00
      577.53     0.985156       939916        67.37
      577.53     0.985938       939916        71.11
      577.53     0.986719       939916        75.29
      577.53     0.987500       939916        80.00
      581.63     0.988281       942615        85.33
      581.63     0.989062       942615        91.43
      581.63     0.989844       942615        98.46
      585.73     0.990625       944015       106.67
      585.73     0.991406       944015       116.36
      589.82     0.992188       944617       128.00
      593.92     0.992578       944723       134.74
      614.40     0.992969       944999       142.22
      630.78     0.993359       945446       150.59
      651.26     0.993750       945801       160.00
      663.55     0.994141       946132       170.67
      684.03     0.994531       946547       182.86
      700.41     0.994922       946889       196.92
      716.80     0.995313       947294       213.33
      733.18     0.995703       947615       232.73
      749.57     0.996094       948050       256.00
      757.76     0.996289       948239       269.47
      765.95     0.996484       948368       284.44
      774.14     0.996680       948542       301.18
      782.34     0.996875       948792       320.00
      790.53     0.997070       948969       341.33
      798.72     0.997266       949095       365.71
      806.91     0.997461       949289       393.85
      815.10     0.997656       949489       426.67
      827.39     0.997852       949721       465.45
      835.58     0.998047       949879       512.00
      839.68     0.998145       949955       538.95
      843.77     0.998242       950047       568.89
      847.87     0.998340       950179       602.35
      851.97     0.998437       950367       640.00
      851.97     0.998535       950367       682.67
      856.06     0.998633       950568       731.43
      856.06     0.998730       950568       787.69
      860.16     0.998828       950741       853.33
      860.16     0.998926       950741       930.91
      864.25     0.999023       950867      1024.00
      864.25     0.999072       950867      1077.89
      864.25     0.999121       950867      1137.78
      868.35     0.999170       950954      1204.71
      868.35     0.999219       950954      1280.00
      872.45     0.999268       951017      1365.33
      876.54     0.999316       951092      1462.86
      876.54     0.999365       951092      1575.38
      880.64     0.999414       951157      1706.67
      884.74     0.999463       951218      1861.82
      888.83     0.999512       951268      2048.00
      888.83     0.999536       951268      2155.79
      892.93     0.999561       951325      2275.56
      892.93     0.999585       951325      2409.41
      892.93     0.999609       951325      2560.00
      897.02     0.999634       951366      2730.67
      897.02     0.999658       951366      2925.71
      901.12     0.999683       951416      3150.77
      901.12     0.999707       951416      3413.33
      905.22     0.999731       951447      3723.64
      909.31     0.999756       951487      4096.00
      909.31     0.999768       951487      4311.58
      909.31     0.999780       951487      4551.11
      913.41     0.999792       951513      4818.82
      913.41     0.999805       951513      5120.00
      917.50     0.999817       951552      5461.33
      917.50     0.999829       951552      5851.43
      917.50     0.999841       951552      6301.54
      917.50     0.999854       951552      6826.67
      921.60     0.999866       951576      7447.27
      921.60     0.999878       951576      8192.00
      925.70     0.999884       951605      8623.16
      925.70     0.999890       951605      9102.22
      925.70     0.999896       951605      9637.65
      925.70     0.999902       951605     10240.00
      925.70     0.999908       951605     10922.67
      929.79     0.999915       951625     11702.86
      929.79     0.999921       951625     12603.08
      929.79     0.999927       951625     13653.33
      933.89     0.999933       951641     14894.55
      933.89     0.999939       951641     16384.00
      933.89     0.999942       951641     17246.32
      933.89     0.999945       951641     18204.44
      933.89     0.999948       951641     19275.29
      937.98     0.999951       951654     20480.00
      937.98     0.999954       951654     21845.33
      937.98     0.999957       951654     23405.71
      937.98     0.999960       951654     25206.15
      942.08     0.999963       951668     27306.67
      942.08     0.999966       951668     29789.09
      942.08     0.999969       951668     32768.00
      942.08     0.999971       951668     34492.63
      942.08     0.999973       951668     36408.89
      942.08     0.999974       951668     38550.59
      942.08     0.999976       951668     40960.00
      942.08     0.999977       951668     43690.67
      946.17     0.999979       951675     46811.43
      946.17     0.999980       951675     50412.31
      946.17     0.999982       951675     54613.33
      946.17     0.999983       951675     59578.18
      946.17     0.999985       951675     65536.00
      950.27     0.999986       951685     68985.26
      950.27     0.999986       951685     72817.78
      950.27     0.999987       951685     77101.18
      950.27     0.999988       951685     81920.00
      950.27     0.999989       951685     87381.33
      950.27     0.999989       951685     93622.86
      950.27     0.999990       951685    100824.62
      950.27     0.999991       951685    109226.67
      950.27     0.999992       951685    119156.36
      950.27     0.999992       951685    131072.00
      950.27     0.999993       951685    137970.53
      950.27     0.999993       951685    145635.56
      950.27     0.999994       951685    154202.35
      950.27     0.999994       951685    163840.00
      950.27     0.999994       951685    174762.67
      950.27     0.999995       951685    187245.71
      950.27     0.999995       951685    201649.23
      950.27     0.999995       951685    218453.33
      954.37     0.999996       951688    238312.73
      954.37     0.999996       951688    262144.00
      954.37     0.999996       951688    275941.05
      954.37     0.999997       951688    291271.11
      954.37     0.999997       951688    308404.71
      954.37     0.999997       951688    327680.00
      954.37     0.999997       951688    349525.33
      954.37     0.999997       951688    374491.43
      954.37     0.999998       951688    403298.46
      954.37     0.999998       951688    436906.67
      954.37     0.999998       951688    476625.45
      954.37     0.999998       951688    524288.00
      954.37     0.999998       951688    551882.11
      954.37     0.999998       951688    582542.22
      954.37     0.999998       951688    616809.41
      954.37     0.999998       951688    655360.00
      954.37     0.999999       951688    699050.67
      954.37     0.999999       951688    748982.86
      954.37     0.999999       951688    806596.92
      954.37     0.999999       951688    873813.33
      958.46     0.999999       951689    953250.91
      958.46     1.000000       951689          inf
#[Mean    =      517.766, StdDeviation   =       33.357]
#[Max     =      958.463, Total count    =       951689]
#[Buckets =           20, SubBuckets     =          256]
