       Value   Percentile   TotalCount 1/(1-Percentile)

        0.17     0.000000            1         1.00
        0.31     0.050000        39164         1.05
        0.32     0.100000        54470         1.11
        0.37     0.150000        83119         1.18
        0.38     0.200000       107507         1.25
        0.40     0.250000       146756         1.33
        0.41     0.300000       167204         1.43
        0.41     0.350000       187330         1.54
        0.43     0.400000       216784         1.67
        0.45     0.450000       240434         1.82
        0.46     0.500000       282953         2.00
        0.46     0.525000       282953         2.11
        0.47     0.550000       310435         2.22
        0.47     0.575000       310435         2.35
        0.48     0.600000       339682         2.50
        0.48     0.625000       339682         2.67
        0.48     0.650000       339682         2.86
        0.49     0.675000       368545         3.08
        0.49     0.700000       368545         3.33
        0.49     0.725000       394776         3.64
        0.49     0.750000       394776         4.00
        0.50     0.762500       414668         4.21
        0.50     0.775000       414668         4.44
        0.50     0.787500       414668         4.71
        0.51     0.800000       427135         5.00
        0.51     0.812500       427135         5.33
        0.52     0.825000       434261         5.71
        0.53     0.837500       438190         6.15
        0.55     0.850000       443656         6.67
        0.62     0.862500       450481         7.27
        0.64     0.875000       459214         8.00
        0.65     0.881250       467248         8.42
        0.65     0.887500       467248         8.89
        0.65     0.893750       467248         9.41
        0.66     0.900000       477463        10.00
        0.66     0.906250       477463        10.67
        0.66     0.912500       477463        11.43
        0.66     0.918750       488321        12.31
        0.66     0.925000       488321        13.33
        0.66     0.931250       488321        14.55
        0.67     0.937500       498434        16.00
        0.67     0.940625       498434        16.84
        0.67     0.943750       498434        17.78
        0.67     0.946875       498434        18.82
        0.67     0.950000       498434        20.00
        0.67     0.953125       498434        21.33
        0.68     0.956250       506235        22.86
        0.68     0.959375       506235        24.62
        0.68     0.962500       506235        26.67
        0.68     0.965625       506235        29.09
        0.68     0.968750       506235        32.00
        0.68     0.970313       506235        33.68
        0.69     0.971875       511475        35.56
        0.69     0.973437       511475        37.65
        0.69     0.975000       511475        40.00
        0.69     0.976562       511475        42.67
        0.69     0.978125       511475        45.71
        0.69     0.979688       511475        49.23
        0.69     0.981250       514632        53.33
        0.69     0.982812       514632        58.18
        0.69     0.984375       514632        64.00
        0.69     0.985156       514632        67.37
        0.69     0.985938       514632        71.11
        0.69     0.986719       514632        75.29
        0.70     0.987500       516482        80.00
        0.70     0.988281       516482        85.33
        0.70     0.989062       516482        91.43
        0.70     0.989844       516482        98.46
        0.71     0.990625       517595       106.67
        0.71     0.991406       517595       116.36
        0.71     0.992188       517595       128.00
        0.72     0.992578       518276       134.74
        0.72     0.992969       518276       142.22
        0.72     0.993359       518276       150.59
        0.72     0.993750       518276       160.00
        0.73     0.994141       518811       170.67
        0.73     0.994531       518811       182.86
        0.73     0.994922       519232       196.92
        0.73     0.995313       519232       213.33
        0.73     0.995703       519232       232.73
        0.74     0.996094       519590       256.00
        0.74     0.996289       519590       269.47
        0.75     0.996484       519886       284.44
        0.75     0.996680       519886       301.18
        0.75     0.996875       519886       320.00
        0.76     0.997070       520138       341.33
        0.76     0.997266       520138       365.71
        0.77     0.997461       520364       393.85
        0.77     0.997656       520364       426.67
        0.77     0.997852       520364       465.45
        0.78     0.998047       520561       512.00
        0.78     0.998145       520561       538.95
        0.78     0.998242       520561       568.89
        0.78     0.998340       520741       602.35
        0.78     0.998437       520741       640.00
        0.78     0.998535       520741       682.67
        0.79     0.998633       520915       731.43
        0.79     0.998730       520915       787.69
        0.79     0.998828       520915       853.33
        0.79     0.998926       520915       930.91
        0.80     0.999023       521037      1024.00
        0.80     0.999072       521037      1077.89
        0.80     0.999121       521037      1137.78
        0.80     0.999170       521037      1204.71
        0.81     0.999219       521139      1280.00
        0.81     0.999268       521139      1365.33
        0.81     0.999316       521139      1462.86
        0.81     0.999365       521139      1575.38
        0.81     0.999414       521197      1706.67
        0.81     0.999463       521197      1861.82
        0.82     0.999512       521241      2048.00
        0.82     0.999536       521241      2155.79
        0.82     0.999561       521241      2275.56
        0.83     0.999585       521267      2409.41
        0.83     0.999609       521267      2560.00
        0.84     0.999634       521282      2730.67
        0.85     0.999658       521294      2925.71
        0.86     0.999683       521303      3150.77
        0.90     0.999707       521315      3413.33
        0.95     0.999731       521327      3723.64
        1.01     0.999756       521341      4096.00
        1.04     0.999768       521347      4311.58
        1.07     0.999780       521353      4551.11
        1.14     0.999792       521359      4818.82
        1.24     0.999805       521366      5120.00
        1.35     0.999817       521372      5461.33
        1.45     0.999829       521378      5851.43
        1.52     0.999841       521385      6301.54
        1.63     0.999854       521391      6826.67
        2.35     0.999866       521397      7447.27
        2.46     0.999878       521404      8192.00
        2.50     0.999884       521408      8623.16
        2.53     0.999890       521410      9102.22
        2.59     0.999896       521413      9637.65
        2.69     0.999902       521417     10240.00
        2.75     0.999908       521420     10922.67
        2.78     0.999915       521423     11702.86
        2.83     0.999921       521427     12603.08
        2.94     0.999927       521430     13653.33
        2.98     0.999933       521432     14894.55
        3.09     0.999939       521436     16384.00
        3.10     0.999942       521437     17246.32
        3.13     0.999945       521439     18204.44
        3.17     0.999948       521440     19275.29
        3.21     0.999951       521442     20480.00
        3.26     0.999954       521444     21845.33
        3.34     0.999957       521445     23405.71
        3.62     0.999960       521447     25206.15
        3.66     0.999963       521448     27306.67
        3.81     0.999966       521450     29789.09
        3.84     0.999969       521452     32768.00
        3.84     0.999971       521452     34492.63
        3.85     0.999973       521453     36408.89
        3.87     0.999974       521455     38550.59
        3.87     0.999976       521455     40960.00
        3.92     0.999977       521456     43690.67
        3.92     0.999979       521456     46811.43
        3.97     0.999980       521457     50412.31
        3.98     0.999982       521458     54613.33
        4.16     0.999983       521459     59578.18
        4.45     0.999985       521460     65536.00
        4.45     0.999986       521460     68985.26
        4.45     0.999986       521460     72817.78
        4.70     0.999987       521461     77101.18
        4.70     0.999988       521461     81920.00
        4.77     0.999989       521462     87381.33
        4.77     0.999989       521462     93622.86
        4.77     0.999990       521462    100824.62
        4.89     0.999991       521463    109226.67
        4.89     0.999992       521463    119156.36
        7.26     0.999992       521464    131072.00
        7.26     0.999993       521464    137970.53
        7.26     0.999993       521464    145635.56
        7.26     0.999994       521464    154202.35
        7.26     0.999994       521464    163840.00
        7.49     0.999994       521465    174762.67
        7.49     0.999995       521465    187245.71
        7.49     0.999995       521465    201649.23
        7.49     0.999995       521465    218453.33
        7.49     0.999996       521465    238312.73
        7.58     0.999996       521466    262144.00
        7.58     0.999996       521466    275941.05
        7.58     0.999997       521466    291271.11
        7.58     0.999997       521466    308404.71
        7.58     0.999997       521466    327680.00
        7.58     0.999997       521466    349525.33
        7.58     0.999997       521466    374491.43
        7.58     0.999998       521466    403298.46
        7.58     0.999998       521466    436906.67
        7.58     0.999998       521466    476625.45
        7.62     0.999998       521467    524288.00
        7.62     1.000000       521467          inf
#[Mean    =        0.460, StdDeviation   =        0.111]
#[Max     =        7.615, Total count    =       521467]
#[Buckets =           20, SubBuckets     =          256]
