       Value   Percentile   TotalCount 1/(1-Percentile)

        0.14     0.000000            2         1.00
        0.21     0.050000        73657         1.05
        0.21     0.100000       100072         1.11
        0.23     0.150000       119887         1.18
        0.26     0.200000       174448         1.25
        0.26     0.250000       209144         1.33
        0.27     0.300000       234471         1.43
        0.29     0.350000       299107         1.54
        0.29     0.400000       332799         1.67
        0.30     0.450000       357827         1.82
        0.31     0.500000       398038         2.00
        0.32     0.525000       459261         2.11
        0.32     0.550000       459261         2.22
        0.32     0.575000       459261         2.35
        0.33     0.600000       517370         2.50
        0.33     0.625000       517370         2.67
        0.33     0.650000       517370         2.86
        0.34     0.675000       562159         3.08
        0.34     0.700000       562159         3.33
        0.34     0.725000       562159         3.64
        0.34     0.750000       603292         4.00
        0.34     0.762500       603292         4.21
        0.34     0.775000       603292         4.44
        0.35     0.787500       635412         4.71
        0.35     0.800000       635412         5.00
        0.35     0.812500       635412         5.33
        0.36     0.825000       652138         5.71
        0.36     0.837500       652138         6.15
        0.37     0.850000       658961         6.67
        0.41     0.862500       668447         7.27
        0.44     0.875000       687629         8.00
        0.44     0.881250       687629         8.42
        0.44     0.887500       687629         8.89
        0.45     0.893750       706758         9.41
        0.45     0.900000       706758        10.00
        0.45     0.906250       706758        10.67
        0.45     0.912500       706758        11.43
        0.46     0.918750       731963        12.31
        0.46     0.925000       731963        13.33
        0.46     0.931250       731963        14.55
        0.46     0.937500       731963        16.00
        0.46     0.940625       731963        16.84
        0.46     0.943750       731963        17.78
        0.46     0.946875       754597        18.82
        0.46     0.950000       754597        20.00
        0.46     0.953125       754597        21.33
        0.46     0.956250       754597        22.86
        0.46     0.959375       754597        24.62
        0.46     0.962500       754597        26.67
        0.46     0.965625       754597        29.09
        0.46     0.968750       754597        32.00
        0.46     0.970313       754597        33.68
        0.46     0.971875       754597        35.56
        0.46     0.973437       754597        37.65
        0.46     0.975000       754597        40.00
        0.47     0.976562       767198        42.67
        0.47     0.978125       767198        45.71
        0.47     0.979688       767198        49.23
        0.47     0.981250       767198        53.33
        0.47     0.982812       767198        58.18
        0.47     0.984375       767198        64.00
        0.47     0.985156       767198        67.37
        0.47     0.985938       767198        71.11
        0.47     0.986719       767198        75.29
        0.47     0.987500       767198        80.00
        0.47     0.988281       767198        85.33
        0.47     0.989062       767198        91.43
        0.47     0.989844       767198        98.46
        0.47     0.990625       767198       106.67
        0.48     0.991406       771821       116.36
        0.48     0.992188       771821       128.00
        0.48     0.992578       771821       134.74
        0.48     0.992969       771821       142.22
        0.48     0.993359       771821       150.59
        0.48     0.993750       771821       160.00
        0.48     0.994141       771821       170.67
        0.48     0.994531       771821       182.86
        0.48     0.994922       771821       196.92
        0.48     0.995313       771821       213.33
        0.48     0.995703       771821       232.73
        0.48     0.996094       771821       256.00
        0.48     0.996289       771821       269.47
        0.48     0.996484       771821       284.44
        0.48     0.996680       771821       301.18
        0.48     0.996875       771821       320.00
        0.48     0.997070       771821       341.33
        0.49     0.997266       773033       365.71
        0.49     0.997461       773033       393.85
        0.49     0.997656       773033       426.67
        0.49     0.997852       773033       465.45
        0.49     0.998047       773033       512.00
        0.49     0.998145       773033       538.95
        0.49     0.998242       773033       568.89
        0.49     0.998340       773033       602.35
        0.49     0.998437       773033       640.00
        0.49     0.998535       773033       682.67
        0.49     0.998633       773033       731.43
        0.49     0.998730       773033       787.69
        0.49     0.998828       773337       853.33
        0.49     0.998926       773337       930.91
        0.49     0.999023       773337      1024.00
        0.49     0.999072       773337      1077.89
        0.49     0.999121       773337      1137.78
        0.49     0.999170       773337      1204.71
        0.50     0.999219       773484      1280.00
        0.50     0.999268       773484      1365.33
        0.50     0.999316       773484      1462.86
        0.50     0.999365       773484      1575.38
        0.51     0.999414       773565      1706.67
        0.51     0.999463       773565      1861.82
        0.52     0.999512       773614      2048.00
        0.52     0.999536       773614      2155.79
        0.52     0.999561       773614      2275.56
        0.53     0.999585       773642      2409.41
        0.53     0.999609       773642      2560.00
        0.54     0.999634       773675      2730.67
        0.54     0.999658       773695      2925.71
        0.55     0.999683       773708      3150.77
        0.56     0.999707       773734      3413.33
        0.57     0.999731       773745      3723.64
        0.57     0.999756       773759      4096.00
        0.58     0.999768       773773      4311.58
        0.58     0.999780       773773      4551.11
        0.59     0.999792       773784      4818.82
        0.60     0.999805       773800      5120.00
        0.61     0.999817       773811      5461.33
        0.61     0.999829       773811      5851.43
        0.61     0.999841       773824      6301.54
        0.63     0.999854       773833      6826.67
        0.65     0.999866       773845      7447.27
        0.66     0.999878       773851      8192.00
        0.66     0.999884       773860      8623.16
        0.66     0.999890       773860      9102.22
        0.67     0.999896       773865      9637.65
        0.68     0.999902       773870     10240.00
        0.69     0.999908       773879     10922.67
        0.69     0.999915       773879     11702.86
        0.70     0.999921       773882     12603.08
        0.72     0.999927       773888     13653.33
        0.73     0.999933       773893     14894.55
        0.73     0.999939       773896     16384.00
        0.74     0.999942       773905     17246.32
        0.74     0.999945       773905     18204.44
        0.74     0.999948       773905     19275.29
        0.75     0.999951       773911     20480.00
        0.75     0.999954       773911     21845.33
        0.75     0.999957       773911     23405.71
        0.76     0.999960       773915     25206.15
        0.76     0.999963       773915     27306.67
        0.78     0.999966       773921     29789.09
        0.78     0.999969       773921     32768.00
        0.78     0.999971       773921     34492.63
        0.78     0.999973       773924     36408.89
        0.78     0.999974       773924     38550.59
        0.79     0.999976       773925     40960.00
        0.81     0.999977       773927     43690.67
        0.81     0.999979       773927     46811.43
        0.81     0.999980       773929     50412.31
        0.81     0.999982       773929     54613.33
        0.82     0.999983       773931     59578.18
        0.83     0.999985       773935     65536.00
        0.83     0.999986       773935     68985.26
        0.83     0.999986       773935     72817.78
        0.83     0.999987       773935     77101.18
        0.83     0.999988       773935     81920.00
        0.83     0.999989       773935     87381.33
        0.83     0.999989       773935     93622.86
        0.84     0.999990       773936    100824.62
        0.84     0.999991       773936    109226.67
        0.85     0.999992       773937    119156.36
        0.85     0.999992       773938    131072.00
        0.85     0.999993       773938    137970.53
        0.85     0.999993       773938    145635.56
        0.85     0.999994       773938    154202.35
        0.86     0.999994       773939    163840.00
        0.86     0.999994       773939    174762.67
        0.86     0.999995       773939    187245.71
        0.87     0.999995       773940    201649.23
        0.87     0.999995       773940    218453.33
        0.87     0.999996       773940    238312.73
        0.90     0.999996       773941    262144.00
        0.90     0.999996       773941    275941.05
        0.90     0.999997       773941    291271.11
        0.90     0.999997       773941    308404.71
        0.90     0.999997       773941    327680.00
        0.90     0.999997       773941    349525.33
        0.90     0.999997       773941    374491.43
        0.93     0.999998       773942    403298.46
        0.93     0.999998       773942    436906.67
        0.93     0.999998       773942    476625.45
        0.93     0.999998       773942    524288.00
        0.93     0.999998       773942    551882.11
        0.93     0.999998       773942    582542.22
        0.93     0.999998       773942    616809.41
        0.93     0.999998       773942    655360.00
        0.93     0.999999       773942    699050.67
        0.93     0.999999       773942    748982.86
        0.94     0.999999       773943    806596.92
        0.94     1.000000       773943          inf
#[Mean    =        0.310, StdDeviation   =        0.073]
#[Max     =        0.935, Total count    =       773943]
#[Buckets =           20, SubBuckets     =          256]
