       Value   Percentile   TotalCount 1/(1-Percentile)

        0.17     0.000000            3         1.00
        0.25     0.050000        54835         1.05
        0.26     0.100000        80477         1.11
        0.29     0.150000       103415         1.18
        0.30     0.200000       132806         1.25
        0.32     0.250000       201021         1.33
        0.32     0.300000       201021         1.43
        0.33     0.350000       236554         1.54
        0.34     0.400000       268032         1.67
        0.35     0.450000       300960         1.82
        0.37     0.500000       363515         2.00
        0.37     0.525000       363515         2.11
        0.38     0.550000       412247         2.22
        0.38     0.575000       412247         2.35
        0.38     0.600000       412247         2.50
        0.38     0.625000       460387         2.67
        0.38     0.650000       460387         2.86
        0.38     0.675000       460387         3.08
        0.39     0.700000       504246         3.33
        0.39     0.725000       504246         3.64
        0.39     0.750000       504246         4.00
        0.40     0.762500       538717         4.21
        0.40     0.775000       538717         4.44
        0.40     0.787500       538717         4.71
        0.40     0.800000       538717         5.00
        0.40     0.812500       538717         5.33
        0.41     0.825000       557122         5.71
        0.41     0.837500       557122         6.15
        0.41     0.850000       563476         6.67
        0.49     0.862500       572040         7.27
        0.51     0.875000       582430         8.00
        0.52     0.881250       594915         8.42
        0.52     0.887500       594915         8.89
        0.52     0.893750       594915         9.41
        0.53     0.900000       612436        10.00
        0.53     0.906250       612436        10.67
        0.53     0.912500       612436        11.43
        0.53     0.918750       612436        12.31
        0.53     0.925000       612436        13.33
        0.54     0.931250       631612        14.55
        0.54     0.937500       631612        16.00
        0.54     0.940625       631612        16.84
        0.54     0.943750       631612        17.78
        0.54     0.946875       631612        18.82
        0.54     0.950000       631612        20.00
        0.54     0.953125       631612        21.33
        0.54     0.956250       647252        22.86
        0.54     0.959375       647252        24.62
        0.54     0.962500       647252        26.67
        0.54     0.965625       647252        29.09
        0.54     0.968750       647252        32.00
        0.54     0.970313       647252        33.68
        0.54     0.971875       647252        35.56
        0.54     0.973437       647252        37.65
        0.54     0.975000       647252        40.00
        0.54     0.976562       647252        42.67
        0.54     0.978125       647252        45.71
        0.55     0.979688       656388        49.23
        0.55     0.981250       656388        53.33
        0.55     0.982812       656388        58.18
        0.55     0.984375       656388        64.00
        0.55     0.985156       656388        67.37
        0.55     0.985938       656388        71.11
        0.55     0.986719       656388        75.29
        0.55     0.987500       656388        80.00
        0.55     0.988281       656388        85.33
        0.55     0.989062       656388        91.43
        0.55     0.989844       656388        98.46
        0.55     0.990625       656388       106.67
        0.55     0.991406       656388       116.36
        0.56     0.992188       660124       128.00
        0.56     0.992578       660124       134.74
        0.56     0.992969       660124       142.22
        0.56     0.993359       660124       150.59
        0.56     0.993750       660124       160.00
        0.56     0.994141       660124       170.67
        0.56     0.994531       660124       182.86
        0.56     0.994922       660124       196.92
        0.56     0.995313       660124       213.33
        0.56     0.995703       660124       232.73
        0.56     0.996094       660124       256.00
        0.56     0.996289       660124       269.47
        0.56     0.996484       660124       284.44
        0.56     0.996680       660124       301.18
        0.56     0.996875       660124       320.00
        0.56     0.997070       660124       341.33
        0.56     0.997266       660124       365.71
        0.56     0.997461       660124       393.85
        0.56     0.997656       660124       426.67
        0.57     0.997852       661216       465.45
        0.57     0.998047       661216       512.00
        0.57     0.998145       661216       538.95
        0.57     0.998242       661216       568.89
        0.57     0.998340       661216       602.35
        0.57     0.998437       661216       640.00
        0.57     0.998535       661216       682.67
        0.57     0.998633       661216       731.43
        0.57     0.998730       661216       787.69
        0.57     0.998828       661216       853.33
        0.57     0.998926       661216       930.91
        0.57     0.999023       661216      1024.00
        0.57     0.999072       661216      1077.89
        0.57     0.999121       661216      1137.78
        0.57     0.999170       661216      1204.71
        0.57     0.999219       661216      1280.00
        0.57     0.999268       661216      1365.33
        0.57     0.999316       661216      1462.86
        0.57     0.999365       661216      1575.38
        0.57     0.999414       661216      1706.67
        0.57     0.999463       661216      1861.82
        0.57     0.999512       661468      2048.00
        0.57     0.999536       661468      2155.79
        0.57     0.999561       661468      2275.56
        0.57     0.999585       661468      2409.41
        0.57     0.999609       661468      2560.00
        0.57     0.999634       661468      2730.67
        0.57     0.999658       661468      2925.71
        0.57     0.999683       661468      3150.77
        0.57     0.999707       661468      3413.33
        0.57     0.999731       661468      3723.64
        0.57     0.999756       661468      4096.00
        0.57     0.999768       661468      4311.58
        0.57     0.999780       661468      4551.11
        0.57     0.999792       661468      4818.82
        0.57     0.999805       661468      5120.00
        0.57     0.999817       661468      5461.33
        0.57     0.999829       661468      5851.43
        0.57     0.999841       661468      6301.54
        0.57     0.999854       661468      6826.67
        0.58     0.999866       661516      7447.27
        0.58     0.999878       661516      8192.00
        0.58     0.999884       661516      8623.16
        0.58     0.999890       661516      9102.22
        0.58     0.999896       661516      9637.65
        0.58     0.999902       661516     10240.00
        0.58     0.999908       661516     10922.67
        0.58     0.999915       661516     11702.86
        0.58     0.999921       661516     12603.08
        0.58     0.999927       661516     13653.33
        0.59     0.999933       661525     14894.55
        0.59     0.999939       661525     16384.00
        0.59     0.999942       661525     17246.32
        0.60     0.999945       661531     18204.44
        0.60     0.999948       661531     19275.29
        0.60     0.999951       661531     20480.00
        0.61     0.999954       661536     21845.33
        0.61     0.999957       661536     23405.71
        0.61     0.999960       661541     25206.15
        0.61     0.999963       661541     27306.67
        0.61     0.999966       661541     29789.09
        0.62     0.999969       661548     32768.00
        0.62     0.999971       661548     34492.63
        0.62     0.999973       661548     36408.89
        0.62     0.999974       661548     38550.59
        0.62     0.999976       661548     40960.00
        0.62     0.999977       661548     43690.67
        0.63     0.999979       661552     46811.43
        0.63     0.999980       661552     50412.31
        0.63     0.999982       661552     54613.33
        0.63     0.999983       661552     59578.18
        0.65     0.999985       661554     65536.00
        0.65     0.999986       661554     68985.26
        0.65     0.999986       661554     72817.78
        0.66     0.999987       661555     77101.18
        0.66     0.999988       661555     81920.00
        0.67     0.999989       661557     87381.33
        0.67     0.999989       661557     93622.86
        0.67     0.999990       661557    100824.62
        0.67     0.999991       661557    109226.67
        0.72     0.999992       661558    119156.36
        0.72     0.999992       661558    131072.00
        0.73     0.999993       661560    137970.53
        0.73     0.999993       661560    145635.56
        0.73     0.999994       661560    154202.35
        0.73     0.999994       661560    163840.00
        0.73     0.999994       661560    174762.67
        0.73     0.999995       661560    187245.71
        0.73     0.999995       661560    201649.23
        0.73     0.999995       661560    218453.33
        0.73     0.999996       661561    238312.73
        0.73     0.999996       661561    262144.00
        0.73     0.999996       661561    275941.05
        0.73     0.999997       661561    291271.11
        0.73     0.999997       661561    308404.71
        0.73     0.999997       661561    327680.00
        0.76     0.999997       661562    349525.33
        0.76     0.999997       661562    374491.43
        0.76     0.999998       661562    403298.46
        0.76     0.999998       661562    436906.67
        0.76     0.999998       661562    476625.45
        0.76     0.999998       661562    524288.00
        0.76     0.999998       661562    551882.11
        0.76     0.999998       661562    582542.22
        0.76     0.999998       661562    616809.41
        0.76     0.999998       661562    655360.00
        0.85     0.999999       661563    699050.67
        0.85     1.000000       661563          inf
#[Mean    =        0.363, StdDeviation   =        0.083]
#[Max     =        0.847, Total count    =       661563]
#[Buckets =           20, SubBuckets     =          256]
