       Value   Percentile   TotalCount 1/(1-Percentile)

        0.20     0.000000            1         1.00
        0.32     0.050000        39551         1.05
        0.33     0.100000        53826         1.11
        0.38     0.150000        77795         1.18
        0.40     0.200000       114753         1.25
        0.41     0.250000       133420         1.33
        0.41     0.300000       152366         1.43
        0.43     0.350000       189540         1.54
        0.44     0.400000       202798         1.67
        0.46     0.450000       236395         1.82
        0.47     0.500000       256144         2.00
        0.48     0.525000       280525         2.11
        0.48     0.550000       280525         2.22
        0.49     0.575000       307450         2.35
        0.49     0.600000       307450         2.50
        0.49     0.625000       335041         2.67
        0.49     0.650000       335041         2.86
        0.50     0.675000       362185         3.08
        0.50     0.700000       362185         3.33
        0.51     0.725000       386074         3.64
        0.51     0.750000       386074         4.00
        0.51     0.762500       386074         4.21
        0.52     0.775000       403737         4.44
        0.52     0.787500       403737         4.71
        0.53     0.800000       414400         5.00
        0.53     0.812500       414400         5.33
        0.54     0.825000       420427         5.71
        0.54     0.837500       423971         6.15
        0.57     0.850000       430970         6.67
        0.65     0.862500       437939         7.27
        0.66     0.875000       449306         8.00
        0.66     0.881250       449306         8.42
        0.66     0.887500       449306         8.89
        0.67     0.893750       458859         9.41
        0.67     0.900000       458859        10.00
        0.67     0.906250       458859        10.67
        0.68     0.912500       469797        11.43
        0.68     0.918750       469797        12.31
        0.68     0.925000       469797        13.33
        0.69     0.931250       479941        14.55
        0.69     0.937500       479941        16.00
        0.69     0.940625       479941        16.84
        0.69     0.943750       479941        17.78
        0.69     0.946875       479941        18.82
        0.69     0.950000       488142        20.00
        0.69     0.953125       488142        21.33
        0.69     0.956250       488142        22.86
        0.69     0.959375       488142        24.62
        0.69     0.962500       488142        26.67
        0.70     0.965625       493907        29.09
        0.70     0.968750       493907        32.00
        0.70     0.970313       493907        33.68
        0.70     0.971875       493907        35.56
        0.70     0.973437       493907        37.65
        0.70     0.975000       493907        40.00
        0.71     0.976562       497549        42.67
        0.71     0.978125       497549        45.71
        0.71     0.979688       497549        49.23
        0.71     0.981250       497549        53.33
        0.71     0.982812       497549        58.18
        0.72     0.984375       499655        64.00
        0.72     0.985156       499655        67.37
        0.72     0.985938       499655        71.11
        0.72     0.986719       499655        75.29
        0.73     0.987500       501036        80.00
        0.73     0.988281       501036        85.33
        0.73     0.989062       501036        91.43
        0.73     0.989844       501036        98.46
        0.73     0.990625       501920       106.67
        0.73     0.991406       501920       116.36
        0.74     0.992188       502603       128.00
        0.74     0.992578       502603       134.74
        0.74     0.992969       502603       142.22
        0.75     0.993359       503178       150.59
        0.75     0.993750       503178       160.00
        0.76     0.994141       503680       170.67
        0.76     0.994531       503680       182.86
        0.76     0.994922       503680       196.92
        0.77     0.995313       504084       213.33
        0.77     0.995703       504084       232.73
        0.78     0.996094       504422       256.00
        0.78     0.996289       504422       269.47
        0.78     0.996484       504422       284.44
        0.78     0.996680       504788       301.18
        0.78     0.996875       504788       320.00
        0.78     0.997070       504788       341.33
        0.78     0.997266       504788       365.71
        0.79     0.997461       505072       393.85
        0.79     0.997656       505072       426.67
        0.79     0.997852       505072       465.45
        0.80     0.998047       505300       512.00
        0.80     0.998145       505300       538.95
        0.80     0.998242       505300       568.89
        0.81     0.998340       505497       602.35
        0.81     0.998437       505497       640.00
        0.81     0.998535       505497       682.67
        0.81     0.998633       505497       731.43
        0.81     0.998730       505647       787.69
        0.81     0.998828       505647       853.33
        0.81     0.998926       505647       930.91
        0.82     0.999023       505775      1024.00
        0.82     0.999072       505775      1077.89
        0.82     0.999121       505775      1137.78
        0.82     0.999170       505775      1204.71
        0.82     0.999219       505775      1280.00
        0.83     0.999268       505866      1365.33
        0.83     0.999316       505866      1462.86
        0.83     0.999365       505866      1575.38
        0.83     0.999414       505866      1706.67
        0.84     0.999463       505932      1861.82
        0.84     0.999512       505932      2048.00
        0.84     0.999536       505932      2155.79
        0.84     0.999561       505932      2275.56
        0.85     0.999585       505968      2409.41
        0.85     0.999609       505968      2560.00
        0.85     0.999634       505968      2730.67
        0.85     0.999658       505988      2925.71
        0.86     0.999683       506008      3150.77
        0.86     0.999707       506008      3413.33
        0.87     0.999731       506016      3723.64
        0.88     0.999756       506030      4096.00
        0.89     0.999768       506037      4311.58
        0.90     0.999780       506041      4551.11
        0.90     0.999792       506046      4818.82
        0.92     0.999805       506053      5120.00
        0.93     0.999817       506059      5461.33
        0.94     0.999829       506063      5851.43
        0.95     0.999841       506072      6301.54
        0.98     0.999854       506078      6826.67
        1.01     0.999866       506082      7447.27
        1.22     0.999878       506088      8192.00
        1.52     0.999884       506091      8623.16
        1.63     0.999890       506094      9102.22
        1.80     0.999896       506097      9637.65
        1.96     0.999902       506100     10240.00
        2.62     0.999908       506104     10922.67
        2.67     0.999915       506108     11702.86
        2.69     0.999921       506109     12603.08
        2.72     0.999927       506113     13653.33
        2.77     0.999933       506117     14894.55
        2.86     0.999939       506121     16384.00
        2.86     0.999942       506121     17246.32
        2.88     0.999945       506122     18204.44
        2.90     0.999948       506123     19275.29
        3.02     0.999951       506125     20480.00
        3.17     0.999954       506126     21845.33
        3.18     0.999957       506128     23405.71
        3.20     0.999960       506129     25206.15
        3.29     0.999963       506131     27306.67
        3.39     0.999966       506133     29789.09
        3.41     0.999969       506134     32768.00
        3.44     0.999971       506135     34492.63
        3.63     0.999973       506136     36408.89
        3.63     0.999974       506136     38550.59
        3.68     0.999976       506137     40960.00
        4.08     0.999977       506138     43690.67
        4.09     0.999979       506139     46811.43
        4.09     0.999980       506139     50412.31
        4.16     0.999982       506142     54613.33
        4.16     0.999983       506142     59578.18
        4.16     0.999985       506142     65536.00
        4.16     0.999986       506142     68985.26
        4.25     0.999986       506145     72817.78
        4.25     0.999987       506145     77101.18
        4.25     0.999988       506145     81920.00
        4.25     0.999989       506145     87381.33
        4.25     0.999989       506145     93622.86
        4.25     0.999990       506145    100824.62
        4.25     0.999991       506145    109226.67
        4.25     0.999992       506145    119156.36
        4.32     0.999992       506147    131072.00
        4.32     0.999993       506147    137970.53
        4.32     0.999993       506147    145635.56
        4.32     0.999994       506147    154202.35
        4.32     0.999994       506147    163840.00
        4.32     0.999994       506147    174762.67
        4.32     0.999995       506147    187245.71
        4.32     0.999995       506147    201649.23
        4.32     0.999995       506147    218453.33
        4.32     0.999996       506147    238312.73
        4.45     0.999996       506148    262144.00
        4.45     0.999996       506148    275941.05
        4.45     0.999997       506148    291271.11
        4.45     0.999997       506148    308404.71
        4.45     0.999997       506148    327680.00
        4.45     0.999997       506148    349525.33
        4.45     0.999997       506148    374491.43
        4.45     0.999998       506148    403298.46
        4.45     0.999998       506148    436906.67
        4.45     0.999998       506148    476625.45
        4.48     0.999998       506149    524288.00
        4.48     1.000000       506149          inf
#[Mean    =        0.474, StdDeviation   =        0.112]
#[Max     =        4.479, Total count    =       506149]
#[Buckets =           20, SubBuckets     =          256]
