       Value   Percentile   TotalCount 1/(1-Percentile)

        0.11     0.000000           30         1.00
        0.26     0.050000       790160         1.05
        0.34     0.100000      1614150         1.11
        0.83     0.150000      2369270         1.18
        0.95     0.200000      3170430         1.25
        1.03     0.250000      3956400         1.33
        1.07     0.300000      4727690         1.43
        1.10     0.350000      5712050         1.54
        1.12     0.400000      6320440         1.67
        1.14     0.450000      7400730         1.82
        1.16     0.500000      8231800         2.00
        1.17     0.525000      8658430         2.11
        1.17     0.550000      8658430         2.22
        1.18     0.575000      9060280         2.35
        1.18     0.600000      9434980         2.50
        1.20     0.625000     10095170         2.67
        1.21     0.650000     10373530         2.86
        1.22     0.675000     10626610         3.08
        1.23     0.700000     11069640         3.33
        1.25     0.725000     11442680         3.64
        1.27     0.750000     11886570         4.00
        1.28     0.762500     12002120         4.21
        1.29     0.775000     12198400         4.44
        1.32     0.787500     12418760         4.71
        1.34     0.800000     12587140         5.00
        1.38     0.812500     12792520         5.33
        1.40     0.825000     12950820         5.71
        1.43     0.837500     13158860         6.15
        1.46     0.850000     13352350         6.67
        1.50     0.862500     13541200         7.27
        1.53     0.875000     13742720         8.00
        1.54     0.881250     13842470         8.42
        1.56     0.887500     13943150         8.89
        1.57     0.893750     14040150         9.41
        1.59     0.900000     14131000        10.00
        1.61     0.906250     14221320        10.67
        1.63     0.912500     14352040        11.43
        1.65     0.918750     14436000        12.31
        1.66     0.925000     14520920        13.33
        1.69     0.931250     14642940        14.55
        1.70     0.937500     14720920        16.00
        1.72     0.940625     14794630        16.84
        1.73     0.943750     14831030        17.78
        1.74     0.946875     14866620        18.82
        1.75     0.950000     14934120        20.00
        1.76     0.953125     14966380        21.33
        1.77     0.956250     15026630        22.86
        1.78     0.959375     15054880        24.62
        1.80     0.962500     15106290        26.67
        1.81     0.965625     15154320        29.09
        1.83     0.968750     15199760        32.00
        1.85     0.970313     15238450        33.68
        1.85     0.971875     15255300        35.56
        1.87     0.973437     15285800        37.65
        1.88     0.975000     15298930        40.00
        1.90     0.976562     15331760        42.67
        1.92     0.978125     15349800        45.71
        1.95     0.979688     15374730        49.23
        2.00     0.981250     15397840        53.33
        2.08     0.982812     15420670        58.18
        2.21     0.984375     15445250        64.00
        2.29     0.985156     15457460        67.37
        2.37     0.985938     15470470        71.11
        2.43     0.986719     15481750        75.29
        2.51     0.987500     15494770        80.00
        2.64     0.988281     15507150        85.33
        2.83     0.989062     15518760        91.43
        3.13     0.989844     15531030        98.46
        3.69     0.990625     15543050       106.67
        4.45     0.991406     15555170       116.36
        5.41     0.992188     15567590       128.00
        5.89     0.992578     15573630       134.74
        6.43     0.992969     15579870       142.22
        6.88     0.993359     15585940       150.59
        7.36     0.993750     15592230       160.00
        7.78     0.994141     15598200       170.67
        8.26     0.994531     15604230       182.86
        8.77     0.994922     15610400       196.92
        9.41     0.995313     15616530       213.33
       10.11     0.995703     15622680       232.73
       11.26     0.996094     15628700       256.00
       12.29     0.996289     15631930       269.47
       13.31     0.996484     15634810       284.44
       14.78     0.996680     15638030       301.18
       16.13     0.996875     15641010       320.00
       16.51     0.997070     15644320       341.33
       16.89     0.997266     15647570       365.71
       17.79     0.997461     15650680       393.85
       19.07     0.997656     15653210       426.67
       20.35     0.997852     15656290       465.45
       20.86     0.998047     15660670       512.00
       20.99     0.998145     15661150       538.95
       21.89     0.998242     15662640       568.89
       22.53     0.998340     15663900       602.35
       23.55     0.998437     15665480       640.00
       24.32     0.998535     15671900       682.67
       24.32     0.998633     15671900       731.43
       24.32     0.998730     15671900       787.69
       24.32     0.998828     15671900       853.33
       24.45     0.998926     15676480       930.91
       24.45     0.999023     15676480      1024.00
       24.45     0.999072     15676480      1077.89
       24.45     0.999121     15676480      1137.78
       24.57     0.999170     15676900      1204.71
       24.83     0.999219     15678700      1280.00
       24.83     0.999268     15678700      1365.33
       25.09     0.999316     15679520      1462.86
       25.34     0.999365     15679970      1575.38
       25.86     0.999414     15680960      1706.67
       27.14     0.999463     15681540      1861.82
       28.29     0.999512     15683140      2048.00
       28.29     0.999536     15683140      2155.79
       28.29     0.999561     15683140      2275.56
       28.41     0.999585     15684600      2409.41
       28.41     0.999609     15684600      2560.00
       28.41     0.999634     15684600      2730.67
       28.41     0.999658     15684600      2925.71
       28.54     0.999683     15684960      3150.77
       28.80     0.999707     15685540      3413.33
       28.93     0.999731     15685760      3723.64
       29.70     0.999756     15686260      4096.00
       29.82     0.999768     15686360      4311.58
       30.08     0.999780     15686550      4551.11
       30.34     0.999792     15686680      4818.82
       32.26     0.999805     15687100      5120.00
       32.26     0.999817     15687100      5461.33
       32.38     0.999829     15687840      5851.43
       32.38     0.999841     15687840      6301.54
       32.38     0.999854     15687840      6826.67
       32.38     0.999866     15687840      7447.27
       32.51     0.999878     15688090      8192.00
       32.64     0.999884     15688170      8623.16
       32.77     0.999890     15688290      9102.22
       33.02     0.999896     15688570      9637.65
       33.02     0.999902     15688570     10240.00
       33.02     0.999908     15688570     10922.67
       33.28     0.999915     15688640     11702.86
       33.53     0.999921     15688810     12603.08
       33.53     0.999927     15688810     13653.33
       33.79     0.999933     15688880     14894.55
       36.35     0.999939     15689180     16384.00
       36.35     0.999942     15689180     17246.32
       36.35     0.999945     15689180     18204.44
       36.35     0.999948     15689180     19275.29
       36.35     0.999951     15689180     20480.00
       36.61     0.999954     15689340     21845.33
       36.61     0.999957     15689340     23405.71
       36.61     0.999960     15689340     25206.15
       36.86     0.999963     15689360     27306.67
       37.38     0.999966     15689430     29789.09
       37.63     0.999969     15689520     32768.00
       37.63     0.999971     15689520     34492.63
       37.63     0.999973     15689520     36408.89
       37.63     0.999974     15689520     38550.59
       40.19     0.999976     15689590     40960.00
       40.19     0.999977     15689590     43690.67
       40.19     0.999979     15689590     46811.43
       40.45     0.999980     15689840     50412.31
       40.45     0.999982     15689840     54613.33
       40.45     0.999983     15689840     59578.18
       40.45     0.999985     15689840     65536.00
       40.45     0.999986     15689840     68985.26
       40.45     0.999986     15689840     72817.78
       40.45     0.999987     15689840     77101.18
       40.45     0.999988     15689840     81920.00
       40.45     0.999989     15689840     87381.33
       40.45     0.999989     15689840     93622.86
       40.45     0.999990     15689840    100824.62
       40.45     0.999991     15689840    109226.67
       40.45     0.999992     15689840    119156.36
       40.45     0.999992     15689840    131072.00
       40.45     0.999993     15689840    137970.53
       40.45     0.999993     15689840    145635.56
       40.45     0.999994     15689840    154202.35
       40.45     0.999994     15689840    163840.00
       40.45     0.999994     15689840    174762.67
       40.45     0.999995     15689840    187245.71
       40.70     0.999995     15689850    201649.23
       40.70     0.999995     15689850    218453.33
       44.29     0.999996     15689880    238312.73
       44.29     0.999996     15689880    262144.00
       44.29     0.999996     15689880    275941.05
       44.29     0.999997     15689880    291271.11
       44.29     0.999997     15689880    308404.71
       44.29     0.999997     15689880    327680.00
       44.29     0.999997     15689880    349525.33
       44.29     0.999997     15689880    374491.43
       44.54     0.999998     15689920    403298.46
       44.54     1.000000     15689920          inf
#[Mean    =        1.218, StdDeviation   =        1.424]
#[Max     =       44.543, Total count    =     15689920]
#[Buckets =           20, SubBuckets     =          256]
