       Value   Percentile   TotalCount 1/(1-Percentile)

        0.17     0.000000            1         1.00
        0.41     0.050000        25145         1.05
        0.44     0.100000        41399         1.11
        0.48     0.150000        59517         1.18
        0.51     0.200000        82573         1.25
        0.53     0.250000       104493         1.33
        0.54     0.300000       129616         1.43
        0.55     0.350000       141256         1.54
        0.57     0.400000       159782         1.67
        0.59     0.450000       180667         1.82
        0.61     0.500000       197757         2.00
        0.61     0.525000       208581         2.11
        0.62     0.550000       220471         2.22
        0.63     0.575000       233182         2.35
        0.64     0.600000       246270         2.50
        0.64     0.625000       246270         2.67
        0.65     0.650000       259638         2.86
        0.66     0.675000       272521         3.08
        0.66     0.700000       284500         3.33
        0.66     0.725000       284500         3.64
        0.67     0.750000       295132         4.00
        0.68     0.762500       304177         4.21
        0.68     0.775000       304177         4.44
        0.69     0.787500       311473         4.71
        0.69     0.800000       317323         5.00
        0.70     0.812500       321802         5.33
        0.71     0.825000       325200         5.71
        0.73     0.837500       329839         6.15
        0.75     0.850000       333908         6.67
        0.79     0.862500       338433         7.27
        0.81     0.875000       343320         8.00
        0.82     0.881250       345916         8.42
        0.83     0.887500       349074         8.89
        0.84     0.893750       352728         9.41
        0.84     0.900000       352728        10.00
        0.85     0.906250       356830        10.67
        0.85     0.912500       361229        11.43
        0.85     0.918750       361229        12.31
        0.86     0.925000       365797        13.33
        0.86     0.931250       365797        14.55
        0.87     0.937500       370278        16.00
        0.87     0.940625       370278        16.84
        0.87     0.943750       370278        17.78
        0.88     0.946875       374444        18.82
        0.88     0.950000       374444        20.00
        0.88     0.953125       374444        21.33
        0.89     0.956250       378225        22.86
        0.89     0.959375       378225        24.62
        0.89     0.962500       378225        26.67
        0.89     0.965625       378225        29.09
        0.90     0.968750       381336        32.00
        0.90     0.970313       381336        33.68
        0.90     0.971875       381336        35.56
        0.90     0.973437       381336        37.65
        0.90     0.975000       383710        40.00
        0.90     0.976562       383710        42.67
        0.90     0.978125       383710        45.71
        0.90     0.979688       383710        49.23
        0.91     0.981250       385571        53.33
        0.91     0.982812       385571        58.18
        0.91     0.984375       385571        64.00
        0.92     0.985156       387012        67.37
        0.92     0.985938       387012        71.11
        0.92     0.986719       387012        75.29
        0.92     0.987500       387012        80.00
        0.92     0.988281       387012        85.33
        0.93     0.989062       388062        91.43
        0.93     0.989844       388062        98.46
        0.93     0.990625       388062       106.67
        0.94     0.991406       388783       116.36
        0.94     0.992188       388783       128.00
        0.94     0.992578       388783       134.74
        0.94     0.992969       389310       142.22
        0.94     0.993359       389310       150.59
        0.94     0.993750       389310       160.00
        0.94     0.994141       389310       170.67
        0.95     0.994531       389660       182.86
        0.95     0.994922       389660       196.92
        0.96     0.995313       389976       213.33
        0.96     0.995703       389976       232.73
        0.97     0.996094       390206       256.00
        0.97     0.996289       390206       269.47
        0.97     0.996484       390386       284.44
        0.97     0.996680       390386       301.18
        0.97     0.996875       390386       320.00
        0.98     0.997070       390550       341.33
        0.98     0.997266       390550       365.71
        0.99     0.997461       390692       393.85
        0.99     0.997656       390692       426.67
        1.00     0.997852       390814       465.45
        1.01     0.998047       390927       512.00
        1.01     0.998145       390927       538.95
        1.01     0.998242       390927       568.89
        1.01     0.998340       391042       602.35
        1.01     0.998437       391042       640.00
        1.01     0.998535       391042       682.67
        1.02     0.998633       391127       731.43
        1.02     0.998730       391127       787.69
        1.03     0.998828       391201       853.33
        1.03     0.998926       391201       930.91
        1.04     0.999023       391274      1024.00
        1.04     0.999072       391274      1077.89
        1.04     0.999121       391274      1137.78
        1.04     0.999170       391274      1204.71
        1.05     0.999219       391333      1280.00
        1.05     0.999268       391333      1365.33
        1.05     0.999316       391333      1462.86
        1.05     0.999365       391383      1575.38
        1.05     0.999414       391383      1706.67
        1.05     0.999463       391383      1861.82
        1.06     0.999512       391413      2048.00
        1.06     0.999536       391413      2155.79
        1.07     0.999561       391436      2275.56
        1.07     0.999585       391436      2409.41
        1.07     0.999609       391436      2560.00
        1.08     0.999634       391459      2730.67
        1.08     0.999658       391459      2925.71
        1.09     0.999683       391472      3150.77
        1.09     0.999707       391481      3413.33
        1.10     0.999731       391486      3723.64
        1.11     0.999756       391496      4096.00
        1.12     0.999768       391502      4311.58
        1.12     0.999780       391502      4551.11
        1.13     0.999792       391508      4818.82
        1.14     0.999805       391512      5120.00
        1.17     0.999817       391517      5461.33
        1.24     0.999829       391523      5851.43
        1.28     0.999841       391526      6301.54
        1.48     0.999854       391531      6826.67
        2.33     0.999866       391536      7447.27
        3.47     0.999878       391541      8192.00
        3.60     0.999884       391543      8623.16
        3.66     0.999890       391545      9102.22
        3.74     0.999896       391549      9637.65
        3.76     0.999902       391551     10240.00
        3.77     0.999908       391553     10922.67
        3.82     0.999915       391555     11702.86
        3.84     0.999921       391557     12603.08
        3.94     0.999927       391560     13653.33
        4.08     0.999933       391562     14894.55
        4.38     0.999939       391565     16384.00
        4.42     0.999942       391567     17246.32
        4.42     0.999945       391567     18204.44
        4.58     0.999948       391570     19275.29
        4.58     0.999951       391570     20480.00
        4.61     0.999954       391571     21845.33
        4.64     0.999957       391573     23405.71
        4.64     0.999960       391573     25206.15
        4.80     0.999963       391574     27306.67
        4.83     0.999966       391576     29789.09
        6.30     0.999969       391578     32768.00
        6.30     0.999971       391578     34492.63
        6.30     0.999973       391578     36408.89
        6.30     0.999974       391578     38550.59
        6.50     0.999976       391579     40960.00
        6.56     0.999977       391580     43690.67
        6.56     0.999979       391580     46811.43
        6.59     0.999980       391582     50412.31
        6.59     0.999982       391582     54613.33
        6.59     0.999983       391582     59578.18
        6.62     0.999985       391583     65536.00
        6.62     0.999986       391583     68985.26
        6.62     0.999986       391583     72817.78
        6.62     0.999987       391583     77101.18
        6.75     0.999988       391584     81920.00
        6.75     0.999989       391584     87381.33
        6.75     0.999989       391584     93622.86
        6.78     0.999990       391586    100824.62
        6.78     0.999991       391586    109226.67
        6.78     0.999992       391586    119156.36
        6.78     0.999992       391586    131072.00
        6.78     0.999993       391586    137970.53
        6.78     0.999993       391586    145635.56
        6.78     0.999994       391586    154202.35
        6.78     0.999994       391586    163840.00
        6.78     0.999994       391586    174762.67
        6.78     0.999995       391586    187245.71
        6.94     0.999995       391587    201649.23
        6.94     0.999995       391587    218453.33
        6.94     0.999996       391587    238312.73
        6.94     0.999996       391587    262144.00
        6.94     0.999996       391587    275941.05
        6.94     0.999997       391587    291271.11
        6.94     0.999997       391587    308404.71
        6.94     0.999997       391587    327680.00
        6.94     0.999997       391587    349525.33
        6.94     0.999997       391587    374491.43
        7.04     0.999998       391588    403298.46
        7.04     1.000000       391588          inf
#[Mean    =        0.612, StdDeviation   =        0.142]
#[Max     =        7.039, Total count    =       391588]
#[Buckets =           20, SubBuckets     =          256]
