       Value   Percentile   TotalCount 1/(1-Percentile)

        0.12     0.000000           45         1.00
        0.26     0.050000       435930         1.05
        0.29     0.100000       805100         1.11
        0.37     0.150000      1161470         1.18
        0.88     0.200000      1557730         1.25
        1.01     0.250000      1941675         1.33
        1.07     0.300000      2350860         1.43
        1.11     0.350000      2782190         1.54
        1.14     0.400000      3169245         1.67
        1.15     0.450000      3520925         1.82
        1.17     0.500000      3915875         2.00
        1.18     0.525000      4112900         2.11
        1.18     0.550000      4299030         2.22
        1.19     0.575000      4475050         2.35
        1.20     0.600000      4638230         2.50
        1.22     0.625000      4934615         2.67
        1.22     0.650000      5068790         2.86
        1.24     0.675000      5315145         3.08
        1.25     0.700000      5425255         3.33
        1.26     0.725000      5618860         3.64
        1.29     0.750000      5852920         4.00
        1.29     0.762500      5913505         4.21
        1.31     0.775000      6014465         4.44
        1.33     0.787500      6091590         4.71
        1.35     0.800000      6176895         5.00
        1.39     0.812500      6286420         5.33
        1.42     0.825000      6368940         5.71
        1.46     0.837500      6469660         6.15
        1.50     0.850000      6568530         6.67
        1.54     0.862500      6672495         7.27
        1.57     0.875000      6756260         8.00
        1.60     0.881250      6817445         8.42
        1.61     0.887500      6857420         8.89
        1.63     0.893750      6898685         9.41
        1.66     0.900000      6960150        10.00
        1.67     0.906250      7002330        10.67
        1.69     0.912500      7044270        11.43
        1.71     0.918750      7108140        12.31
        1.73     0.925000      7149010        13.33
        1.74     0.931250      7190730        14.55
        1.77     0.937500      7250770        16.00
        1.77     0.940625      7270415        16.84
        1.78     0.943750      7288895        17.78
        1.79     0.946875      7307495        18.82
        1.81     0.950000      7341330        20.00
        1.81     0.953125      7357945        21.33
        1.83     0.956250      7387910        22.86
        1.85     0.959375      7414785        24.62
        1.85     0.962500      7426910        26.67
        1.88     0.965625      7459965        29.09
        1.90     0.968750      7478235        32.00
        1.91     0.970313      7493880        33.68
        1.92     0.971875      7500300        35.56
        1.94     0.973437      7511935        37.65
        1.96     0.975000      7525315        40.00
        1.98     0.976562      7535155        42.67
        2.03     0.978125      7548940        45.71
        2.08     0.979688      7559165        49.23
        2.16     0.981250      7572315        53.33
        2.27     0.982812      7584645        58.18
        2.45     0.984375      7595930        64.00
        2.59     0.985156      7601925        67.37
        2.73     0.985938      7608095        71.11
        2.90     0.986719      7613545        75.29
        3.15     0.987500      7619600        80.00
        3.52     0.988281      7625545        85.33
        3.95     0.989062      7631595        91.43
        4.74     0.989844      7637640        98.46
        5.73     0.990625      7643685       106.67
        6.66     0.991406      7649705       116.36
        7.42     0.992188      7655630       128.00
        7.78     0.992578      7658780       134.74
        8.16     0.992969      7661645       142.22
        8.51     0.993359      7664970       150.59
        8.96     0.993750      7667960       160.00
        9.60     0.994141      7670705       170.67
       10.30     0.994531      7673910       182.86
       11.84     0.994922      7676690       196.92
       13.89     0.995313      7679850       213.33
       16.25     0.995703      7682815       232.73
       16.89     0.996094      7686035       256.00
       17.54     0.996289      7687245       269.47
       19.33     0.996484      7688820       284.44
       20.35     0.996680      7691135       301.18
       20.48     0.996875      7691935       320.00
       20.86     0.997070      7693475       341.33
       22.02     0.997266      7694855       365.71
       24.19     0.997461      7696945       393.85
       24.32     0.997656      7702525       426.67
       24.32     0.997852      7702525       465.45
       24.32     0.998047      7702525       512.00
       24.32     0.998145      7702525       538.95
       24.32     0.998242      7702525       568.89
       24.45     0.998340      7707810       602.35
       24.45     0.998437      7707810       640.00
       24.45     0.998535      7707810       682.67
       24.45     0.998633      7707810       731.43
       24.45     0.998730      7707810       787.69
       24.45     0.998828      7707810       853.33
       24.45     0.998926      7707810       930.91
       24.83     0.999023      7708795      1024.00
       24.83     0.999072      7708795      1077.89
       25.09     0.999121      7709205      1137.78
       25.34     0.999170      7709520      1204.71
       26.11     0.999219      7709875      1280.00
       27.14     0.999268      7710250      1365.33
       28.16     0.999316      7710685      1462.86
       28.29     0.999365      7711700      1575.38
       28.29     0.999414      7711700      1706.67
       28.41     0.999463      7713125      1861.82
       28.41     0.999512      7713125      2048.00
       28.41     0.999536      7713125      2155.79
       28.41     0.999561      7713125      2275.56
       28.41     0.999585      7713125      2409.41
       28.41     0.999609      7713125      2560.00
       28.41     0.999634      7713125      2730.67
       28.54     0.999658      7713395      2925.71
       28.67     0.999683      7713440      3150.77
       29.05     0.999707      7713625      3413.33
       29.44     0.999731      7713815      3723.64
       30.21     0.999756      7713990      4096.00
       31.49     0.999768      7714085      4311.58
       32.26     0.999780      7714280      4551.11
       32.26     0.999792      7714280      4818.82
       32.38     0.999805      7714820      5120.00
       32.38     0.999817      7714820      5461.33
       32.38     0.999829      7714820      5851.43
       32.38     0.999841      7714820      6301.54
       32.38     0.999854      7714820      6826.67
       32.51     0.999866      7714935      7447.27
       32.51     0.999878      7714935      8192.00
       32.64     0.999884      7714985      8623.16
       32.77     0.999890      7715055      9102.22
       33.02     0.999896      7715105      9637.65
       36.35     0.999902      7715425     10240.00
       36.35     0.999908      7715425     10922.67
       36.35     0.999915      7715425     11702.86
       36.35     0.999921      7715425     12603.08
       36.35     0.999927      7715425     13653.33
       36.35     0.999933      7715425     14894.55
       36.35     0.999939      7715425     16384.00
       36.35     0.999942      7715425     17246.32
       36.61     0.999945      7715560     18204.44
       36.61     0.999948      7715560     19275.29
       36.61     0.999951      7715560     20480.00
       36.61     0.999954      7715560     21845.33
       36.61     0.999957      7715560     23405.71
       36.86     0.999960      7715570     25206.15
       37.12     0.999963      7715615     27306.67
       37.12     0.999966      7715615     29789.09
       40.19     0.999969      7715650     32768.00
       40.19     0.999971      7715650     34492.63
       40.45     0.999973      7715825     36408.89
       40.45     0.999974      7715825     38550.59
       40.45     0.999976      7715825     40960.00
       40.45     0.999977      7715825     43690.67
       40.45     0.999979      7715825     46811.43
       40.45     0.999980      7715825     50412.31
       40.45     0.999982      7715825     54613.33
       40.45     0.999983      7715825     59578.18
       40.45     0.999985      7715825     65536.00
       40.45     0.999986      7715825     68985.26
       40.45     0.999986      7715825     72817.78
       40.45     0.999987      7715825     77101.18
       40.45     0.999988      7715825     81920.00
       40.45     0.999989      7715825     87381.33
       40.45     0.999989      7715825     93622.86
       40.45     0.999990      7715825    100824.62
       40.45     0.999991      7715825    109226.67
       40.45     0.999992      7715825    119156.36
       40.45     0.999992      7715825    131072.00
       40.45     0.999993      7715825    137970.53
       40.45     0.999993      7715825    145635.56
       40.45     0.999994      7715825    154202.35
       40.45     0.999994      7715825    163840.00
       40.70     0.999994      7715830    174762.67
       40.70     0.999995      7715830    187245.71
       48.38     0.999995      7715855    201649.23
       48.38     0.999995      7715855    218453.33
       48.38     0.999996      7715855    238312.73
       48.38     0.999996      7715855    262144.00
       48.38     0.999996      7715855    275941.05
       48.38     0.999997      7715855    291271.11
       48.38     0.999997      7715855    308404.71
       48.38     0.999997      7715855    327680.00
       48.38     0.999997      7715855    349525.33
       48.38     0.999997      7715855    374491.43
       48.38     0.999998      7715855    403298.46
       48.38     0.999998      7715855    436906.67
       48.38     0.999998      7715855    476625.45
       48.64     0.999998      7715870    524288.00
       48.64     1.000000      7715870          inf
#[Mean    =        1.238, StdDeviation   =        1.664]
#[Max     =       48.639, Total count    =      7715870]
#[Buckets =           20, SubBuckets     =          256]
