       Value   Percentile   TotalCount 1/(1-Percentile)

        0.03     0.000000            2         1.00
        0.05     0.050000       231779         1.05
        0.06     0.100000       701723         1.11
        0.06     0.150000       701723         1.18
        0.06     0.200000       701723         1.25
        0.06     0.250000       701723         1.33
        0.06     0.300000      1450503         1.43
        0.06     0.350000      1450503         1.54
        0.06     0.400000      1450503         1.67
        0.06     0.450000      1450503         1.82
        0.06     0.500000      1450503         2.00
        0.07     0.525000      1889123         2.11
        0.07     0.550000      1889123         2.22
        0.07     0.575000      1889123         2.35
        0.07     0.600000      1889123         2.50
        0.07     0.625000      1889123         2.67
        0.07     0.650000      1889123         2.86
        0.07     0.675000      1889123         3.08
        0.08     0.700000      2268331         3.33
        0.08     0.725000      2268331         3.64
        0.08     0.750000      2268331         4.00
        0.08     0.762500      2268331         4.21
        0.08     0.775000      2268331         4.44
        0.08     0.787500      2268331         4.71
        0.08     0.800000      2268331         5.00
        0.08     0.812500      2268331         5.33
        0.09     0.825000      2488767         5.71
        0.09     0.837500      2488767         6.15
        0.09     0.850000      2488767         6.67
        0.09     0.862500      2488767         7.27
        0.09     0.875000      2488767         8.00
        0.09     0.881250      2488767         8.42
        0.09     0.887500      2488767         8.89
        0.09     0.893750      2488767         9.41
        0.10     0.900000      2624913        10.00
        0.10     0.906250      2624913        10.67
        0.10     0.912500      2624913        11.43
        0.10     0.918750      2624913        12.31
        0.10     0.925000      2624913        13.33
        0.10     0.931250      2624913        14.55
        0.10     0.937500      2624913        16.00
        0.10     0.940625      2624913        16.84
        0.10     0.943750      2624913        17.78
        0.10     0.946875      2690759        18.82
        0.10     0.950000      2690759        20.00
        0.10     0.953125      2690759        21.33
        0.10     0.956250      2690759        22.86
        0.10     0.959375      2690759        24.62
        0.10     0.962500      2690759        26.67
        0.10     0.965625      2690759        29.09
        0.10     0.968750      2690759        32.00
        0.10     0.970313      2690759        33.68
        0.11     0.971875      2719963        35.56
        0.11     0.973437      2719963        37.65
        0.11     0.975000      2719963        40.00
        0.11     0.976562      2719963        42.67
        0.11     0.978125      2719963        45.71
        0.11     0.979688      2719963        49.23
        0.12     0.981250      2733706        53.33
        0.12     0.982812      2733706        58.18
        0.12     0.984375      2733706        64.00
        0.12     0.985156      2733706        67.37
        0.12     0.985938      2733706        71.11
        0.13     0.986719      2741125        75.29
        0.13     0.987500      2741125        80.00
        0.13     0.988281      2741125        85.33
        0.14     0.989062      2744880        91.43
        0.14     0.989844      2744880        98.46
        0.14     0.990625      2746961       106.67
        0.16     0.991406      2749288       116.36
        0.23     0.992188      2750894       128.00
        0.49     0.992578      2752033       134.74
        0.50     0.992969      2754256       142.22
        0.50     0.993359      2754256       150.59
        0.51     0.993750      2756153       160.00
        0.52     0.994141      2758034       170.67
        0.52     0.994531      2758034       182.86
        0.53     0.994922      2759953       196.92
        0.53     0.995313      2759953       213.33
        0.54     0.995703      2761659       232.73
        0.54     0.996094      2763300       256.00
        0.54     0.996289      2763300       269.47
        0.54     0.996484      2763300       284.44
        0.55     0.996680      2764616       301.18
        0.55     0.996875      2764616       320.00
        0.55     0.997070      2764616       341.33
        0.56     0.997266      2765711       365.71
        0.56     0.997461      2765711       393.85
        0.57     0.997656      2766528       426.67
        0.57     0.997852      2767104       465.45
        0.58     0.998047      2767565       512.00
        0.58     0.998145      2767565       538.95
        0.59     0.998242      2767889       568.89
        0.60     0.998340      2768156       602.35
        0.61     0.998437      2768349       640.00
        0.62     0.998535      2768590       682.67
        0.66     0.998633      2768786       731.43
        1.35     0.998730      2769034       787.69
        2.48     0.998828      2769359       853.33
        2.50     0.998926      2769648       930.91
        2.51     0.999023      2770084      1024.00
        2.51     0.999072      2770084      1077.89
        2.53     0.999121      2770611      1137.78
        2.53     0.999170      2770611      1204.71
        2.53     0.999219      2770611      1280.00
        2.53     0.999268      2770611      1365.33
        2.54     0.999316      2771125      1462.86
        2.54     0.999365      2771125      1575.38
        2.54     0.999414      2771125      1706.67
        2.54     0.999463      2771125      1861.82
        2.56     0.999512      2771616      2048.00
        2.56     0.999536      2771616      2155.79
        2.56     0.999561      2771616      2275.56
        2.56     0.999585      2771616      2409.41
        2.56     0.999609      2771616      2560.00
        2.56     0.999634      2771616      2730.67
        2.56     0.999658      2771616      2925.71
        2.58     0.999683      2771926      3150.77
        2.58     0.999707      2771926      3413.33
        2.58     0.999731      2771926      3723.64
        2.58     0.999756      2771926      4096.00
        2.58     0.999768      2771926      4311.58
        2.59     0.999780      2772122      4551.11
        2.59     0.999792      2772122      4818.82
        2.59     0.999805      2772122      5120.00
        2.59     0.999817      2772122      5461.33
        2.59     0.999829      2772122      5851.43
        2.59     0.999841      2772122      6301.54
        2.61     0.999854      2772218      6826.67
        2.61     0.999866      2772218      7447.27
        2.61     0.999878      2772218      8192.00
        2.62     0.999884      2772269      8623.16
        2.62     0.999890      2772269      9102.22
        2.62     0.999896      2772269      9637.65
        2.64     0.999902      2772289     10240.00
        2.65     0.999908      2772307     10922.67
        2.67     0.999915      2772319     11702.86
        2.69     0.999921      2772344     12603.08
        2.70     0.999927      2772353     13653.33
        2.73     0.999933      2772377     14894.55
        2.75     0.999939      2772396     16384.00
        2.75     0.999942      2772396     17246.32
        2.77     0.999945      2772406     18204.44
        2.78     0.999948      2772413     19275.29
        2.80     0.999951      2772422     20480.00
        2.81     0.999954      2772436     21845.33
        2.81     0.999957      2772436     23405.71
        2.83     0.999960      2772450     25206.15
        2.85     0.999963      2772465     27306.67
        2.85     0.999966      2772465     29789.09
        2.86     0.999969      2772479     32768.00
        2.86     0.999971      2772479     34492.63
        2.86     0.999973      2772479     36408.89
        2.88     0.999974      2772486     38550.59
        2.88     0.999976      2772486     40960.00
        2.90     0.999977      2772495     43690.67
        2.90     0.999979      2772495     46811.43
        2.91     0.999980      2772501     50412.31
        2.93     0.999982      2772503     54613.33
        2.94     0.999983      2772508     59578.18
        2.96     0.999985      2772514     65536.00
        2.96     0.999986      2772514     68985.26
        2.98     0.999986      2772518     72817.78
        2.98     0.999987      2772518     77101.18
        2.99     0.999988      2772520     81920.00
        3.01     0.999989      2772524     87381.33
        3.01     0.999989      2772524     93622.86
        3.02     0.999990      2772530    100824.62
        3.02     0.999991      2772530    109226.67
        3.02     0.999992      2772530    119156.36
        3.04     0.999992      2772532    131072.00
        3.06     0.999993      2772533    137970.53
        3.07     0.999993      2772534    145635.56
        3.13     0.999994      2772538    154202.35
        3.13     0.999994      2772538    163840.00
        3.13     0.999994      2772538    174762.67
        3.15     0.999995      2772540    187245.71
        3.15     0.999995      2772540    201649.23
        3.17     0.999995      2772541    218453.33
        3.18     0.999996      2772543    238312.73
        3.18     0.999996      2772543    262144.00
        3.18     0.999996      2772543    275941.05
        3.20     0.999997      2772544    291271.11
        3.21     0.999997      2772545    308404.71
        3.21     0.999997      2772545    327680.00
        3.23     0.999997      2772547    349525.33
        3.23     0.999997      2772547    374491.43
        3.23     0.999998      2772547    403298.46
        3.23     0.999998      2772547    436906.67
        3.25     0.999998      2772548    476625.45
        3.25     0.999998      2772548    524288.00
        3.25     0.999998      2772548    551882.11
        3.29     0.999998      2772549    582542.22
        3.29     0.999998      2772549    616809.41
        3.29     0.999998      2772549    655360.00
        3.31     0.999999      2772550    699050.67
        3.31     0.999999      2772550    748982.86
        3.31     0.999999      2772550    806596.92
        3.31     0.999999      2772550    873813.33
        3.34     0.999999      2772551    953250.91
        3.34     0.999999      2772551   1048576.00
        3.34     0.999999      2772551   1103764.21
        3.34     0.999999      2772551   1165084.44
        3.34     0.999999      2772551   1233618.82
        3.34     0.999999      2772551   1310720.00
        3.47     0.999999      2772552   1398101.33
        3.47     0.999999      2772552   1497965.71
        3.47     0.999999      2772552   1613193.85
        3.47     0.999999      2772552   1747626.67
        3.47     0.999999      2772552   1906501.82
        3.47     1.000000      2772552   2097152.00
        3.47     1.000000      2772552   2207528.42
        3.47     1.000000      2772552   2330168.89
        3.47     1.000000      2772552   2467237.65
        3.47     1.000000      2772552   2621440.00
        3.49     1.000000      2772553   2796202.67
        3.49     1.000000      2772553          inf
#[Mean    =        0.073, StdDeviation   =        0.097]
#[Max     =        3.487, Total count    =      2772553]
#[Buckets =           20, SubBuckets     =          256]
