       Value   Percentile   TotalCount 1/(1-Percentile)

        0.24     0.000000            1         1.00
        0.47     0.050000        20995         1.05
        0.50     0.100000        36382         1.11
        0.54     0.150000        52023         1.18
        0.57     0.200000        68469         1.25
        0.60     0.250000        90463         1.33
        0.61     0.300000       108311         1.43
        0.63     0.350000       124731         1.54
        0.65     0.400000       138067         1.67
        0.67     0.450000       155061         1.82
        0.69     0.500000       174911         2.00
        0.70     0.525000       182591         2.11
        0.71     0.550000       191118         2.22
        0.72     0.575000       200085         2.35
        0.73     0.600000       209199         2.50
        0.73     0.625000       218505         2.67
        0.74     0.650000       227527         2.86
        0.75     0.675000       236149         3.08
        0.76     0.700000       244329         3.33
        0.77     0.725000       251603         3.64
        0.78     0.750000       257969         4.00
        0.78     0.762500       263634         4.21
        0.79     0.775000       268226         4.44
        0.79     0.787500       268226         4.71
        0.81     0.800000       275212         5.00
        0.81     0.812500       277783         5.33
        0.83     0.825000       281693         5.71
        0.85     0.837500       285703         6.15
        0.89     0.850000       289905         6.67
        0.91     0.862500       293618         7.27
        0.94     0.875000       298910         8.00
        0.94     0.881250       301202         8.42
        0.95     0.887500       303844         8.89
        0.96     0.893750       306738         9.41
        0.96     0.900000       306738        10.00
        0.97     0.906250       309804        10.67
        0.97     0.912500       313007        11.43
        0.97     0.918750       313007        12.31
        0.98     0.925000       316351        13.33
        0.99     0.931250       319578        14.55
        0.99     0.937500       319578        16.00
        1.00     0.940625       322606        16.84
        1.00     0.943750       322606        17.78
        1.00     0.946875       322606        18.82
        1.01     0.950000       325311        20.00
        1.01     0.953125       325311        21.33
        1.01     0.956250       327778        22.86
        1.01     0.959375       327778        24.62
        1.01     0.962500       327778        26.67
        1.02     0.965625       329884        29.09
        1.02     0.968750       329884        32.00
        1.03     0.970313       331679        33.68
        1.03     0.971875       331679        35.56
        1.03     0.973437       331679        37.65
        1.04     0.975000       333088        40.00
        1.04     0.976562       333088        42.67
        1.04     0.978125       333088        45.71
        1.05     0.979688       334190        49.23
        1.05     0.981250       334190        53.33
        1.05     0.982812       335107        58.18
        1.05     0.984375       335107        64.00
        1.06     0.985156       335785        67.37
        1.06     0.985938       335785        71.11
        1.07     0.986719       336303        75.29
        1.07     0.987500       336303        80.00
        1.08     0.988281       336726        85.33
        1.08     0.989062       336726        91.43
        1.09     0.989844       337107        98.46
        1.09     0.990625       337374       106.67
        1.10     0.991406       337617       116.36
        1.11     0.992188       337826       128.00
        1.12     0.992578       337998       134.74
        1.12     0.992969       337998       142.22
        1.13     0.993359       338157       150.59
        1.14     0.993750       338282       160.00
        1.14     0.994141       338403       170.67
        1.15     0.994531       338535       182.86
        1.16     0.994922       338654       196.92
        1.18     0.995313       338838       213.33
        1.18     0.995703       338907       232.73
        1.20     0.996094       339090       256.00
        1.21     0.996289       339169       269.47
        1.21     0.996484       339169       284.44
        1.22     0.996680       339268       301.18
        1.23     0.996875       339305       320.00
        1.25     0.997070       339390       341.33
        1.25     0.997266       339438       365.71
        1.28     0.997461       339532       393.85
        1.29     0.997656       339584       426.67
        1.32     0.997852       339636       465.45
        1.35     0.998047       339706       512.00
        1.38     0.998145       339744       538.95
        1.40     0.998242       339774       568.89
        1.43     0.998340       339808       602.35
        1.46     0.998437       339834       640.00
        1.51     0.998535       339866       682.67
        1.65     0.998633       339898       731.43
        2.54     0.998730       339931       787.69
        3.38     0.998828       339968       853.33
        3.42     0.998926       339998       930.91
        3.49     0.999023       340032      1024.00
        3.52     0.999072       340055      1077.89
        3.54     0.999121       340065      1137.78
        3.55     0.999170       340081      1204.71
        3.58     0.999219       340107      1280.00
        3.60     0.999268       340120      1365.33
        3.62     0.999316       340134      1462.86
        3.65     0.999365       340160      1575.38
        3.66     0.999414       340167      1706.67
        3.68     0.999463       340182      1861.82
        3.71     0.999512       340201      2048.00
        3.73     0.999536       340214      2155.79
        3.73     0.999561       340214      2275.56
        3.74     0.999585       340227      2409.41
        3.76     0.999609       340234      2560.00
        3.77     0.999634       340245      2730.67
        3.79     0.999658       340252      2925.71
        3.81     0.999683       340259      3150.77
        3.82     0.999707       340264      3413.33
        3.85     0.999731       340275      3723.64
        3.89     0.999756       340288      4096.00
        3.89     0.999768       340288      4311.58
        3.90     0.999780       340298      4551.11
        3.90     0.999792       340298      4818.82
        3.90     0.999805       340298      5120.00
        3.92     0.999817       340301      5461.33
        3.94     0.999829       340307      5851.43
        3.95     0.999841       340312      6301.54
        3.97     0.999854       340315      6826.67
        3.98     0.999866       340322      7447.27
        3.98     0.999878       340322      8192.00
        4.00     0.999884       340325      8623.16
        4.01     0.999890       340327      9102.22
        4.03     0.999896       340331      9637.65
        4.03     0.999902       340331     10240.00
        4.05     0.999908       340333     10922.67
        4.06     0.999915       340334     11702.86
        4.13     0.999921       340336     12603.08
        4.19     0.999927       340339     13653.33
        4.25     0.999933       340341     14894.55
        4.51     0.999939       340343     16384.00
        4.54     0.999942       340345     17246.32
        4.54     0.999945       340345     18204.44
        4.80     0.999948       340346     19275.29
        5.05     0.999951       340347     20480.00
        6.62     0.999954       340348     21845.33
        6.66     0.999957       340349     23405.71
        6.82     0.999960       340350     25206.15
        7.01     0.999963       340352     27306.67
        7.01     0.999966       340352     29789.09
        7.04     0.999969       340354     32768.00
        7.04     0.999971       340354     34492.63
        7.04     0.999973       340354     36408.89
        7.23     0.999974       340356     38550.59
        7.23     0.999976       340356     40960.00
        7.23     0.999977       340356     43690.67
        7.23     0.999979       340356     46811.43
        7.42     0.999980       340357     50412.31
        7.42     0.999982       340357     54613.33
        7.49     0.999983       340358     59578.18
        7.49     0.999985       340358     65536.00
        7.74     0.999986       340359     68985.26
        7.74     0.999986       340359     72817.78
        7.74     0.999987       340359     77101.18
        7.74     0.999988       340359     81920.00
        8.13     0.999989       340360     87381.33
        8.13     0.999989       340360     93622.86
        8.13     0.999990       340360    100824.62
        8.13     0.999991       340360    109226.67
        8.38     0.999992       340361    119156.36
        8.38     0.999992       340361    131072.00
        8.38     0.999993       340361    137970.53
        8.38     0.999993       340361    145635.56
        8.38     0.999994       340361    154202.35
        8.38     0.999994       340361    163840.00
        8.45     0.999994       340362    174762.67
        8.45     0.999995       340362    187245.71
        8.45     0.999995       340362    201649.23
        8.45     0.999995       340362    218453.33
        8.45     0.999996       340362    238312.73
        8.45     0.999996       340362    262144.00
        8.45     0.999996       340362    275941.05
        8.45     0.999997       340362    291271.11
        8.45     0.999997       340362    308404.71
        8.45     0.999997       340362    327680.00
        8.64     0.999997       340363    349525.33
        8.64     1.000000       340363          inf
#[Mean    =        0.704, StdDeviation   =        0.195]
#[Max     =        8.639, Total count    =       340363]
#[Buckets =           20, SubBuckets     =          256]
