       Value   Percentile   TotalCount 1/(1-Percentile)

        0.14     0.000000            3         1.00
        0.21     0.050000        75261         1.05
        0.22     0.100000       141857         1.11
        0.23     0.150000       241792         1.18
        0.23     0.200000       241792         1.25
        0.24     0.250000       393403         1.33
        0.24     0.300000       393403         1.43
        0.24     0.350000       393403         1.54
        0.25     0.400000       578709         1.67
        0.25     0.450000       578709         1.82
        0.25     0.500000       578709         2.00
        0.25     0.525000       578709         2.11
        0.25     0.550000       578709         2.22
        0.25     0.575000       578709         2.35
        0.26     0.600000       744899         2.50
        0.26     0.625000       744899         2.67
        0.26     0.650000       744899         2.86
        0.26     0.675000       744899         3.08
        0.26     0.700000       744899         3.33
        0.26     0.725000       744899         3.64
        0.26     0.750000       744899         4.00
        0.26     0.762500       861388         4.21
        0.26     0.775000       861388         4.44
        0.26     0.787500       861388         4.71
        0.26     0.800000       861388         5.00
        0.26     0.812500       861388         5.33
        0.26     0.825000       861388         5.71
        0.26     0.837500       861388         6.15
        0.26     0.850000       861388         6.67
        0.26     0.862500       861388         7.27
        0.27     0.875000       928814         8.00
        0.27     0.881250       928814         8.42
        0.27     0.887500       928814         8.89
        0.27     0.893750       928814         9.41
        0.27     0.900000       928814        10.00
        0.27     0.906250       928814        10.67
        0.27     0.912500       928814        11.43
        0.27     0.918750       928814        12.31
        0.27     0.925000       928814        13.33
        0.27     0.931250       928814        14.55
        0.27     0.937500       928814        16.00
        0.27     0.940625       928814        16.84
        0.28     0.943750       960973        17.78
        0.28     0.946875       960973        18.82
        0.28     0.950000       960973        20.00
        0.28     0.953125       960973        21.33
        0.28     0.956250       960973        22.86
        0.28     0.959375       960973        24.62
        0.28     0.962500       960973        26.67
        0.28     0.965625       960973        29.09
        0.28     0.968750       960973        32.00
        0.28     0.970313       960973        33.68
        0.28     0.971875       960973        35.56
        0.28     0.973437       960973        37.65
        0.28     0.975000       960973        40.00
        0.29     0.976562       974903        42.67
        0.29     0.978125       974903        45.71
        0.29     0.979688       974903        49.23
        0.29     0.981250       974903        53.33
        0.29     0.982812       974903        58.18
        0.29     0.984375       974903        64.00
        0.29     0.985156       974903        67.37
        0.29     0.985938       974903        71.11
        0.29     0.986719       974903        75.29
        0.29     0.987500       974903        80.00
        0.29     0.988281       974903        85.33
        0.29     0.989062       974903        91.43
        0.29     0.989844       980630        98.46
        0.29     0.990625       980630       106.67
        0.29     0.991406       980630       116.36
        0.29     0.992188       980630       128.00
        0.29     0.992578       980630       134.74
        0.29     0.992969       980630       142.22
        0.29     0.993359       980630       150.59
        0.29     0.993750       980630       160.00
        0.29     0.994141       980630       170.67
        0.29     0.994531       980630       182.86
        0.29     0.994922       980630       196.92
        0.30     0.995313       982906       213.33
        0.30     0.995703       982906       232.73
        0.30     0.996094       982906       256.00
        0.30     0.996289       982906       269.47
        0.30     0.996484       982906       284.44
        0.30     0.996680       982906       301.18
        0.30     0.996875       982906       320.00
        0.30     0.997070       982906       341.33
        0.30     0.997266       982906       365.71
        0.30     0.997461       982906       393.85
        0.31     0.997656       983807       426.67
        0.31     0.997852       983807       465.45
        0.31     0.998047       983807       512.00
        0.31     0.998145       983807       538.95
        0.31     0.998242       983807       568.89
        0.31     0.998340       983807       602.35
        0.31     0.998437       983807       640.00
        0.32     0.998535       984203       682.67
        0.32     0.998633       984203       731.43
        0.32     0.998730       984203       787.69
        0.32     0.998828       984203       853.33
        0.33     0.998926       984404       930.91
        0.33     0.999023       984404      1024.00
        0.33     0.999072       984404      1077.89
        0.34     0.999121       984548      1137.78
        0.34     0.999170       984548      1204.71
        0.34     0.999219       984548      1280.00
        0.34     0.999268       984663      1365.33
        0.34     0.999316       984663      1462.86
        0.34     0.999365       984663      1575.38
        0.35     0.999414       984778      1706.67
        0.35     0.999463       984778      1861.82
        0.36     0.999512       984865      2048.00
        0.36     0.999536       984865      2155.79
        0.36     0.999561       984865      2275.56
        0.36     0.999585       984865      2409.41
        0.37     0.999609       984935      2560.00
        0.37     0.999634       984935      2730.67
        0.38     0.999658       984976      2925.71
        0.38     0.999683       984976      3150.77
        0.38     0.999707       985012      3413.33
        0.38     0.999731       985012      3723.64
        0.40     0.999756       985058      4096.00
        0.40     0.999768       985058      4311.58
        0.40     0.999780       985058      4551.11
        0.41     0.999792       985085      4818.82
        0.41     0.999805       985085      5120.00
        0.41     0.999817       985103      5461.33
        0.42     0.999829       985121      5851.43
        0.42     0.999841       985121      6301.54
        0.43     0.999854       985143      6826.67
        0.43     0.999866       985143      7447.27
        0.44     0.999878       985161      8192.00
        0.44     0.999884       985161      8623.16
        0.45     0.999890       985186      9102.22
        0.45     0.999896       985186      9637.65
        0.45     0.999902       985186     10240.00
        0.45     0.999908       985186     10922.67
        0.46     0.999915       985210     11702.86
        0.46     0.999921       985210     12603.08
        0.46     0.999927       985210     13653.33
        0.46     0.999933       985210     14894.55
        0.46     0.999939       985222     16384.00
        0.46     0.999942       985222     17246.32
        0.46     0.999945       985222     18204.44
        0.46     0.999948       985222     19275.29
        0.47     0.999951       985234     20480.00
        0.47     0.999954       985234     21845.33
        0.47     0.999957       985234     23405.71
        0.47     0.999960       985234     25206.15
        0.48     0.999963       985249     27306.67
        0.48     0.999966       985249     29789.09
        0.48     0.999969       985249     32768.00
        0.48     0.999971       985249     34492.63
        0.48     0.999973       985249     36408.89
        0.48     0.999974       985249     38550.59
        0.48     0.999976       985249     40960.00
        0.49     0.999977       985255     43690.67
        0.49     0.999979       985255     46811.43
        0.49     0.999980       985255     50412.31
        0.49     0.999982       985255     54613.33
        0.49     0.999983       985261     59578.18
        0.49     0.999985       985261     65536.00
        0.49     0.999986       985261     68985.26
        0.49     0.999986       985261     72817.78
        0.49     0.999987       985261     77101.18
        0.49     0.999988       985261     81920.00
        0.49     0.999989       985261     87381.33
        0.50     0.999989       985267     93622.86
        0.50     0.999990       985267    100824.62
        0.50     0.999991       985267    109226.67
        0.50     0.999992       985267    119156.36
        0.50     0.999992       985267    131072.00
        0.50     0.999993       985267    137970.53
        0.50     0.999993       985267    145635.56
        0.50     0.999994       985267    154202.35
        0.50     0.999994       985267    163840.00
        0.50     0.999994       985267    174762.67
        0.50     0.999995       985267    187245.71
        0.52     0.999995       985269    201649.23
        0.52     0.999995       985269    218453.33
        0.52     0.999996       985269    238312.73
        0.52     0.999996       985269    262144.00
        0.52     0.999996       985269    275941.05
        0.52     0.999997       985269    291271.11
        0.52     0.999997       985269    308404.71
        0.52     0.999997       985269    327680.00
        0.54     0.999997       985271    349525.33
        0.54     0.999997       985271    374491.43
        0.54     0.999998       985271    403298.46
        0.54     0.999998       985271    436906.67
        0.54     0.999998       985271    476625.45
        0.54     0.999998       985271    524288.00
        0.54     0.999998       985271    551882.11
        0.54     0.999998       985271    582542.22
        0.54     0.999998       985271    616809.41
        0.54     0.999998       985271    655360.00
        0.54     0.999999       985271    699050.67
        0.54     0.999999       985271    748982.86
        0.54     0.999999       985271    806596.92
        0.54     0.999999       985271    873813.33
        0.54     0.999999       985271    953250.91
        0.57     0.999999       985272   1048576.00
        0.57     1.000000       985272          inf
#[Mean    =        0.244, StdDeviation   =        0.020]
#[Max     =        0.575, Total count    =       985272]
#[Buckets =           20, SubBuckets     =          256]
