       Value   Percentile   TotalCount 1/(1-Percentile)

        0.17     0.000000            1         1.00
        0.59     0.050000        20198         1.05
        0.61     0.100000        38433         1.11
        0.63     0.150000        57268         1.18
        0.65     0.200000        82421         1.25
        0.66     0.250000        97376         1.33
        0.66     0.300000       113551         1.43
        0.67     0.350000       131095         1.54
        0.68     0.400000       149852         1.67
        0.69     0.450000       168805         1.82
        0.69     0.500000       187397         2.00
        0.69     0.525000       187397         2.11
        0.70     0.550000       205908         2.22
        0.70     0.575000       205908         2.35
        0.71     0.600000       223797         2.50
        0.71     0.625000       223797         2.67
        0.72     0.650000       240533         2.86
        0.72     0.675000       240533         3.08
        0.73     0.700000       255883         3.33
        0.73     0.725000       255883         3.64
        0.73     0.750000       269720         4.00
        0.73     0.762500       269720         4.21
        0.73     0.775000       269720         4.44
        0.74     0.787500       281625         4.71
        0.74     0.800000       281625         5.00
        0.75     0.812500       292301         5.33
        0.75     0.825000       292301         5.71
        0.75     0.837500       292301         6.15
        0.76     0.850000       301496         6.67
        0.76     0.862500       301496         7.27
        0.77     0.875000       309315         8.00
        0.77     0.881250       309315         8.42
        0.77     0.887500       309315         8.89
        0.78     0.893750       315856         9.41
        0.78     0.900000       315856        10.00
        0.78     0.906250       315856        10.67
        0.78     0.912500       321379        11.43
        0.78     0.918750       321379        12.31
        0.78     0.925000       321379        13.33
        0.79     0.931250       325954        14.55
        0.79     0.937500       325954        16.00
        0.80     0.940625       329741        16.84
        0.80     0.943750       329741        17.78
        0.80     0.946875       329741        18.82
        0.80     0.950000       329741        20.00
        0.81     0.953125       332970        21.33
        0.81     0.956250       332970        22.86
        0.81     0.959375       332970        24.62
        0.81     0.962500       335529        26.67
        0.81     0.965625       335529        29.09
        0.82     0.968750       337633        32.00
        0.82     0.970313       337633        33.68
        0.82     0.971875       337633        35.56
        0.83     0.973437       339427        37.65
        0.83     0.975000       339427        40.00
        0.83     0.976562       339427        42.67
        0.83     0.978125       339427        45.71
        0.84     0.979688       340922        49.23
        0.84     0.981250       340922        53.33
        0.85     0.982812       342084        58.18
        0.85     0.984375       342084        64.00
        0.85     0.985156       342084        67.37
        0.85     0.985938       343070        71.11
        0.85     0.986719       343070        75.29
        0.85     0.987500       343070        80.00
        0.85     0.988281       343070        85.33
        0.86     0.989062       343877        91.43
        0.86     0.989844       343877        98.46
        0.86     0.990625       343877       106.67
        0.87     0.991406       344490       116.36
        0.87     0.992188       344490       128.00
        0.87     0.992578       344490       134.74
        0.88     0.992969       345008       142.22
        0.88     0.993359       345008       150.59
        0.88     0.993750       345008       160.00
        0.88     0.994141       345008       170.67
        0.89     0.994531       345392       182.86
        0.89     0.994922       345392       196.92
        0.89     0.995313       345392       213.33
        0.90     0.995703       345691       232.73
        0.90     0.996094       345691       256.00
        0.90     0.996289       345964       269.47
        0.90     0.996484       345964       284.44
        0.90     0.996680       345964       301.18
        0.90     0.996875       345964       320.00
        0.91     0.997070       346138       341.33
        0.91     0.997266       346138       365.71
        0.91     0.997461       346138       393.85
        0.92     0.997656       346283       426.67
        0.92     0.997852       346283       465.45
        0.93     0.998047       346384       512.00
        0.93     0.998145       346384       538.95
        0.94     0.998242       346480       568.89
        0.94     0.998340       346480       602.35
        0.94     0.998437       346480       640.00
        0.94     0.998535       346558       682.67
        0.94     0.998633       346558       731.43
        0.95     0.998730       346616       787.69
        0.95     0.998828       346616       853.33
        0.96     0.998926       346645       930.91
        0.97     0.999023       346671      1024.00
        0.97     0.999072       346701      1077.89
        0.97     0.999121       346701      1137.78
        0.98     0.999170       346725      1204.71
        0.99     0.999219       346739      1280.00
        1.01     0.999268       346762      1365.33
        1.01     0.999316       346774      1462.86
        1.02     0.999365       346787      1575.38
        1.04     0.999414       346802      1706.67
        1.06     0.999463       346818      1861.82
        1.09     0.999512       346838      2048.00
        1.09     0.999536       346843      2155.79
        1.10     0.999561       346852      2275.56
        1.12     0.999585       346859      2409.41
        1.14     0.999609       346867      2560.00
        1.14     0.999634       346876      2730.67
        1.15     0.999658       346888      2925.71
        1.16     0.999683       346893      3150.77
        1.18     0.999707       346902      3413.33
        1.18     0.999731       346910      3723.64
        1.20     0.999756       346922      4096.00
        1.20     0.999768       346922      4311.58
        1.21     0.999780       346927      4551.11
        1.22     0.999792       346931      4818.82
        1.22     0.999805       346935      5120.00
        1.23     0.999817       346942      5461.33
        1.24     0.999829       346944      5851.43
        1.26     0.999841       346947      6301.54
        1.27     0.999854       346952      6826.67
        1.29     0.999866       346957      7447.27
        1.32     0.999878       346960      8192.00
        1.33     0.999884       346964      8623.16
        1.33     0.999890       346964      9102.22
        1.37     0.999896       346966      9637.65
        1.48     0.999902       346969     10240.00
        2.02     0.999908       346971     10922.67
        2.04     0.999915       346973     11702.86
        2.13     0.999921       346976     12603.08
        2.14     0.999927       346977     13653.33
        2.73     0.999933       346979     14894.55
        3.15     0.999939       346981     16384.00
        3.41     0.999942       346983     17246.32
        3.41     0.999945       346983     18204.44
        3.42     0.999948       346984     19275.29
        3.44     0.999951       346986     20480.00
        3.47     0.999954       346987     21845.33
        3.66     0.999957       346990     23405.71
        3.66     0.999960       346990     25206.15
        3.66     0.999963       346990     27306.67
        3.69     0.999966       346991     29789.09
        3.74     0.999969       346992     32768.00
        3.74     0.999971       346992     34492.63
        4.05     0.999973       346995     36408.89
        4.05     0.999974       346995     38550.59
        4.05     0.999976       346995     40960.00
        4.05     0.999977       346995     43690.67
        4.05     0.999979       346995     46811.43
        4.19     0.999980       346996     50412.31
        4.19     0.999982       346996     54613.33
        4.35     0.999983       346999     59578.18
        4.35     0.999985       346999     65536.00
        4.35     0.999986       346999     68985.26
        4.35     0.999986       346999     72817.78
        4.35     0.999987       346999     77101.18
        4.35     0.999988       346999     81920.00
        4.35     0.999989       346999     87381.33
        4.35     0.999989       346999     93622.86
        4.35     0.999990       346999    100824.62
        4.35     0.999991       346999    109226.67
        4.42     0.999992       347000    119156.36
        4.42     0.999992       347000    131072.00
        4.42     0.999993       347000    137970.53
        4.42     0.999993       347000    145635.56
        4.42     0.999994       347000    154202.35
        4.42     0.999994       347000    163840.00
        4.45     0.999994       347001    174762.67
        4.45     0.999995       347001    187245.71
        4.45     0.999995       347001    201649.23
        4.45     0.999995       347001    218453.33
        4.45     0.999996       347001    238312.73
        4.45     0.999996       347001    262144.00
        4.45     0.999996       347001    275941.05
        4.45     0.999997       347001    291271.11
        4.45     0.999997       347001    308404.71
        4.45     0.999997       347001    327680.00
        4.48     0.999997       347002    349525.33
        4.48     1.000000       347002          inf
#[Mean    =        0.691, StdDeviation   =        0.073]
#[Max     =        4.479, Total count    =       347002]
#[Buckets =           20, SubBuckets     =          256]
