       Value   Percentile   TotalCount 1/(1-Percentile)

        0.21     0.000000            1         1.00
        0.60     0.050000        20950         1.05
        0.62     0.100000        39962         1.11
        0.64     0.150000        59575         1.18
        0.65     0.200000        71716         1.25
        0.66     0.250000       100472         1.33
        0.67     0.300000       116987         1.43
        0.68     0.350000       134554         1.54
        0.69     0.400000       152648         1.67
        0.69     0.450000       171287         1.82
        0.70     0.500000       189778         2.00
        0.70     0.525000       189778         2.11
        0.70     0.550000       189778         2.22
        0.71     0.575000       208134         2.35
        0.71     0.600000       208134         2.50
        0.72     0.625000       225385         2.67
        0.72     0.650000       225385         2.86
        0.73     0.675000       241305         3.08
        0.73     0.700000       241305         3.33
        0.73     0.725000       256002         3.64
        0.74     0.750000       269099         4.00
        0.74     0.762500       269099         4.21
        0.74     0.775000       269099         4.44
        0.75     0.787500       280624         4.71
        0.75     0.800000       280624         5.00
        0.75     0.812500       280624         5.33
        0.76     0.825000       290940         5.71
        0.76     0.837500       290940         6.15
        0.77     0.850000       299777         6.67
        0.77     0.862500       299777         7.27
        0.78     0.875000       307254         8.00
        0.78     0.881250       307254         8.42
        0.78     0.887500       307254         8.89
        0.78     0.893750       313674         9.41
        0.78     0.900000       313674        10.00
        0.78     0.906250       313674        10.67
        0.79     0.912500       319018        11.43
        0.79     0.918750       319018        12.31
        0.79     0.925000       319018        13.33
        0.80     0.931250       323388        14.55
        0.80     0.937500       323388        16.00
        0.81     0.940625       327121        16.84
        0.81     0.943750       327121        17.78
        0.81     0.946875       327121        18.82
        0.81     0.950000       327121        20.00
        0.81     0.953125       330205        21.33
        0.81     0.956250       330205        22.86
        0.81     0.959375       330205        24.62
        0.82     0.962500       332764        26.67
        0.82     0.965625       332764        29.09
        0.83     0.968750       334930        32.00
        0.83     0.970313       334930        33.68
        0.83     0.971875       334930        35.56
        0.83     0.973437       334930        37.65
        0.84     0.975000       336674        40.00
        0.84     0.976562       336674        42.67
        0.84     0.978125       336674        45.71
        0.85     0.979688       338070        49.23
        0.85     0.981250       338070        53.33
        0.85     0.982812       338070        58.18
        0.85     0.984375       339169        64.00
        0.85     0.985156       339169        67.37
        0.85     0.985938       339169        71.11
        0.86     0.986719       340051        75.29
        0.86     0.987500       340051        80.00
        0.86     0.988281       340051        85.33
        0.87     0.989062       340749        91.43
        0.87     0.989844       340749        98.46
        0.87     0.990625       340749       106.67
        0.88     0.991406       341301       116.36
        0.88     0.992188       341301       128.00
        0.88     0.992578       341301       134.74
        0.89     0.992969       341787       142.22
        0.89     0.993359       341787       150.59
        0.89     0.993750       341787       160.00
        0.90     0.994141       342161       170.67
        0.90     0.994531       342161       182.86
        0.90     0.994922       342161       196.92
        0.90     0.995313       342468       213.33
        0.90     0.995703       342468       232.73
        0.91     0.996094       342721       256.00
        0.91     0.996289       342721       269.47
        0.91     0.996484       342721       284.44
        0.91     0.996680       342721       301.18
        0.92     0.996875       342903       320.00
        0.92     0.997070       342903       341.33
        0.92     0.997266       342903       365.71
        0.93     0.997461       343067       393.85
        0.93     0.997656       343067       426.67
        0.94     0.997852       343174       465.45
        0.94     0.998047       343174       512.00
        0.94     0.998145       343264       538.95
        0.94     0.998242       343264       568.89
        0.94     0.998340       343264       602.35
        0.95     0.998437       343340       640.00
        0.95     0.998535       343340       682.67
        0.96     0.998633       343394       731.43
        0.96     0.998730       343394       787.69
        0.97     0.998828       343435       853.33
        0.97     0.998926       343473       930.91
        0.98     0.999023       343510      1024.00
        0.98     0.999072       343510      1077.89
        0.99     0.999121       343536      1137.78
        1.00     0.999170       343550      1204.71
        1.01     0.999219       343566      1280.00
        1.01     0.999268       343578      1365.33
        1.02     0.999316       343592      1462.86
        1.04     0.999365       343609      1575.38
        1.05     0.999414       343627      1706.67
        1.08     0.999463       343649      1861.82
        1.09     0.999512       343659      2048.00
        1.09     0.999536       343669      2155.79
        1.10     0.999561       343678      2275.56
        1.11     0.999585       343685      2409.41
        1.12     0.999609       343692      2560.00
        1.13     0.999634       343704      2730.67
        1.14     0.999658       343710      2925.71
        1.15     0.999683       343719      3150.77
        1.17     0.999707       343731      3413.33
        1.18     0.999731       343736      3723.64
        1.18     0.999756       343744      4096.00
        1.19     0.999768       343746      4311.58
        1.20     0.999780       343750      4551.11
        1.21     0.999792       343754      4818.82
        1.22     0.999805       343758      5120.00
        1.22     0.999817       343763      5461.33
        1.23     0.999829       343770      5851.43
        1.24     0.999841       343772      6301.54
        1.25     0.999854       343775      6826.67
        1.27     0.999866       343780      7447.27
        1.29     0.999878       343787      8192.00
        1.29     0.999884       343787      8623.16
        1.29     0.999890       343789      9102.22
        1.31     0.999896       343790      9637.65
        1.32     0.999902       343793     10240.00
        1.33     0.999908       343794     10922.67
        1.34     0.999915       343796     11702.86
        1.37     0.999921       343799     12603.08
        1.41     0.999927       343800     13653.33
        2.67     0.999933       343802     14894.55
        3.50     0.999939       343806     16384.00
        3.50     0.999942       343806     17246.32
        3.54     0.999945       343807     18204.44
        3.79     0.999948       343808     19275.29
        3.81     0.999951       343809     20480.00
        3.94     0.999954       343810     21845.33
        4.01     0.999957       343811     23405.71
        4.19     0.999960       343813     25206.15
        4.19     0.999963       343813     27306.67
        4.22     0.999966       343814     29789.09
        4.32     0.999969       343815     32768.00
        4.42     0.999971       343816     34492.63
        4.42     0.999973       343816     36408.89
        4.80     0.999974       343819     38550.59
        4.80     0.999976       343819     40960.00
        4.80     0.999977       343819     43690.67
        4.80     0.999979       343819     46811.43
        4.80     0.999980       343819     50412.31
        4.80     0.999982       343819     54613.33
        4.83     0.999983       343820     59578.18
        4.83     0.999985       343820     65536.00
        4.86     0.999986       343821     68985.26
        4.86     0.999986       343821     72817.78
        4.86     0.999987       343821     77101.18
        4.86     0.999988       343821     81920.00
        4.89     0.999989       343822     87381.33
        4.89     0.999989       343822     93622.86
        4.89     0.999990       343822    100824.62
        4.89     0.999991       343822    109226.67
        4.96     0.999992       343824    119156.36
        4.96     0.999992       343824    131072.00
        4.96     0.999993       343824    137970.53
        4.96     0.999993       343824    145635.56
        4.96     0.999994       343824    154202.35
        4.96     0.999994       343824    163840.00
        4.96     0.999994       343824    174762.67
        4.96     0.999995       343824    187245.71
        4.96     0.999995       343824    201649.23
        4.96     0.999995       343824    218453.33
        4.96     0.999996       343824    238312.73
        4.96     0.999996       343824    262144.00
        4.96     0.999996       343824    275941.05
        4.96     0.999997       343824    291271.11
        4.96     0.999997       343824    308404.71
        4.96     0.999997       343824    327680.00
        4.99     0.999997       343825    349525.33
        4.99     1.000000       343825          inf
#[Mean    =        0.697, StdDeviation   =        0.075]
#[Max     =        4.991, Total count    =       343825]
#[Buckets =           20, SubBuckets     =          256]
