       Value   Percentile   TotalCount 1/(1-Percentile)

        0.17     0.000000            3         1.00
        0.61     0.050000        18028         1.05
        0.64     0.100000        33409         1.11
        0.66     0.150000        54234         1.18
        0.68     0.200000        73762         1.25
        0.69     0.250000        85494         1.33
        0.70     0.300000       112455         1.43
        0.71     0.350000       127146         1.54
        0.72     0.400000       142565         1.67
        0.73     0.450000       158137         1.82
        0.73     0.500000       173850         2.00
        0.73     0.525000       173850         2.11
        0.74     0.550000       189497         2.22
        0.74     0.575000       189497         2.35
        0.75     0.600000       204741         2.50
        0.76     0.625000       218831         2.67
        0.76     0.650000       218831         2.86
        0.77     0.675000       232329         3.08
        0.77     0.700000       232329         3.33
        0.78     0.725000       244740         3.64
        0.78     0.750000       255922         4.00
        0.78     0.762500       255922         4.21
        0.78     0.775000       255922         4.44
        0.79     0.787500       265983         4.71
        0.79     0.800000       265983         5.00
        0.80     0.812500       275133         5.33
        0.80     0.825000       275133         5.71
        0.81     0.837500       283033         6.15
        0.81     0.850000       283033         6.67
        0.81     0.862500       290089         7.27
        0.81     0.875000       290089         8.00
        0.81     0.881250       290089         8.42
        0.82     0.887500       296115         8.89
        0.82     0.893750       296115         9.41
        0.82     0.900000       296115        10.00
        0.83     0.906250       301384        10.67
        0.83     0.912500       301384        11.43
        0.84     0.918750       305775        12.31
        0.84     0.925000       305775        13.33
        0.85     0.931250       309595        14.55
        0.85     0.937500       309595        16.00
        0.85     0.940625       309595        16.84
        0.85     0.943750       312858        17.78
        0.85     0.946875       312858        18.82
        0.85     0.950000       312858        20.00
        0.86     0.953125       315609        21.33
        0.86     0.956250       315609        22.86
        0.86     0.959375       315609        24.62
        0.87     0.962500       317897        26.67
        0.87     0.965625       317897        29.09
        0.88     0.968750       319794        32.00
        0.88     0.970313       319794        33.68
        0.88     0.971875       319794        35.56
        0.89     0.973437       321455        37.65
        0.89     0.975000       321455        40.00
        0.89     0.976562       321455        42.67
        0.90     0.978125       322819        45.71
        0.90     0.979688       322819        49.23
        0.90     0.981250       322819        53.33
        0.90     0.982812       323932        58.18
        0.90     0.984375       323932        64.00
        0.91     0.985156       324839        67.37
        0.91     0.985938       324839        71.11
        0.91     0.986719       324839        75.29
        0.91     0.987500       324839        80.00
        0.92     0.988281       325599        85.33
        0.92     0.989062       325599        91.43
        0.92     0.989844       325599        98.46
        0.93     0.990625       326241       106.67
        0.93     0.991406       326241       116.36
        0.94     0.992188       326716       128.00
        0.94     0.992578       326716       134.74
        0.94     0.992969       326716       142.22
        0.94     0.993359       326716       150.59
        0.94     0.993750       327109       160.00
        0.94     0.994141       327109       170.67
        0.94     0.994531       327109       182.86
        0.95     0.994922       327406       196.92
        0.95     0.995313       327406       213.33
        0.96     0.995703       327678       232.73
        0.96     0.996094       327678       256.00
        0.96     0.996289       327678       269.47
        0.96     0.996484       327678       284.44
        0.97     0.996680       327874       301.18
        0.97     0.996875       327874       320.00
        0.97     0.997070       327874       341.33
        0.97     0.997266       328031       365.71
        0.97     0.997461       328031       393.85
        0.98     0.997656       328152       426.67
        0.98     0.997852       328152       465.45
        0.99     0.998047       328255       512.00
        0.99     0.998145       328255       538.95
        0.99     0.998242       328255       568.89
        1.00     0.998340       328336       602.35
        1.00     0.998437       328336       640.00
        1.01     0.998535       328391       682.67
        1.01     0.998633       328391       731.43
        1.01     0.998730       328436       787.69
        1.02     0.998828       328487       853.33
        1.02     0.998926       328487       930.91
        1.03     0.999023       328517      1024.00
        1.04     0.999072       328539      1077.89
        1.04     0.999121       328539      1137.78
        1.05     0.999170       328560      1204.71
        1.05     0.999219       328574      1280.00
        1.06     0.999268       328589      1365.33
        1.07     0.999316       328600      1462.86
        1.09     0.999365       328616      1575.38
        1.10     0.999414       328637      1706.67
        1.11     0.999463       328652      1861.82
        1.14     0.999512       328667      2048.00
        1.14     0.999536       328677      2155.79
        1.15     0.999561       328684      2275.56
        1.16     0.999585       328693      2409.41
        1.17     0.999609       328698      2560.00
        1.18     0.999634       328705      2730.67
        1.20     0.999658       328714      2925.71
        1.21     0.999683       328721      3150.77
        1.22     0.999707       328735      3413.33
        1.23     0.999731       328739      3723.64
        1.25     0.999756       328748      4096.00
        1.25     0.999768       328748      4311.58
        1.25     0.999780       328753      4551.11
        1.26     0.999792       328757      4818.82
        1.28     0.999805       328763      5120.00
        1.29     0.999817       328768      5461.33
        1.29     0.999829       328768      5851.43
        1.31     0.999841       328775      6301.54
        1.32     0.999854       328779      6826.67
        1.33     0.999866       328780      7447.27
        1.34     0.999878       328787      8192.00
        1.34     0.999884       328787      8623.16
        1.35     0.999890       328790      9102.22
        1.35     0.999896       328790      9637.65
        1.37     0.999902       328793     10240.00
        1.40     0.999908       328794     10922.67
        1.41     0.999915       328796     11702.86
        1.42     0.999921       328798     12603.08
        1.46     0.999927       328800     13653.33
        2.54     0.999933       328802     14894.55
        2.83     0.999939       328804     16384.00
        2.88     0.999942       328805     17246.32
        2.90     0.999945       328806     18204.44
        2.93     0.999948       328808     19275.29
        2.93     0.999951       328808     20480.00
        2.96     0.999954       328809     21845.33
        3.01     0.999957       328810     23405.71
        3.06     0.999960       328811     25206.15
        3.17     0.999963       328812     27306.67
        3.50     0.999966       328813     29789.09
        3.79     0.999969       328814     32768.00
        4.13     0.999971       328815     34492.63
        4.13     0.999973       328815     36408.89
        4.16     0.999974       328817     38550.59
        4.16     0.999976       328817     40960.00
        4.16     0.999977       328817     43690.67
        4.16     0.999979       328817     46811.43
        4.22     0.999980       328818     50412.31
        4.22     0.999982       328818     54613.33
        4.25     0.999983       328820     59578.18
        4.25     0.999985       328820     65536.00
        4.25     0.999986       328820     68985.26
        4.25     0.999986       328820     72817.78
        4.25     0.999987       328820     77101.18
        4.25     0.999988       328820     81920.00
        4.42     0.999989       328821     87381.33
        4.42     0.999989       328821     93622.86
        4.42     0.999990       328821    100824.62
        4.42     0.999991       328821    109226.67
        4.96     0.999992       328823    119156.36
        4.96     0.999992       328823    131072.00
        4.96     0.999993       328823    137970.53
        4.96     0.999993       328823    145635.56
        4.96     0.999994       328823    154202.35
        4.96     0.999994       328823    163840.00
        4.96     0.999994       328823    174762.67
        4.96     0.999995       328823    187245.71
        4.96     0.999995       328823    201649.23
        4.96     0.999995       328823    218453.33
        4.96     0.999996       328823    238312.73
        4.96     0.999996       328823    262144.00
        4.96     0.999996       328823    275941.05
        4.96     0.999997       328823    291271.11
        4.96     0.999997       328823    308404.71
        4.96     0.999997       328823    327680.00
        4.99     0.999997       328824    349525.33
        4.99     1.000000       328824          inf
#[Mean    =        0.729, StdDeviation   =        0.088]
#[Max     =        4.991, Total count    =       328824]
#[Buckets =           20, SubBuckets     =          256]
