       Value   Percentile   TotalCount 1/(1-Percentile)

        0.17     0.000000            1         1.00
        0.32     0.050000        35403         1.05
        0.33     0.100000        52279         1.11
        0.38     0.150000        79229         1.18
        0.40     0.200000       114411         1.25
        0.41     0.250000       134965         1.33
        0.41     0.300000       156116         1.43
        0.43     0.350000       197252         1.54
        0.44     0.400000       212232         1.67
        0.46     0.450000       230772         1.82
        0.47     0.500000       261050         2.00
        0.48     0.525000       284737         2.11
        0.48     0.550000       284737         2.22
        0.49     0.575000       311675         2.35
        0.49     0.600000       311675         2.50
        0.49     0.625000       340327         2.67
        0.49     0.650000       340327         2.86
        0.50     0.675000       369839         3.08
        0.50     0.700000       369839         3.33
        0.50     0.725000       369839         3.64
        0.51     0.750000       396810         4.00
        0.51     0.762500       396810         4.21
        0.51     0.775000       396810         4.44
        0.52     0.787500       416684         4.71
        0.52     0.800000       416684         5.00
        0.52     0.812500       416684         5.33
        0.53     0.825000       427960         5.71
        0.53     0.837500       427960         6.15
        0.54     0.850000       434798         6.67
        0.64     0.862500       440449         7.27
        0.66     0.875000       446264         8.00
        0.66     0.881250       452824         8.42
        0.66     0.887500       452824         8.89
        0.67     0.893750       462500         9.41
        0.67     0.900000       462500        10.00
        0.67     0.906250       462500        10.67
        0.68     0.912500       474340        11.43
        0.68     0.918750       474340        12.31
        0.68     0.925000       474340        13.33
        0.69     0.931250       486040        14.55
        0.69     0.937500       486040        16.00
        0.69     0.940625       486040        16.84
        0.69     0.943750       486040        17.78
        0.69     0.946875       486040        18.82
        0.69     0.950000       486040        20.00
        0.69     0.953125       486040        21.33
        0.69     0.956250       495794        22.86
        0.69     0.959375       495794        24.62
        0.69     0.962500       495794        26.67
        0.69     0.965625       495794        29.09
        0.69     0.968750       495794        32.00
        0.69     0.970313       495794        33.68
        0.69     0.971875       495794        35.56
        0.70     0.973437       502521        37.65
        0.70     0.975000       502521        40.00
        0.70     0.976562       502521        42.67
        0.70     0.978125       502521        45.71
        0.70     0.979688       502521        49.23
        0.70     0.981250       502521        53.33
        0.70     0.982812       502521        58.18
        0.70     0.984375       502521        64.00
        0.70     0.985156       502521        67.37
        0.70     0.985938       502521        71.11
        0.71     0.986719       506294        75.29
        0.71     0.987500       506294        80.00
        0.71     0.988281       506294        85.33
        0.71     0.989062       506294        91.43
        0.71     0.989844       506294        98.46
        0.71     0.990625       506294       106.67
        0.71     0.991406       506294       116.36
        0.71     0.992188       506294       128.00
        0.71     0.992578       506294       134.74
        0.71     0.992969       506294       142.22
        0.71     0.993359       506294       150.59
        0.71     0.993750       506294       160.00
        0.72     0.994141       508094       170.67
        0.72     0.994531       508094       182.86
        0.72     0.994922       508094       196.92
        0.72     0.995313       508094       213.33
        0.72     0.995703       508094       232.73
        0.72     0.996094       508094       256.00
        0.72     0.996289       508094       269.47
        0.72     0.996484       508094       284.44
        0.72     0.996680       508094       301.18
        0.72     0.996875       508094       320.00
        0.72     0.997070       508094       341.33
        0.72     0.997266       508094       365.71
        0.73     0.997461       508856       393.85
        0.73     0.997656       508856       426.67
        0.73     0.997852       508856       465.45
        0.73     0.998047       508856       512.00
        0.73     0.998145       508856       538.95
        0.73     0.998242       508856       568.89
        0.73     0.998340       508856       602.35
        0.73     0.998437       508856       640.00
        0.73     0.998535       508856       682.67
        0.73     0.998633       508856       731.43
        0.73     0.998730       508856       787.69
        0.73     0.998828       508856       853.33
        0.73     0.998926       509118       930.91
        0.73     0.999023       509118      1024.00
        0.73     0.999072       509118      1077.89
        0.73     0.999121       509118      1137.78
        0.73     0.999170       509118      1204.71
        0.73     0.999219       509118      1280.00
        0.73     0.999268       509118      1365.33
        0.73     0.999316       509118      1462.86
        0.74     0.999365       509226      1575.38
        0.74     0.999414       509226      1706.67
        0.74     0.999463       509226      1861.82
        0.74     0.999512       509226      2048.00
        0.74     0.999536       509226      2155.79
        0.74     0.999561       509226      2275.56
        0.75     0.999585       509257      2409.41
        0.75     0.999609       509257      2560.00
        0.75     0.999634       509257      2730.67
        0.76     0.999658       509277      2925.71
        0.77     0.999683       509294      3150.77
        0.77     0.999707       509294      3413.33
        0.78     0.999731       509306      3723.64
        0.79     0.999756       509322      4096.00
        0.80     0.999768       509333      4311.58
        0.80     0.999780       509333      4551.11
        0.81     0.999792       509343      4818.82
        0.81     0.999805       509343      5120.00
        0.81     0.999817       509355      5461.33
        0.81     0.999829       509355      5851.43
        0.83     0.999841       509365      6301.54
        0.84     0.999854       509372      6826.67
        0.85     0.999866       509380      7447.27
        0.85     0.999878       509380      8192.00
        0.85     0.999884       509385      8623.16
        0.87     0.999890       509390      9102.22
        0.87     0.999896       509390      9637.65
        0.89     0.999902       509394     10240.00
        0.90     0.999908       509398     10922.67
        0.90     0.999915       509399     11702.86
        0.92     0.999921       509407     12603.08
        0.92     0.999927       509407     13653.33
        0.93     0.999933       509410     14894.55
        0.94     0.999939       509411     16384.00
        0.95     0.999942       509415     17246.32
        0.95     0.999945       509415     18204.44
        0.96     0.999948       509416     19275.29
        1.00     0.999951       509418     20480.00
        1.01     0.999954       509419     21845.33
        1.05     0.999957       509421     23405.71
        1.07     0.999960       509422     25206.15
        1.09     0.999963       509424     27306.67
        1.12     0.999966       509425     29789.09
        1.15     0.999969       509428     32768.00
        1.15     0.999971       509428     34492.63
        1.16     0.999973       509429     36408.89
        1.16     0.999974       509429     38550.59
        1.18     0.999976       509430     40960.00
        1.78     0.999977       509431     43690.67
        1.89     0.999979       509432     46811.43
        1.89     0.999980       509432     50412.31
        1.94     0.999982       509433     54613.33
        2.13     0.999983       509434     59578.18
        9.28     0.999985       509435     65536.00
        9.28     0.999986       509435     68985.26
        9.34     0.999986       509436     72817.78
        9.34     0.999987       509436     77101.18
        9.34     0.999988       509436     81920.00
        9.47     0.999989       509438     87381.33
        9.47     0.999989       509438     93622.86
        9.47     0.999990       509438    100824.62
        9.47     0.999991       509438    109226.67
        9.47     0.999992       509438    119156.36
       13.05     0.999992       509439    131072.00
       13.05     0.999993       509439    137970.53
       13.05     0.999993       509439    145635.56
       13.05     0.999994       509439    154202.35
       13.05     0.999994       509439    163840.00
       13.12     0.999994       509440    174762.67
       13.12     0.999995       509440    187245.71
       13.12     0.999995       509440    201649.23
       13.12     0.999995       509440    218453.33
       13.12     0.999996       509440    238312.73
       13.25     0.999996       509442    262144.00
       13.25     1.000000       509442          inf
#[Mean    =        0.471, StdDeviation   =        0.114]
#[Max     =       13.247, Total count    =       509442]
#[Buckets =           20, SubBuckets     =          256]
