       Value   Percentile   TotalCount 1/(1-Percentile)

        0.06     0.000000           20         1.00
        0.18     0.050000      1514890         1.05
        0.51     0.100000      2958070         1.11
        0.56     0.150000      4357750         1.18
        0.57     0.200000      5853170         1.25
        0.59     0.250000      8195500         1.33
        0.60     0.300000      9334630         1.43
        0.61     0.350000     10530990         1.54
        0.61     0.400000     11852750         1.67
        0.62     0.450000     13324840         1.82
        0.63     0.500000     14912620         2.00
        0.64     0.525000     16567870         2.11
        0.64     0.550000     16567870         2.22
        0.65     0.575000     18173970         2.35
        0.65     0.600000     18173970         2.50
        0.65     0.625000     18173970         2.67
        0.66     0.650000     19631060         2.86
        0.66     0.675000     19631060         3.08
        0.66     0.700000     20863030         3.33
        0.67     0.725000     21827500         3.64
        0.67     0.750000     21827500         4.00
        0.68     0.762500     22533110         4.21
        0.68     0.775000     22533110         4.44
        0.69     0.787500     23021530         4.71
        0.69     0.800000     23354120         5.00
        0.70     0.812500     23581760         5.33
        0.72     0.825000     23866580         5.71
        0.75     0.837500     24200010         6.15
        0.79     0.850000     24585740         6.67
        0.82     0.862500     24923770         7.27
        0.85     0.875000     25328000         8.00
        0.86     0.881250     25449560         8.42
        0.88     0.887500     25723750         8.89
        0.89     0.893750     25879740         9.41
        0.90     0.900000     26046410        10.00
        0.90     0.906250     26223960        10.67
        0.91     0.912500     26415880        11.43
        0.92     0.918750     26618470        12.31
        0.93     0.925000     26828100        13.33
        0.94     0.931250     27036010        14.55
        0.94     0.937500     27244750        16.00
        0.94     0.940625     27244750        16.84
        0.94     0.943750     27244750        17.78
        0.95     0.946875     27452470        18.82
        0.95     0.950000     27452470        20.00
        0.96     0.953125     27646750        21.33
        0.96     0.956250     27646750        22.86
        0.97     0.959375     27822130        24.62
        0.97     0.962500     27822130        26.67
        0.97     0.965625     27979100        29.09
        0.97     0.968750     27979100        32.00
        0.98     0.970313     28117040        33.68
        0.98     0.971875     28117040        35.56
        0.98     0.973437     28117040        37.65
        0.99     0.975000     28230980        40.00
        0.99     0.976562     28230980        42.67
        1.00     0.978125     28324220        45.71
        1.00     0.979688     28324220        49.23
        1.01     0.981250     28397570        53.33
        1.01     0.982812     28397570        58.18
        1.01     0.984375     28454410        64.00
        1.01     0.985156     28454410        67.37
        1.02     0.985938     28498850        71.11
        1.02     0.986719     28498850        75.29
        1.03     0.987500     28531250        80.00
        1.03     0.988281     28531250        85.33
        1.04     0.989062     28557910        91.43
        1.05     0.989844     28577930        98.46
        1.06     0.990625     28606560       106.67
        1.08     0.991406     28627660       116.36
        1.09     0.992188     28642890       128.00
        1.11     0.992578     28654530       134.74
        1.13     0.992969     28663660       142.22
        1.15     0.993359     28675300       150.59
        1.18     0.993750     28689060       160.00
        1.21     0.994141     28699310       170.67
        1.23     0.994531     28708630       182.86
        1.27     0.994922     28720770       196.92
        1.31     0.995313     28732170       213.33
        1.35     0.995703     28742580       232.73
        1.41     0.996094     28754280       256.00
        1.44     0.996289     28759320       269.47
        1.49     0.996484     28765250       284.44
        1.57     0.996680     28770460       301.18
        1.74     0.996875     28776010       320.00
        1.98     0.997070     28781550       341.33
        2.24     0.997266     28787140       365.71
        2.65     0.997461     28792900       393.85
        3.15     0.997656     28798570       426.67
        4.06     0.997852     28804090       465.45
        5.28     0.998047     28809720       512.00
        5.95     0.998145     28812520       538.95
        6.56     0.998242     28815440       568.89
        6.91     0.998340     28818190       602.35
        7.33     0.998437     28820960       640.00
        7.74     0.998535     28823870       682.67
        8.16     0.998633     28826660       731.43
        8.51     0.998730     28829580       787.69
        9.21     0.998828     28832270       853.33
       10.24     0.998926     28835080       930.91
       12.22     0.999023     28838060      1024.00
       12.86     0.999072     28839260      1077.89
       14.53     0.999121     28840690      1137.78
       16.13     0.999170     28842200      1204.71
       16.38     0.999219     28843760      1280.00
       16.64     0.999268     28845270      1365.33
       17.15     0.999316     28846510      1462.86
       18.69     0.999365     28847730      1575.38
       20.22     0.999414     28850210      1706.67
       20.35     0.999463     28850640      1861.82
       21.76     0.999512     28852010      2048.00
       22.91     0.999536     28852650      2155.79
       23.93     0.999561     28853400      2275.56
       24.19     0.999585     28858010      2409.41
       24.19     0.999609     28858010      2560.00
       24.19     0.999634     28858010      2730.67
       24.19     0.999658     28858010      2925.71
       24.19     0.999683     28858010      3150.77
       24.19     0.999707     28858010      3413.33
       24.32     0.999731     28859550      3723.64
       24.32     0.999756     28859550      4096.00
       24.32     0.999768     28859550      4311.58
       24.45     0.999780     28860180      4551.11
       24.45     0.999792     28860180      4818.82
       24.70     0.999805     28860610      5120.00
       24.83     0.999817     28860770      5461.33
       25.73     0.999829     28861190      5851.43
       26.50     0.999841     28861460      6301.54
       27.65     0.999854     28861830      6826.67
       28.16     0.999866     28862570      7447.27
       28.16     0.999878     28862570      8192.00
       28.29     0.999884     28863300      8623.16
       28.29     0.999890     28863300      9102.22
       28.29     0.999896     28863300      9637.65
       28.29     0.999902     28863300     10240.00
       28.41     0.999908     28863670     10922.67
       28.41     0.999915     28863670     11702.86
       28.54     0.999921     28863850     12603.08
       28.80     0.999927     28864010     13653.33
       29.44     0.999933     28864130     14894.55
       30.46     0.999939     28864330     16384.00
       31.74     0.999942     28864390     17246.32
       32.13     0.999945     28864650     18204.44
       32.13     0.999948     28864650     19275.29
       32.13     0.999951     28864650     20480.00
       32.26     0.999954     28865480     21845.33
       32.26     0.999957     28865480     23405.71
       32.26     0.999960     28865480     25206.15
       32.26     0.999963     28865480     27306.67
       32.26     0.999966     28865480     29789.09
       32.26     0.999969     28865480     32768.00
       32.26     0.999971     28865480     34492.63
       32.26     0.999973     28865480     36408.89
       32.26     0.999974     28865480     38550.59
       32.26     0.999976     28865480     40960.00
       32.26     0.999977     28865480     43690.67
       32.26     0.999979     28865480     46811.43
       32.26     0.999980     28865480     50412.31
       32.51     0.999982     28865550     54613.33
       32.64     0.999983     28865560     59578.18
       34.56     0.999985     28865640     65536.00
       34.56     0.999986     28865640     68985.26
       36.09     0.999986     28865660     72817.78
       36.35     0.999987     28865860     77101.18
       36.35     0.999988     28865860     81920.00
       36.35     0.999989     28865860     87381.33
       36.35     0.999989     28865860     93622.86
       36.35     0.999990     28865860    100824.62
       36.35     0.999991     28865860    109226.67
       36.35     0.999992     28865860    119156.36
       36.35     0.999992     28865860    131072.00
       36.35     0.999993     28865860    137970.53
       36.35     0.999993     28865860    145635.56
       36.35     0.999994     28865860    154202.35
       36.61     0.999994     28865930    163840.00
       36.61     0.999994     28865930    174762.67
       36.61     0.999995     28865930    187245.71
       36.61     0.999995     28865930    201649.23
       36.61     0.999995     28865930    218453.33
       36.61     0.999996     28865930    238312.73
       36.61     0.999996     28865930    262144.00
       36.86     0.999996     28865960    275941.05
       36.86     0.999997     28865960    291271.11
       36.86     0.999997     28865960    308404.71
       36.86     0.999997     28865960    327680.00
       36.86     0.999997     28865960    349525.33
       40.19     0.999997     28866010    374491.43
       40.19     0.999998     28866010    403298.46
       40.19     0.999998     28866010    436906.67
       40.19     0.999998     28866010    476625.45
       40.19     0.999998     28866010    524288.00
       40.19     0.999998     28866010    551882.11
       40.19     0.999998     28866010    582542.22
       40.19     0.999998     28866010    616809.41
       40.19     0.999998     28866010    655360.00
       40.19     0.999999     28866010    699050.67
       40.19     0.999999     28866010    748982.86
       40.19     0.999999     28866010    806596.92
       40.19     0.999999     28866010    873813.33
       40.19     0.999999     28866010    953250.91
       40.45     0.999999     28866040   1048576.00
       40.45     1.000000     28866040          inf
#[Mean    =        0.663, StdDeviation   =        0.739]
#[Max     =       40.447, Total count    =     28866040]
#[Buckets =           20, SubBuckets     =          256]
