       Value   Percentile   TotalCount 1/(1-Percentile)

        0.19     0.000000            1         1.00
        0.57     0.050000        20437         1.05
        0.60     0.100000        38315         1.11
        0.61     0.150000        57087         1.18
        0.63     0.200000        82519         1.25
        0.64     0.250000        97856         1.33
        0.65     0.300000       114896         1.43
        0.66     0.350000       132947         1.54
        0.66     0.400000       151819         1.67
        0.67     0.450000       171501         1.82
        0.68     0.500000       191069         2.00
        0.68     0.525000       191069         2.11
        0.69     0.550000       210365         2.22
        0.69     0.575000       210365         2.35
        0.69     0.600000       228533         2.50
        0.69     0.625000       228533         2.67
        0.70     0.650000       245362         2.86
        0.70     0.675000       245362         3.08
        0.71     0.700000       260950         3.33
        0.71     0.725000       260950         3.64
        0.72     0.750000       274664         4.00
        0.72     0.762500       274664         4.21
        0.73     0.775000       287058         4.44
        0.73     0.787500       287058         4.71
        0.73     0.800000       287058         5.00
        0.73     0.812500       298166         5.33
        0.73     0.825000       298166         5.71
        0.73     0.837500       298166         6.15
        0.74     0.850000       307674         6.67
        0.74     0.862500       307674         7.27
        0.75     0.875000       315838         8.00
        0.75     0.881250       315838         8.42
        0.75     0.887500       315838         8.89
        0.76     0.893750       322748         9.41
        0.76     0.900000       322748        10.00
        0.76     0.906250       322748        10.67
        0.77     0.912500       328556        11.43
        0.77     0.918750       328556        12.31
        0.77     0.925000       328556        13.33
        0.78     0.931250       333382        14.55
        0.78     0.937500       333382        16.00
        0.78     0.940625       337451        16.84
        0.78     0.943750       337451        17.78
        0.78     0.946875       337451        18.82
        0.78     0.950000       337451        20.00
        0.79     0.953125       340754        21.33
        0.79     0.956250       340754        22.86
        0.79     0.959375       340754        24.62
        0.80     0.962500       343503        26.67
        0.80     0.965625       343503        29.09
        0.81     0.968750       345783        32.00
        0.81     0.970313       345783        33.68
        0.81     0.971875       345783        35.56
        0.81     0.973437       345783        37.65
        0.81     0.975000       347746        40.00
        0.81     0.976562       347746        42.67
        0.81     0.978125       347746        45.71
        0.82     0.979688       349164        49.23
        0.82     0.981250       349164        53.33
        0.82     0.982812       349164        58.18
        0.83     0.984375       350362        64.00
        0.83     0.985156       350362        67.37
        0.83     0.985938       350362        71.11
        0.84     0.986719       351327        75.29
        0.84     0.987500       351327        80.00
        0.84     0.988281       351327        85.33
        0.84     0.989062       351327        91.43
        0.85     0.989844       352126        98.46
        0.85     0.990625       352126       106.67
        0.85     0.991406       352126       116.36
        0.85     0.992188       352728       128.00
        0.85     0.992578       352728       134.74
        0.85     0.992969       352728       142.22
        0.86     0.993359       353241       150.59
        0.86     0.993750       353241       160.00
        0.86     0.994141       353241       170.67
        0.86     0.994531       353241       182.86
        0.87     0.994922       353626       196.92
        0.87     0.995313       353626       213.33
        0.87     0.995703       353626       232.73
        0.88     0.996094       353907       256.00
        0.88     0.996289       353907       269.47
        0.88     0.996484       353907       284.44
        0.89     0.996680       354133       301.18
        0.89     0.996875       354133       320.00
        0.89     0.997070       354133       341.33
        0.89     0.997266       354133       365.71
        0.90     0.997461       354313       393.85
        0.90     0.997656       354313       426.67
        0.90     0.997852       354453       465.45
        0.90     0.998047       354453       512.00
        0.90     0.998145       354453       538.95
        0.91     0.998242       354559       568.89
        0.91     0.998340       354559       602.35
        0.91     0.998437       354559       640.00
        0.92     0.998535       354631       682.67
        0.92     0.998633       354631       731.43
        0.93     0.998730       354696       787.69
        0.93     0.998828       354696       853.33
        0.94     0.998926       354734       930.91
        0.94     0.999023       354775      1024.00
        0.94     0.999072       354775      1077.89
        0.95     0.999121       354796      1137.78
        0.96     0.999170       354810      1204.71
        0.97     0.999219       354824      1280.00
        0.97     0.999268       354843      1365.33
        0.98     0.999316       354863      1462.86
        0.99     0.999365       354871      1575.38
        1.01     0.999414       354891      1706.67
        1.03     0.999463       354906      1861.82
        1.05     0.999512       354928      2048.00
        1.06     0.999536       354936      2155.79
        1.07     0.999561       354940      2275.56
        1.09     0.999585       354952      2409.41
        1.10     0.999609       354963      2560.00
        1.11     0.999634       354968      2730.67
        1.13     0.999658       354979      2925.71
        1.14     0.999683       354986      3150.77
        1.14     0.999707       354994      3413.33
        1.16     0.999731       355005      3723.64
        1.17     0.999756       355015      4096.00
        1.17     0.999768       355015      4311.58
        1.18     0.999780       355018      4551.11
        1.20     0.999792       355027      4818.82
        1.20     0.999805       355027      5120.00
        1.21     0.999817       355034      5461.33
        1.22     0.999829       355037      5851.43
        1.22     0.999841       355040      6301.54
        1.24     0.999854       355045      6826.67
        1.26     0.999866       355049      7447.27
        1.29     0.999878       355053      8192.00
        1.29     0.999884       355055      8623.16
        1.32     0.999890       355057      9102.22
        1.36     0.999896       355060      9637.65
        1.37     0.999902       355062     10240.00
        1.45     0.999908       355064     10922.67
        2.21     0.999915       355066     11702.86
        2.27     0.999921       355068     12603.08
        2.56     0.999927       355070     13653.33
        2.61     0.999933       355073     14894.55
        2.83     0.999939       355075     16384.00
        3.02     0.999942       355076     17246.32
        3.12     0.999945       355077     18204.44
        3.15     0.999948       355078     19275.29
        3.18     0.999951       355079     20480.00
        3.20     0.999954       355081     21845.33
        3.20     0.999957       355081     23405.71
        3.23     0.999960       355082     25206.15
        3.46     0.999963       355083     27306.67
        3.52     0.999966       355085     29789.09
        3.54     0.999969       355087     32768.00
        3.54     0.999971       355087     34492.63
        3.54     0.999973       355087     36408.89
        3.54     0.999974       355087     38550.59
        3.57     0.999976       355088     40960.00
        3.57     0.999977       355088     43690.67
        3.97     0.999979       355089     46811.43
        3.97     0.999980       355089     50412.31
        4.03     0.999982       355090     54613.33
        4.29     0.999983       355092     59578.18
        4.29     0.999985       355092     65536.00
        4.29     0.999986       355092     68985.26
        4.29     0.999986       355092     72817.78
        4.29     0.999987       355092     77101.18
        4.29     0.999988       355092     81920.00
        4.29     0.999989       355092     87381.33
        4.89     0.999989       355093     93622.86
        4.89     0.999990       355093    100824.62
        4.89     0.999991       355093    109226.67
        4.93     0.999992       355094    119156.36
        4.93     0.999992       355094    131072.00
        4.93     0.999993       355094    137970.53
        4.93     0.999993       355094    145635.56
        4.93     0.999994       355094    154202.35
        4.93     0.999994       355094    163840.00
        4.93     0.999994       355094    174762.67
        4.99     0.999995       355095    187245.71
        4.99     0.999995       355095    201649.23
        4.99     0.999995       355095    218453.33
        4.99     0.999996       355095    238312.73
        4.99     0.999996       355095    262144.00
        4.99     0.999996       355095    275941.05
        4.99     0.999997       355095    291271.11
        4.99     0.999997       355095    308404.71
        4.99     0.999997       355095    327680.00
        4.99     0.999997       355095    349525.33
        5.25     0.999997       355096    374491.43
        5.25     1.000000       355096          inf
#[Mean    =        0.675, StdDeviation   =        0.074]
#[Max     =        5.247, Total count    =       355096]
#[Buckets =           20, SubBuckets     =          256]
