       Value   Percentile   TotalCount 1/(1-Percentile)

        0.24     0.000000            2         1.00
        0.41     0.050000        20106         1.05
        0.45     0.100000        42032         1.11
        0.49     0.150000        60010         1.18
        0.52     0.200000        80670         1.25
        0.54     0.250000       101822         1.33
        0.55     0.300000       127748         1.43
        0.56     0.350000       140032         1.54
        0.57     0.400000       159305         1.67
        0.60     0.450000       179869         1.82
        0.61     0.500000       195302         2.00
        0.62     0.525000       205073         2.11
        0.63     0.550000       216071         2.22
        0.64     0.575000       227882         2.35
        0.65     0.600000       240678         2.50
        0.66     0.625000       253434         2.67
        0.66     0.650000       253434         2.86
        0.66     0.675000       266258         3.08
        0.67     0.700000       278487         3.33
        0.68     0.725000       289885         3.64
        0.69     0.750000       299946         4.00
        0.69     0.762500       299946         4.21
        0.69     0.775000       299946         4.44
        0.69     0.787500       308299         4.71
        0.70     0.800000       314980         5.00
        0.70     0.812500       314980         5.33
        0.71     0.825000       320261         5.71
        0.72     0.837500       324045         6.15
        0.74     0.850000       329981         6.67
        0.80     0.862500       334041         7.27
        0.83     0.875000       339489         8.00
        0.84     0.881250       342006         8.42
        0.85     0.887500       345111         8.89
        0.85     0.893750       348777         9.41
        0.85     0.900000       348777        10.00
        0.86     0.906250       352996        10.67
        0.86     0.912500       352996        11.43
        0.87     0.918750       357373        12.31
        0.88     0.925000       361985        13.33
        0.88     0.931250       361985        14.55
        0.89     0.937500       366515        16.00
        0.89     0.940625       366515        16.84
        0.89     0.943750       366515        17.78
        0.89     0.946875       366515        18.82
        0.90     0.950000       370833        20.00
        0.90     0.953125       370833        21.33
        0.90     0.956250       370833        22.86
        0.90     0.959375       374734        24.62
        0.90     0.962500       374734        26.67
        0.90     0.965625       374734        29.09
        0.90     0.968750       374734        32.00
        0.91     0.970313       378156        33.68
        0.91     0.971875       378156        35.56
        0.91     0.973437       378156        37.65
        0.91     0.975000       378156        40.00
        0.91     0.976562       378156        42.67
        0.92     0.978125       380859        45.71
        0.92     0.979688       380859        49.23
        0.92     0.981250       380859        53.33
        0.92     0.982812       380859        58.18
        0.92     0.984375       380859        64.00
        0.93     0.985156       382880        67.37
        0.93     0.985938       382880        71.11
        0.93     0.986719       382880        75.29
        0.93     0.987500       382880        80.00
        0.93     0.988281       382880        85.33
        0.93     0.989062       382880        91.43
        0.93     0.989844       382880        98.46
        0.94     0.990625       384288       106.67
        0.94     0.991406       384288       116.36
        0.94     0.992188       384288       128.00
        0.94     0.992578       384288       134.74
        0.94     0.992969       384288       142.22
        0.94     0.993359       384288       150.59
        0.94     0.993750       385228       160.00
        0.94     0.994141       385228       170.67
        0.94     0.994531       385228       182.86
        0.94     0.994922       385228       196.92
        0.94     0.995313       385228       213.33
        0.94     0.995703       385228       232.73
        0.95     0.996094       385813       256.00
        0.95     0.996289       385813       269.47
        0.95     0.996484       385813       284.44
        0.95     0.996680       385813       301.18
        0.95     0.996875       385813       320.00
        0.95     0.997070       385813       341.33
        0.95     0.997266       385813       365.71
        0.96     0.997461       386210       393.85
        0.96     0.997656       386210       426.67
        0.96     0.997852       386210       465.45
        0.96     0.998047       386210       512.00
        0.96     0.998145       386210       538.95
        0.96     0.998242       386210       568.89
        0.96     0.998340       386210       602.35
        0.96     0.998437       386210       640.00
        0.97     0.998535       386422       682.67
        0.97     0.998633       386422       731.43
        0.97     0.998730       386422       787.69
        0.97     0.998828       386422       853.33
        0.97     0.998926       386422       930.91
        0.97     0.999023       386422      1024.00
        0.97     0.999072       386570      1077.89
        0.97     0.999121       386570      1137.78
        0.97     0.999170       386570      1204.71
        0.97     0.999219       386570      1280.00
        0.97     0.999268       386570      1365.33
        0.97     0.999316       386570      1462.86
        0.97     0.999365       386570      1575.38
        0.97     0.999414       386570      1706.67
        0.98     0.999463       386642      1861.82
        0.98     0.999512       386642      2048.00
        0.98     0.999536       386642      2155.79
        0.98     0.999561       386642      2275.56
        0.98     0.999585       386642      2409.41
        0.99     0.999609       386689      2560.00
        0.99     0.999634       386689      2730.67
        0.99     0.999658       386689      2925.71
        0.99     0.999683       386689      3150.77
        0.99     0.999707       386689      3413.33
        1.00     0.999731       386710      3723.64
        1.00     0.999756       386710      4096.00
        1.00     0.999768       386710      4311.58
        1.01     0.999780       386724      4551.11
        1.01     0.999792       386724      4818.82
        1.01     0.999805       386724      5120.00
        1.01     0.999817       386731      5461.33
        1.01     0.999829       386731      5851.43
        1.02     0.999841       386738      6301.54
        1.03     0.999854       386741      6826.67
        1.05     0.999866       386748      7447.27
        1.05     0.999878       386751      8192.00
        1.06     0.999884       386752      8623.16
        1.07     0.999890       386758      9102.22
        1.07     0.999896       386758      9637.65
        1.08     0.999902       386762     10240.00
        1.08     0.999908       386762     10922.67
        1.09     0.999915       386764     11702.86
        1.09     0.999921       386766     12603.08
        1.10     0.999927       386769     13653.33
        1.12     0.999933       386771     14894.55
        1.13     0.999939       386773     16384.00
        1.14     0.999942       386774     17246.32
        1.14     0.999945       386775     18204.44
        1.15     0.999948       386776     19275.29
        1.16     0.999951       386778     20480.00
        1.17     0.999954       386780     21845.33
        1.17     0.999957       386780     23405.71
        1.18     0.999960       386782     25206.15
        1.18     0.999963       386782     27306.67
        1.20     0.999966       386785     29789.09
        1.20     0.999969       386785     32768.00
        1.20     0.999971       386785     34492.63
        1.22     0.999973       386786     36408.89
        1.22     0.999974       386786     38550.59
        1.23     0.999976       386787     40960.00
        1.25     0.999977       386788     43690.67
        1.25     0.999979       386788     46811.43
        1.26     0.999980       386789     50412.31
        1.26     0.999982       386789     54613.33
        1.29     0.999983       386790     59578.18
        1.31     0.999985       386791     65536.00
        1.31     0.999986       386791     68985.26
        1.31     0.999986       386791     72817.78
        1.31     0.999987       386791     77101.18
        1.32     0.999988       386792     81920.00
        1.32     0.999989       386792     87381.33
        1.32     0.999989       386792     93622.86
        1.34     0.999990       386793    100824.62
        1.34     0.999991       386793    109226.67
        1.34     0.999992       386793    119156.36
        1.68     0.999992       386794    131072.00
        1.68     0.999993       386794    137970.53
        1.68     0.999993       386794    145635.56
        1.68     0.999994       386794    154202.35
        1.68     0.999994       386794    163840.00
        1.68     0.999994       386794    174762.67
        1.68     0.999995       386794    187245.71
        1.79     0.999995       386795    201649.23
        1.79     0.999995       386795    218453.33
        1.79     0.999996       386795    238312.73
        1.79     0.999996       386795    262144.00
        1.79     0.999996       386795    275941.05
        1.79     0.999997       386795    291271.11
        1.79     0.999997       386795    308404.71
        1.79     0.999997       386795    327680.00
        1.79     0.999997       386795    349525.33
        1.79     0.999997       386795    374491.43
        2.17     0.999998       386796    403298.46
        2.17     1.000000       386796          inf
#[Mean    =        0.620, StdDeviation   =        0.134]
#[Max     =        2.175, Total count    =       386796]
#[Buckets =           20, SubBuckets     =          256]
