       Value   Percentile   TotalCount 1/(1-Percentile)

        0.10     0.000000            5         1.00
        0.27     0.050000       448470         1.05
        0.34     0.100000       785200         1.11
        0.83     0.150000      1146405         1.18
        1.00     0.200000      1548670         1.25
        1.06     0.250000      1918730         1.33
        1.10     0.300000      2392220         1.43
        1.13     0.350000      2763125         1.54
        1.15     0.400000      3179585         1.67
        1.17     0.450000      3471525         1.82
        1.19     0.500000      3929940         2.00
        1.20     0.525000      4082105         2.11
        1.21     0.550000      4231745         2.22
        1.22     0.575000      4525110         2.35
        1.23     0.600000      4669595         2.50
        1.24     0.625000      4809720         2.67
        1.25     0.650000      5073335         2.86
        1.26     0.675000      5193780         3.08
        1.28     0.700000      5416445         3.33
        1.29     0.725000      5601820         3.64
        1.31     0.750000      5751795         4.00
        1.32     0.762500      5814795         4.21
        1.33     0.775000      5918025         4.44
        1.36     0.787500      6030285         4.71
        1.38     0.800000      6113805         5.00
        1.42     0.812500      6202720         5.33
        1.46     0.825000      6299340         5.71
        1.50     0.837500      6385215         6.15
        1.53     0.850000      6479920         6.67
        1.57     0.862500      6589810         7.27
        1.61     0.875000      6674595         8.00
        1.62     0.881250      6717365         8.42
        1.65     0.887500      6779945         8.89
        1.66     0.893750      6822255         9.41
        1.68     0.900000      6866015        10.00
        1.70     0.906250      6909005        10.67
        1.72     0.912500      6973215        11.43
        1.74     0.918750      7015335        12.31
        1.75     0.925000      7056405        13.33
        1.77     0.931250      7097920        14.55
        1.79     0.937500      7159045        16.00
        1.80     0.940625      7177990        16.84
        1.81     0.943750      7197700        17.78
        1.81     0.946875      7216825        18.82
        1.83     0.950000      7253575        20.00
        1.84     0.953125      7271480        21.33
        1.85     0.956250      7287975        22.86
        1.86     0.959375      7319620        24.62
        1.87     0.962500      7334250        26.67
        1.89     0.965625      7361725        29.09
        1.90     0.968750      7384720        32.00
        1.91     0.970313      7394860        33.68
        1.93     0.971875      7412930        35.56
        1.94     0.973437      7420835        37.65
        1.95     0.975000      7435235        40.00
        1.97     0.976562      7446305        42.67
        1.98     0.978125      7455480        45.71
        2.01     0.979688      7466245        49.23
        2.05     0.981250      7477865        53.33
        2.11     0.982812      7489115        58.18
        2.22     0.984375      7501165        64.00
        2.30     0.985156      7507520        67.37
        2.37     0.985938      7513025        71.11
        2.45     0.986719      7519470        75.29
        2.53     0.987500      7525020        80.00
        2.65     0.988281      7531095        85.33
        2.80     0.989062      7536660        91.43
        3.10     0.989844      7542710        98.46
        3.57     0.990625      7548615       106.67
        4.13     0.991406      7554530       116.36
        4.86     0.992188      7560560       128.00
        5.44     0.992578      7563495       134.74
        5.95     0.992969      7566500       142.22
        6.59     0.993359      7569405       150.59
        7.13     0.993750      7572525       160.00
        7.62     0.994141      7575425       170.67
        8.13     0.994531      7578330       182.86
        8.64     0.994922      7581455       196.92
        9.09     0.995313      7584330       213.33
        9.79     0.995703      7587325       232.73
       10.62     0.996094      7590325       256.00
       11.84     0.996289      7591760       269.47
       12.99     0.996484      7593235       284.44
       15.17     0.996680      7594705       301.18
       16.25     0.996875      7596210       320.00
       16.77     0.997070      7598035       341.33
       17.41     0.997266      7599175       365.71
       19.33     0.997461      7600725       393.85
       20.35     0.997656      7602565       426.67
       20.73     0.997852      7603670       465.45
       21.89     0.998047      7605165       512.00
       22.91     0.998145      7605930       538.95
       23.93     0.998242      7606655       568.89
       24.32     0.998340      7610790       602.35
       24.32     0.998437      7610790       640.00
       24.32     0.998535      7610790       682.67
       24.32     0.998633      7610790       731.43
       24.32     0.998730      7610790       787.69
       24.45     0.998828      7613660       853.33
       24.45     0.998926      7613660       930.91
       24.45     0.999023      7613660      1024.00
       24.45     0.999072      7613660      1077.89
       24.45     0.999121      7613660      1137.78
       24.57     0.999170      7613895      1204.71
       24.70     0.999219      7614140      1280.00
       24.83     0.999268      7614500      1365.33
       25.21     0.999316      7614805      1462.86
       25.60     0.999365      7615195      1575.38
       26.50     0.999414      7615540      1706.67
       27.90     0.999463      7615930      1861.82
       28.29     0.999512      7616740      2048.00
       28.29     0.999536      7616740      2155.79
       28.29     0.999561      7616740      2275.56
       28.41     0.999585      7617645      2409.41
       28.41     0.999609      7617645      2560.00
       28.41     0.999634      7617645      2730.67
       28.41     0.999658      7617645      2925.71
       28.41     0.999683      7617645      3150.77
       28.54     0.999707      7617800      3413.33
       28.80     0.999731      7618120      3723.64
       28.93     0.999756      7618230      4096.00
       29.05     0.999768      7618290      4311.58
       29.18     0.999780      7618330      4551.11
       29.57     0.999792      7618465      4818.82
       30.21     0.999805      7618570      5120.00
       30.98     0.999817      7618620      5461.33
       31.61     0.999829      7618700      5851.43
       32.00     0.999841      7618795      6301.54
       32.26     0.999854      7618925      6826.67
       32.38     0.999866      7619245      7447.27
       32.38     0.999878      7619245      8192.00
       32.38     0.999884      7619245      8623.16
       32.38     0.999890      7619245      9102.22
       32.38     0.999896      7619245      9637.65
       32.51     0.999902      7619365     10240.00
       32.51     0.999908      7619365     10922.67
       32.51     0.999915      7619365     11702.86
       32.77     0.999921      7619420     12603.08
       33.02     0.999927      7619515     13653.33
       33.02     0.999933      7619515     14894.55
       33.28     0.999939      7619600     16384.00
       33.28     0.999942      7619600     17246.32
       33.28     0.999945      7619600     18204.44
       33.53     0.999948      7619635     19275.29
       33.53     0.999951      7619635     20480.00
       33.79     0.999954      7619675     21845.33
       33.79     0.999957      7619675     23405.71
       35.07     0.999960      7619700     25206.15
       36.09     0.999963      7619740     27306.67
       36.35     0.999966      7619765     29789.09
       36.61     0.999969      7619785     32768.00
       36.61     0.999971      7619785     34492.63
       36.86     0.999973      7619800     36408.89
       37.12     0.999974      7619810     38550.59
       37.38     0.999976      7619820     40960.00
       37.63     0.999977      7619840     43690.67
       37.63     0.999979      7619840     46811.43
       40.19     0.999980      7619850     50412.31
       40.45     0.999982      7619960     54613.33
       40.45     0.999983      7619960     59578.18
       40.45     0.999985      7619960     65536.00
       40.45     0.999986      7619960     68985.26
       40.45     0.999986      7619960     72817.78
       40.45     0.999987      7619960     77101.18
       40.45     0.999988      7619960     81920.00
       40.45     0.999989      7619960     87381.33
       40.45     0.999989      7619960     93622.86
       40.45     0.999990      7619960    100824.62
       40.45     0.999991      7619960    109226.67
       40.45     0.999992      7619960    119156.36
       40.45     0.999992      7619960    131072.00
       40.45     0.999993      7619960    137970.53
       40.45     0.999993      7619960    145635.56
       40.45     0.999994      7619960    154202.35
       40.45     0.999994      7619960    163840.00
       40.45     0.999994      7619960    174762.67
       40.45     0.999995      7619960    187245.71
       40.70     0.999995      7619970    201649.23
       40.70     0.999995      7619970    218453.33
       40.70     0.999996      7619970    238312.73
       40.96     0.999996      7620000    262144.00
       40.96     1.000000      7620000          inf
#[Mean    =        1.254, StdDeviation   =        1.436]
#[Max     =       40.959, Total count    =      7620000]
#[Buckets =           20, SubBuckets     =          256]
