       Value   Percentile   TotalCount 1/(1-Percentile)

        0.19     0.000000            1         1.00
        0.43     0.050000        19802         1.05
        0.46     0.100000        40328         1.11
        0.50     0.150000        56430         1.18
        0.54     0.200000        82217         1.25
        0.56     0.250000       103926         1.33
        0.57     0.300000       116114         1.43
        0.58     0.350000       138785         1.54
        0.60     0.400000       155292         1.67
        0.62     0.450000       173453         1.82
        0.64     0.500000       188139         2.00
        0.65     0.525000       197215         2.11
        0.66     0.550000       207685         2.22
        0.66     0.575000       219239         2.35
        0.67     0.600000       231529         2.50
        0.68     0.625000       243976         2.67
        0.68     0.650000       243976         2.86
        0.69     0.675000       256144         3.08
        0.69     0.700000       267989         3.33
        0.70     0.725000       278954         3.64
        0.71     0.750000       288571         4.00
        0.71     0.762500       288571         4.21
        0.72     0.775000       296837         4.44
        0.72     0.787500       296837         4.71
        0.73     0.800000       303483         5.00
        0.73     0.812500       303483         5.33
        0.73     0.825000       308502         5.71
        0.75     0.837500       314804         6.15
        0.77     0.850000       317792         6.67
        0.83     0.862500       321851         7.27
        0.86     0.875000       327317         8.00
        0.87     0.881250       329804         8.42
        0.88     0.887500       332897         8.89
        0.89     0.893750       336500         9.41
        0.89     0.900000       336500        10.00
        0.90     0.906250       340542        10.67
        0.90     0.912500       340542        11.43
        0.90     0.918750       344987        12.31
        0.90     0.925000       344987        13.33
        0.91     0.931250       349406        14.55
        0.92     0.937500       353801        16.00
        0.92     0.940625       353801        16.84
        0.92     0.943750       353801        17.78
        0.92     0.946875       353801        18.82
        0.93     0.950000       357979        20.00
        0.93     0.953125       357979        21.33
        0.93     0.956250       357979        22.86
        0.93     0.959375       357979        24.62
        0.94     0.962500       361768        26.67
        0.94     0.965625       361768        29.09
        0.94     0.968750       361768        32.00
        0.94     0.970313       365009        33.68
        0.94     0.971875       365009        35.56
        0.94     0.973437       365009        37.65
        0.94     0.975000       365009        40.00
        0.94     0.976562       365009        42.67
        0.94     0.978125       365009        45.71
        0.95     0.979688       367442        49.23
        0.95     0.981250       367442        53.33
        0.95     0.982812       367442        58.18
        0.95     0.984375       367442        64.00
        0.95     0.985156       367442        67.37
        0.96     0.985938       369293        71.11
        0.96     0.986719       369293        75.29
        0.96     0.987500       369293        80.00
        0.96     0.988281       369293        85.33
        0.96     0.989062       369293        91.43
        0.96     0.989844       369293        98.46
        0.97     0.990625       370597       106.67
        0.97     0.991406       370597       116.36
        0.97     0.992188       370597       128.00
        0.97     0.992578       370597       134.74
        0.97     0.992969       370597       142.22
        0.97     0.993359       370597       150.59
        0.97     0.993750       370597       160.00
        0.97     0.994141       371418       170.67
        0.97     0.994531       371418       182.86
        0.97     0.994922       371418       196.92
        0.97     0.995313       371418       213.33
        0.97     0.995703       371418       232.73
        0.98     0.996094       371958       256.00
        0.98     0.996289       371958       269.47
        0.98     0.996484       371958       284.44
        0.98     0.996680       371958       301.18
        0.98     0.996875       371958       320.00
        0.98     0.997070       371958       341.33
        0.98     0.997266       371958       365.71
        0.98     0.997461       371958       393.85
        0.99     0.997656       372297       426.67
        0.99     0.997852       372297       465.45
        0.99     0.998047       372297       512.00
        0.99     0.998145       372297       538.95
        0.99     0.998242       372297       568.89
        0.99     0.998340       372297       602.35
        1.00     0.998437       372505       640.00
        1.00     0.998535       372505       682.67
        1.00     0.998633       372505       731.43
        1.00     0.998730       372505       787.69
        1.00     0.998828       372505       853.33
        1.00     0.998926       372505       930.91
        1.01     0.999023       372627      1024.00
        1.01     0.999072       372627      1077.89
        1.01     0.999121       372627      1137.78
        1.01     0.999170       372627      1204.71
        1.01     0.999219       372627      1280.00
        1.01     0.999268       372705      1365.33
        1.01     0.999316       372705      1462.86
        1.01     0.999365       372705      1575.38
        1.01     0.999414       372705      1706.67
        1.01     0.999463       372705      1861.82
        1.02     0.999512       372761      2048.00
        1.02     0.999536       372761      2155.79
        1.02     0.999561       372761      2275.56
        1.02     0.999585       372761      2409.41
        1.02     0.999609       372761      2560.00
        1.03     0.999634       372792      2730.67
        1.03     0.999658       372792      2925.71
        1.03     0.999683       372792      3150.77
        1.04     0.999707       372809      3413.33
        1.04     0.999731       372809      3723.64
        1.05     0.999756       372823      4096.00
        1.05     0.999768       372823      4311.58
        1.05     0.999780       372823      4551.11
        1.05     0.999792       372832      4818.82
        1.05     0.999805       372832      5120.00
        1.06     0.999817       372838      5461.33
        1.07     0.999829       372845      5851.43
        1.07     0.999841       372845      6301.54
        1.09     0.999854       372853      6826.67
        1.09     0.999866       372853      7447.27
        1.10     0.999878       372858      8192.00
        1.11     0.999884       372860      8623.16
        1.12     0.999890       372864      9102.22
        1.13     0.999896       372868      9637.65
        1.13     0.999902       372868     10240.00
        1.14     0.999908       372869     10922.67
        1.14     0.999915       372875     11702.86
        1.14     0.999921       372875     12603.08
        1.15     0.999927       372877     13653.33
        1.16     0.999933       372881     14894.55
        1.16     0.999939       372881     16384.00
        1.17     0.999942       372884     17246.32
        1.17     0.999945       372884     18204.44
        1.17     0.999948       372884     19275.29
        1.18     0.999951       372887     20480.00
        1.18     0.999954       372887     21845.33
        1.20     0.999957       372889     23405.71
        1.20     0.999960       372889     25206.15
        1.21     0.999963       372890     27306.67
        1.22     0.999966       372891     29789.09
        1.25     0.999969       372892     32768.00
        1.26     0.999971       372893     34492.63
        1.26     0.999973       372893     36408.89
        1.30     0.999974       372894     38550.59
        1.30     0.999976       372894     40960.00
        1.31     0.999977       372896     43690.67
        1.31     0.999979       372896     46811.43
        1.31     0.999980       372896     50412.31
        1.34     0.999982       372897     54613.33
        1.34     0.999983       372897     59578.18
        1.36     0.999985       372898     65536.00
        1.36     0.999986       372898     68985.26
        1.36     0.999986       372898     72817.78
        1.38     0.999987       372899     77101.18
        1.38     0.999988       372899     81920.00
        1.38     0.999989       372899     87381.33
        1.42     0.999989       372900     93622.86
        1.42     0.999990       372900    100824.62
        1.42     0.999991       372900    109226.67
        1.42     0.999992       372900    119156.36
        1.45     0.999992       372901    131072.00
        1.45     0.999993       372901    137970.53
        1.45     0.999993       372901    145635.56
        1.45     0.999994       372901    154202.35
        1.45     0.999994       372901    163840.00
        1.45     0.999994       372901    174762.67
        1.46     0.999995       372902    187245.71
        1.46     0.999995       372902    201649.23
        1.46     0.999995       372902    218453.33
        1.46     0.999996       372902    238312.73
        1.46     0.999996       372902    262144.00
        1.46     0.999996       372902    275941.05
        1.46     0.999997       372902    291271.11
        1.46     0.999997       372902    308404.71
        1.46     0.999997       372902    327680.00
        1.46     0.999997       372902    349525.33
        1.54     0.999997       372903    374491.43
        1.54     1.000000       372903          inf
#[Mean    =        0.643, StdDeviation   =        0.139]
#[Max     =        1.543, Total count    =       372903]
#[Buckets =           20, SubBuckets     =          256]
