       Value   Percentile   TotalCount 1/(1-Percentile)

        0.18     0.000000            1         1.00
        0.29     0.050000        29125         1.05
        0.31     0.100000        64848         1.11
        0.35     0.150000        85078         1.18
        0.38     0.200000       124441         1.25
        0.38     0.250000       147630         1.33
        0.39     0.300000       171148         1.43
        0.40     0.350000       194555         1.54
        0.41     0.400000       230948         1.67
        0.43     0.450000       252221         1.82
        0.45     0.500000       293975         2.00
        0.45     0.525000       293975         2.11
        0.46     0.550000       324328         2.22
        0.46     0.575000       324328         2.35
        0.46     0.600000       356394         2.50
        0.46     0.625000       356394         2.67
        0.46     0.650000       356394         2.86
        0.47     0.675000       388879         3.08
        0.47     0.700000       388879         3.33
        0.48     0.725000       419418         3.64
        0.48     0.750000       419418         4.00
        0.48     0.762500       419418         4.21
        0.49     0.775000       442743         4.44
        0.49     0.787500       442743         4.71
        0.49     0.800000       442743         5.00
        0.49     0.812500       442743         5.33
        0.49     0.825000       455926         5.71
        0.49     0.837500       455926         6.15
        0.51     0.850000       463480         6.67
        0.59     0.862500       468357         7.27
        0.61     0.875000       475240         8.00
        0.62     0.881250       482377         8.42
        0.62     0.887500       482377         8.89
        0.63     0.893750       492883         9.41
        0.63     0.900000       492883        10.00
        0.63     0.906250       492883        10.67
        0.64     0.912500       505957        11.43
        0.64     0.918750       505957        12.31
        0.64     0.925000       505957        13.33
        0.64     0.931250       505957        14.55
        0.65     0.937500       518947        16.00
        0.65     0.940625       518947        16.84
        0.65     0.943750       518947        17.78
        0.65     0.946875       518947        18.82
        0.65     0.950000       518947        20.00
        0.65     0.953125       518947        21.33
        0.66     0.956250       529441        22.86
        0.66     0.959375       529441        24.62
        0.66     0.962500       529441        26.67
        0.66     0.965625       529441        29.09
        0.66     0.968750       529441        32.00
        0.66     0.970313       529441        33.68
        0.66     0.971875       529441        35.56
        0.66     0.973437       529441        37.65
        0.66     0.975000       529441        40.00
        0.66     0.976562       536394        42.67
        0.66     0.978125       536394        45.71
        0.66     0.979688       536394        49.23
        0.66     0.981250       536394        53.33
        0.66     0.982812       536394        58.18
        0.66     0.984375       536394        64.00
        0.66     0.985156       536394        67.37
        0.66     0.985938       536394        71.11
        0.66     0.986719       536394        75.29
        0.66     0.987500       536394        80.00
        0.67     0.988281       540141        85.33
        0.67     0.989062       540141        91.43
        0.67     0.989844       540141        98.46
        0.67     0.990625       540141       106.67
        0.67     0.991406       540141       116.36
        0.67     0.992188       540141       128.00
        0.67     0.992578       540141       134.74
        0.67     0.992969       540141       142.22
        0.67     0.993359       540141       150.59
        0.67     0.993750       540141       160.00
        0.67     0.994141       540141       170.67
        0.67     0.994531       540141       182.86
        0.68     0.994922       541752       196.92
        0.68     0.995313       541752       213.33
        0.68     0.995703       541752       232.73
        0.68     0.996094       541752       256.00
        0.68     0.996289       541752       269.47
        0.68     0.996484       541752       284.44
        0.68     0.996680       541752       301.18
        0.68     0.996875       541752       320.00
        0.68     0.997070       541752       341.33
        0.68     0.997266       541752       365.71
        0.68     0.997461       541752       393.85
        0.68     0.997656       541752       426.67
        0.69     0.997852       542385       465.45
        0.69     0.998047       542385       512.00
        0.69     0.998145       542385       538.95
        0.69     0.998242       542385       568.89
        0.69     0.998340       542385       602.35
        0.69     0.998437       542385       640.00
        0.69     0.998535       542385       682.67
        0.69     0.998633       542385       731.43
        0.69     0.998730       542385       787.69
        0.69     0.998828       542385       853.33
        0.69     0.998926       542385       930.91
        0.69     0.999023       542618      1024.00
        0.69     0.999072       542618      1077.89
        0.69     0.999121       542618      1137.78
        0.69     0.999170       542618      1204.71
        0.69     0.999219       542618      1280.00
        0.69     0.999268       542618      1365.33
        0.69     0.999316       542618      1462.86
        0.69     0.999365       542618      1575.38
        0.69     0.999414       542618      1706.67
        0.70     0.999463       542710      1861.82
        0.70     0.999512       542710      2048.00
        0.70     0.999536       542710      2155.79
        0.70     0.999561       542710      2275.56
        0.70     0.999585       542710      2409.41
        0.71     0.999609       542767      2560.00
        0.71     0.999634       542767      2730.67
        0.71     0.999658       542767      2925.71
        0.71     0.999683       542767      3150.77
        0.72     0.999707       542792      3413.33
        0.72     0.999731       542792      3723.64
        0.73     0.999756       542800      4096.00
        0.73     0.999768       542817      4311.58
        0.73     0.999780       542817      4551.11
        0.74     0.999792       542831      4818.82
        0.74     0.999805       542831      5120.00
        0.75     0.999817       542845      5461.33
        0.75     0.999829       542845      5851.43
        0.76     0.999841       542853      6301.54
        0.76     0.999854       542853      6826.67
        0.77     0.999866       542862      7447.27
        0.78     0.999878       542871      8192.00
        0.78     0.999884       542871      8623.16
        0.78     0.999890       542875      9102.22
        0.79     0.999896       542879      9637.65
        0.79     0.999902       542879     10240.00
        0.80     0.999908       542884     10922.67
        0.81     0.999915       542888     11702.86
        0.81     0.999921       542892     12603.08
        0.82     0.999927       542893     13653.33
        0.84     0.999933       542896     14894.55
        0.85     0.999939       542899     16384.00
        0.85     0.999942       542903     17246.32
        0.85     0.999945       542903     18204.44
        0.86     0.999948       542905     19275.29
        0.87     0.999951       542909     20480.00
        0.87     0.999954       542909     21845.33
        0.87     0.999957       542909     23405.71
        0.89     0.999960       542914     25206.15
        0.89     0.999963       542914     27306.67
        0.89     0.999966       542914     29789.09
        0.90     0.999969       542917     32768.00
        0.90     0.999971       542917     34492.63
        0.90     0.999973       542918     36408.89
        0.90     0.999974       542918     38550.59
        0.91     0.999976       542920     40960.00
        0.91     0.999977       542920     43690.67
        0.92     0.999979       542922     46811.43
        0.92     0.999980       542922     50412.31
        0.93     0.999982       542923     54613.33
        0.93     0.999983       542923     59578.18
        0.94     0.999985       542924     65536.00
        0.96     0.999986       542925     68985.26
        0.96     0.999986       542925     72817.78
        0.96     0.999987       542925     77101.18
        0.98     0.999988       542927     81920.00
        0.98     0.999989       542927     87381.33
        0.98     0.999989       542927     93622.86
        0.98     0.999990       542927    100824.62
        1.03     0.999991       542928    109226.67
        1.03     0.999992       542928    119156.36
        1.03     0.999992       542928    131072.00
        5.41     0.999993       542929    137970.53
        5.41     0.999993       542929    145635.56
        5.41     0.999994       542929    154202.35
        5.41     0.999994       542929    163840.00
        5.41     0.999994       542929    174762.67
        5.60     0.999995       542930    187245.71
        5.60     0.999995       542930    201649.23
        5.60     0.999995       542930    218453.33
        5.60     0.999996       542930    238312.73
        5.60     0.999996       542930    262144.00
        5.63     0.999996       542931    275941.05
        5.63     0.999997       542931    291271.11
        5.63     0.999997       542931    308404.71
        5.63     0.999997       542931    327680.00
        5.63     0.999997       542931    349525.33
        5.63     0.999997       542931    374491.43
        5.63     0.999998       542931    403298.46
        5.63     0.999998       542931    436906.67
        5.63     0.999998       542931    476625.45
        5.63     0.999998       542931    524288.00
        5.73     0.999998       542932    551882.11
        5.73     1.000000       542932          inf
#[Mean    =        0.442, StdDeviation   =        0.100]
#[Max     =        5.727, Total count    =       542932]
#[Buckets =           20, SubBuckets     =          256]
