       Value   Percentile   TotalCount 1/(1-Percentile)

        0.24     0.000000            3         1.00
        0.47     0.050000        21051         1.05
        0.50     0.100000        36337         1.11
        0.54     0.150000        51778         1.18
        0.57     0.200000        68526         1.25
        0.60     0.250000        91768         1.33
        0.61     0.300000       110268         1.43
        0.63     0.350000       126928         1.54
        0.65     0.400000       139844         1.67
        0.67     0.450000       156198         1.82
        0.69     0.500000       176804         2.00
        0.70     0.525000       185089         2.11
        0.71     0.550000       193979         2.22
        0.72     0.575000       203089         2.35
        0.73     0.600000       212661         2.50
        0.73     0.625000       222141         2.67
        0.74     0.650000       231305         2.86
        0.74     0.675000       231305         3.08
        0.75     0.700000       240127         3.33
        0.76     0.725000       248153         3.64
        0.78     0.750000       261617         4.00
        0.78     0.762500       261617         4.21
        0.78     0.775000       266976         4.44
        0.79     0.787500       271292         4.71
        0.80     0.800000       274863         5.00
        0.81     0.812500       280331         5.33
        0.82     0.825000       282328         5.71
        0.85     0.837500       286588         6.15
        0.88     0.850000       290870         6.67
        0.91     0.862500       295681         7.27
        0.94     0.875000       301625         8.00
        0.94     0.881250       301625         8.42
        0.94     0.887500       304189         8.89
        0.95     0.893750       307108         9.41
        0.96     0.900000       310211        10.00
        0.96     0.906250       310211        10.67
        0.97     0.912500       313532        11.43
        0.97     0.918750       316829        12.31
        0.97     0.925000       316829        13.33
        0.98     0.931250       320290        14.55
        0.99     0.937500       323537        16.00
        0.99     0.940625       323537        16.84
        0.99     0.943750       323537        17.78
        1.00     0.946875       326516        18.82
        1.00     0.950000       326516        20.00
        1.00     0.953125       326516        21.33
        1.01     0.956250       329229        22.86
        1.01     0.959375       329229        24.62
        1.01     0.962500       331514        26.67
        1.01     0.965625       331514        29.09
        1.01     0.968750       331514        32.00
        1.02     0.970313       333396        33.68
        1.02     0.971875       333396        35.56
        1.02     0.973437       333396        37.65
        1.03     0.975000       334871        40.00
        1.03     0.976562       334871        42.67
        1.03     0.978125       334871        45.71
        1.04     0.979688       336035        49.23
        1.04     0.981250       336035        53.33
        1.05     0.982812       336979        58.18
        1.05     0.984375       336979        64.00
        1.05     0.985156       337707        67.37
        1.05     0.985938       337707        71.11
        1.05     0.986719       337707        75.29
        1.06     0.987500       338245        80.00
        1.06     0.988281       338245        85.33
        1.07     0.989062       338670        91.43
        1.08     0.989844       339038        98.46
        1.08     0.990625       339038       106.67
        1.09     0.991406       339360       116.36
        1.09     0.992188       339599       128.00
        1.10     0.992578       339808       134.74
        1.10     0.992969       339808       142.22
        1.11     0.993359       339997       150.59
        1.12     0.993750       340156       160.00
        1.13     0.994141       340309       170.67
        1.14     0.994531       340455       182.86
        1.14     0.994922       340455       196.92
        1.14     0.995313       340599       213.33
        1.15     0.995703       340718       232.73
        1.17     0.996094       340938       256.00
        1.17     0.996289       340938       269.47
        1.18     0.996484       341037       284.44
        1.18     0.996680       341116       301.18
        1.18     0.996875       341116       320.00
        1.19     0.997070       341190       341.33
        1.20     0.997266       341271       365.71
        1.21     0.997461       341345       393.85
        1.22     0.997656       341399       426.67
        1.23     0.997852       341495       465.45
        1.24     0.998047       341543       512.00
        1.25     0.998145       341582       538.95
        1.25     0.998242       341612       568.89
        1.26     0.998340       341649       602.35
        1.27     0.998437       341679       640.00
        1.28     0.998535       341711       682.67
        1.29     0.998633       341733       731.43
        1.29     0.998730       341755       787.69
        1.31     0.998828       341810       853.33
        1.32     0.998926       341832       930.91
        1.33     0.999023       341854      1024.00
        1.34     0.999072       341881      1077.89
        1.35     0.999121       341897      1137.78
        1.36     0.999170       341914      1204.71
        1.37     0.999219       341925      1280.00
        1.38     0.999268       341941      1365.33
        1.38     0.999316       341952      1462.86
        1.40     0.999365       341971      1575.38
        1.42     0.999414       341988      1706.67
        1.43     0.999463       342006      1861.82
        1.45     0.999512       342019      2048.00
        1.46     0.999536       342027      2155.79
        1.47     0.999561       342036      2275.56
        1.49     0.999585       342049      2409.41
        1.50     0.999609       342052      2560.00
        1.52     0.999634       342061      2730.67
        1.54     0.999658       342069      2925.71
        1.57     0.999683       342077      3150.77
        1.60     0.999707       342085      3413.33
        1.64     0.999731       342095      3723.64
        1.66     0.999756       342102      4096.00
        1.71     0.999768       342106      4311.58
        1.76     0.999780       342111      4551.11
        1.79     0.999792       342115      4818.82
        1.94     0.999805       342119      5120.00
        2.17     0.999817       342123      5461.33
        2.90     0.999829       342127      5851.43
        3.09     0.999841       342132      6301.54
        3.42     0.999854       342135      6826.67
        4.01     0.999866       342141      7447.27
        4.05     0.999878       342144      8192.00
        4.08     0.999884       342146      8623.16
        4.13     0.999890       342149      9102.22
        4.16     0.999896       342151      9637.65
        4.19     0.999902       342152     10240.00
        4.22     0.999908       342154     10922.67
        4.29     0.999915       342157     11702.86
        4.35     0.999921       342158     12603.08
        4.51     0.999927       342160     13653.33
        5.38     0.999933       342163     14894.55
        5.66     0.999939       342165     16384.00
        6.53     0.999942       342166     17246.32
        6.59     0.999945       342167     18204.44
        6.75     0.999948       342168     19275.29
        6.78     0.999951       342169     20480.00
        6.91     0.999954       342170     21845.33
        7.04     0.999957       342171     23405.71
        7.13     0.999960       342172     25206.15
        7.46     0.999963       342173     27306.67
        7.84     0.999966       342174     29789.09
        7.90     0.999969       342175     32768.00
        8.26     0.999971       342176     34492.63
        8.26     0.999973       342176     36408.89
        8.70     0.999974       342177     38550.59
        8.70     0.999976       342177     40960.00
       24.45     0.999977       342179     43690.67
       24.45     0.999979       342179     46811.43
       24.45     0.999980       342179     50412.31
       24.45     0.999982       342179     54613.33
       24.70     0.999983       342180     59578.18
       24.70     0.999985       342180     65536.00
       24.83     0.999986       342181     68985.26
       24.83     0.999986       342181     72817.78
       24.83     0.999987       342181     77101.18
       24.83     0.999988       342181     81920.00
       48.38     0.999989       342185     87381.33
       48.38     1.000000       342185          inf
#[Mean    =        0.701, StdDeviation   =        0.246]
#[Max     =       48.383, Total count    =       342185]
#[Buckets =           20, SubBuckets     =          256]
