       Value   Percentile   TotalCount 1/(1-Percentile)

        0.17     0.000000            2         1.00
        0.27     0.050000        41915         1.05
        0.28     0.100000        62747         1.11
        0.32     0.150000        90658         1.18
        0.34     0.200000       141065         1.25
        0.35     0.250000       167584         1.33
        0.36     0.300000       194021         1.43
        0.37     0.350000       220108         1.54
        0.38     0.400000       239450         1.67
        0.39     0.450000       267304         1.82
        0.41     0.500000       323555         2.00
        0.41     0.525000       323555         2.11
        0.41     0.550000       361109         2.22
        0.41     0.575000       361109         2.35
        0.41     0.600000       361109         2.50
        0.42     0.625000       398768         2.67
        0.42     0.650000       398768         2.86
        0.43     0.675000       434217         3.08
        0.43     0.700000       434217         3.33
        0.43     0.725000       434217         3.64
        0.44     0.750000       463205         4.00
        0.44     0.762500       463205         4.21
        0.44     0.775000       463205         4.44
        0.45     0.787500       482088         4.71
        0.45     0.800000       482088         5.00
        0.45     0.812500       482088         5.33
        0.46     0.825000       492096         5.71
        0.46     0.837500       497320         6.15
        0.49     0.850000       504269         6.67
        0.55     0.862500       511268         7.27
        0.57     0.875000       521996         8.00
        0.57     0.881250       533223         8.42
        0.57     0.887500       533223         8.89
        0.57     0.893750       533223         9.41
        0.58     0.900000       547501        10.00
        0.58     0.906250       547501        10.67
        0.58     0.912500       547501        11.43
        0.58     0.918750       547501        12.31
        0.59     0.925000       561792        13.33
        0.59     0.931250       561792        14.55
        0.59     0.937500       561792        16.00
        0.59     0.940625       561792        16.84
        0.59     0.943750       561792        17.78
        0.59     0.946875       561792        18.82
        0.60     0.950000       573503        20.00
        0.60     0.953125       573503        21.33
        0.60     0.956250       573503        22.86
        0.60     0.959375       573503        24.62
        0.60     0.962500       573503        26.67
        0.60     0.965625       573503        29.09
        0.61     0.968750       581062        32.00
        0.61     0.970313       581062        33.68
        0.61     0.971875       581062        35.56
        0.61     0.973437       581062        37.65
        0.61     0.975000       581062        40.00
        0.61     0.976562       581062        42.67
        0.61     0.978125       581062        45.71
        0.61     0.979688       581062        49.23
        0.61     0.981250       585148        53.33
        0.61     0.982812       585148        58.18
        0.61     0.984375       585148        64.00
        0.61     0.985156       585148        67.37
        0.61     0.985938       585148        71.11
        0.61     0.986719       585148        75.29
        0.62     0.987500       587308        80.00
        0.62     0.988281       587308        85.33
        0.62     0.989062       587308        91.43
        0.62     0.989844       587308        98.46
        0.62     0.990625       587308       106.67
        0.63     0.991406       588547       116.36
        0.63     0.992188       588547       128.00
        0.63     0.992578       588547       134.74
        0.64     0.992969       589348       142.22
        0.64     0.993359       589348       150.59
        0.64     0.993750       589348       160.00
        0.64     0.994141       589348       170.67
        0.65     0.994531       589954       182.86
        0.65     0.994922       589954       196.92
        0.65     0.995313       589954       213.33
        0.66     0.995703       590432       232.73
        0.66     0.996094       590432       256.00
        0.66     0.996289       590827       269.47
        0.66     0.996484       590827       284.44
        0.66     0.996680       590827       301.18
        0.67     0.996875       591167       320.00
        0.67     0.997070       591167       341.33
        0.67     0.997266       591167       365.71
        0.68     0.997461       591444       393.85
        0.68     0.997656       591444       426.67
        0.69     0.997852       591715       465.45
        0.69     0.998047       591715       512.00
        0.69     0.998145       591715       538.95
        0.69     0.998242       591715       568.89
        0.69     0.998340       591929       602.35
        0.69     0.998437       591929       640.00
        0.69     0.998535       591929       682.67
        0.69     0.998633       591929       731.43
        0.70     0.998730       592104       787.69
        0.70     0.998828       592104       853.33
        0.70     0.998926       592104       930.91
        0.71     0.999023       592263      1024.00
        0.71     0.999072       592263      1077.89
        0.71     0.999121       592263      1137.78
        0.71     0.999170       592263      1204.71
        0.71     0.999219       592263      1280.00
        0.72     0.999268       592399      1365.33
        0.72     0.999316       592399      1462.86
        0.72     0.999365       592399      1575.38
        0.72     0.999414       592399      1706.67
        0.73     0.999463       592479      1861.82
        0.73     0.999512       592479      2048.00
        0.73     0.999536       592479      2155.79
        0.73     0.999561       592479      2275.56
        0.73     0.999585       592479      2409.41
        0.73     0.999609       592533      2560.00
        0.73     0.999634       592533      2730.67
        0.73     0.999658       592533      2925.71
        0.73     0.999683       592533      3150.77
        0.74     0.999707       592576      3413.33
        0.74     0.999731       592576      3723.64
        0.74     0.999756       592576      4096.00
        0.75     0.999768       592599      4311.58
        0.75     0.999780       592599      4551.11
        0.75     0.999792       592599      4818.82
        0.76     0.999805       592621      5120.00
        0.76     0.999817       592621      5461.33
        0.76     0.999829       592621      5851.43
        0.77     0.999841       592628      6301.54
        0.78     0.999854       592635      6826.67
        0.79     0.999866       592645      7447.27
        0.80     0.999878       592649      8192.00
        0.81     0.999884       592651      8623.16
        0.83     0.999890       592655      9102.22
        0.84     0.999896       592658      9637.65
        0.86     0.999902       592662     10240.00
        1.33     0.999908       592667     10922.67
        1.44     0.999915       592669     11702.86
        1.56     0.999921       592672     12603.08
        2.38     0.999927       592676     13653.33
        2.46     0.999933       592681     14894.55
        2.50     0.999939       592683     16384.00
        2.59     0.999942       592685     17246.32
        2.64     0.999945       592688     18204.44
        2.65     0.999948       592690     19275.29
        2.67     0.999951       592692     20480.00
        2.67     0.999954       592692     21845.33
        2.88     0.999957       592694     23405.71
        3.02     0.999960       592697     25206.15
        3.06     0.999963       592698     27306.67
        3.18     0.999966       592701     29789.09
        3.18     0.999969       592701     32768.00
        3.20     0.999971       592704     34492.63
        3.20     0.999973       592704     36408.89
        3.20     0.999974       592704     38550.59
        3.31     0.999976       592705     40960.00
        3.46     0.999977       592706     43690.67
        3.47     0.999979       592707     46811.43
        3.50     0.999980       592710     50412.31
        3.50     0.999982       592710     54613.33
        3.50     0.999983       592710     59578.18
        3.50     0.999985       592710     65536.00
        3.57     0.999986       592711     68985.26
        3.57     0.999986       592711     72817.78
        3.62     0.999987       592713     77101.18
        3.62     0.999988       592713     81920.00
        3.62     0.999989       592713     87381.33
        3.62     0.999989       592713     93622.86
        3.65     0.999990       592715    100824.62
        3.65     0.999991       592715    109226.67
        3.65     0.999992       592715    119156.36
        3.65     0.999992       592715    131072.00
        3.65     0.999993       592715    137970.53
        3.65     0.999993       592715    145635.56
        3.66     0.999994       592716    154202.35
        3.66     0.999994       592716    163840.00
        3.66     0.999994       592716    174762.67
        3.66     0.999995       592716    187245.71
        3.74     0.999995       592717    201649.23
        3.74     0.999995       592717    218453.33
        3.74     0.999996       592717    238312.73
        3.74     0.999996       592717    262144.00
        3.74     0.999996       592717    275941.05
        3.74     0.999997       592717    291271.11
        3.77     0.999997       592718    308404.71
        3.77     0.999997       592718    327680.00
        3.77     0.999997       592718    349525.33
        3.77     0.999997       592718    374491.43
        3.77     0.999998       592718    403298.46
        3.77     0.999998       592718    436906.67
        3.77     0.999998       592718    476625.45
        3.77     0.999998       592718    524288.00
        3.77     0.999998       592718    551882.11
        3.77     0.999998       592718    582542.22
        3.92     0.999998       592719    616809.41
        3.92     1.000000       592719          inf
#[Mean    =        0.405, StdDeviation   =        0.096]
#[Max     =        3.919, Total count    =       592719]
#[Buckets =           20, SubBuckets     =          256]
