       Value   Percentile   TotalCount 1/(1-Percentile)

        0.21     0.000000            1         1.00
        1.25     0.050000         9061         1.05
        1.29     0.100000        17014         1.11
        1.31     0.150000        24801         1.18
        1.33     0.200000        34548         1.25
        1.35     0.250000        42250         1.33
        1.37     0.300000        50909         1.43
        1.38     0.350000        60273         1.54
        1.39     0.400000        65001         1.67
        1.41     0.450000        74398         1.82
        1.42     0.500000        83483         2.00
        1.43     0.525000        87820         2.11
        1.44     0.550000        92045         2.22
        1.45     0.575000        96338         2.35
        1.46     0.600000       100292         2.50
        1.46     0.625000       104130         2.67
        1.47     0.650000       107810         2.86
        1.48     0.675000       111394         3.08
        1.49     0.700000       114887         3.33
        1.50     0.725000       117990         3.64
        1.51     0.750000       123620         4.00
        1.51     0.762500       123620         4.21
        1.52     0.775000       126037         4.44
        1.53     0.787500       128180         4.71
        1.53     0.800000       130105         5.00
        1.54     0.812500       131748         5.33
        1.56     0.825000       134218         5.71
        1.57     0.837500       135206         6.15
        1.60     0.850000       137434         6.67
        1.78     0.862500       139207         7.27
        1.89     0.875000       141444         8.00
        1.90     0.881250       142378         8.42
        1.92     0.887500       143461         8.89
        1.94     0.893750       144628         9.41
        1.95     0.900000       145795        10.00
        1.96     0.906250       146370        10.67
        1.98     0.912500       147394        11.43
        1.99     0.918750       148310        12.31
        2.02     0.925000       149419        13.33
        2.04     0.931250       150384        14.55
        2.08     0.937500       151932        16.00
        2.08     0.940625       151932        16.84
        2.10     0.943750       152619        17.78
        2.11     0.946875       153499        18.82
        2.11     0.950000       153499        20.00
        2.13     0.953125       154563        21.33
        2.13     0.956250       154563        22.86
        2.14     0.959375       155649        24.62
        2.14     0.962500       155649        26.67
        2.16     0.965625       156740        29.09
        2.16     0.968750       156740        32.00
        2.16     0.970313       156740        33.68
        2.17     0.971875       157743        35.56
        2.17     0.973437       157743        37.65
        2.17     0.975000       157743        40.00
        2.17     0.976562       157743        42.67
        2.19     0.978125       158657        45.71
        2.19     0.979688       158657        49.23
        2.19     0.981250       158657        53.33
        2.19     0.982812       158657        58.18
        2.21     0.984375       159392        64.00
        2.21     0.985156       159392        67.37
        2.21     0.985938       159392        71.11
        2.21     0.986719       159392        75.29
        2.21     0.987500       159392        80.00
        2.22     0.988281       159972        85.33
        2.22     0.989062       159972        91.43
        2.22     0.989844       159972        98.46
        2.22     0.990625       159972       106.67
        2.24     0.991406       160363       116.36
        2.24     0.992188       160363       128.00
        2.24     0.992578       160363       134.74
        2.24     0.992969       160363       142.22
        2.24     0.993359       160363       150.59
        2.25     0.993750       160596       160.00
        2.25     0.994141       160596       170.67
        2.25     0.994531       160596       182.86
        2.25     0.994922       160596       196.92
        2.27     0.995313       160741       213.33
        2.27     0.995703       160741       232.73
        2.29     0.996094       160837       256.00
        2.29     0.996289       160837       269.47
        2.29     0.996484       160837       284.44
        2.30     0.996680       160891       301.18
        2.32     0.996875       160936       320.00
        2.32     0.997070       160936       341.33
        2.33     0.997266       160963       365.71
        2.37     0.997461       160999       393.85
        2.40     0.997656       161026       426.67
        2.45     0.997852       161058       465.45
        2.50     0.998047       161083       512.00
        2.54     0.998145       161102       538.95
        2.58     0.998242       161116       568.89
        2.61     0.998340       161132       602.35
        2.65     0.998437       161144       640.00
        2.73     0.998535       161161       682.67
        2.80     0.998633       161178       731.43
        2.86     0.998730       161193       787.69
        2.93     0.998828       161207       853.33
        2.98     0.998926       161228       930.91
        3.07     0.999023       161242      1024.00
        3.12     0.999072       161247      1077.89
        3.18     0.999121       161257      1137.78
        3.23     0.999170       161263      1204.71
        3.28     0.999219       161271      1280.00
        3.36     0.999268       161278      1365.33
        3.41     0.999316       161287      1462.86
        3.44     0.999365       161299      1575.38
        3.46     0.999414       161304      1706.67
        3.47     0.999463       161310      1861.82
        3.50     0.999512       161318      2048.00
        3.55     0.999536       161322      2155.79
        3.60     0.999561       161328      2275.56
        3.66     0.999585       161331      2409.41
        3.69     0.999609       161335      2560.00
        3.76     0.999634       161337      2730.67
        3.84     0.999658       161341      2925.71
        3.90     0.999683       161345      3150.77
        3.95     0.999707       161349      3413.33
        4.03     0.999731       161353      3723.64
        4.13     0.999756       161357      4096.00
        4.19     0.999768       161359      4311.58
        4.22     0.999780       161361      4551.11
        4.29     0.999792       161363      4818.82
        4.48     0.999805       161365      5120.00
        4.61     0.999817       161369      5461.33
        4.61     0.999829       161369      5851.43
        4.74     0.999841       161371      6301.54
        4.93     0.999854       161373      6826.67
        5.21     0.999866       161375      7447.27
        5.47     0.999878       161377      8192.00
        5.66     0.999884       161378      8623.16
        6.11     0.999890       161379      9102.22
        6.17     0.999896       161380      9637.65
        6.53     0.999902       161381     10240.00
        6.66     0.999908       161382     10922.67
        6.82     0.999915       161383     11702.86
        7.26     0.999921       161384     12603.08
        7.29     0.999927       161385     13653.33
        7.90     0.999933       161386     14894.55
        7.93     0.999939       161387     16384.00
        7.93     0.999942       161387     17246.32
        8.03     0.999945       161390     18204.44
        8.03     0.999948       161390     19275.29
        8.03     0.999951       161390     20480.00
        8.03     0.999954       161390     21845.33
        8.03     0.999957       161390     23405.71
        8.03     0.999960       161390     25206.15
        8.06     0.999963       161391     27306.67
        8.06     0.999966       161391     29789.09
        8.38     0.999969       161392     32768.00
        8.38     0.999971       161392     34492.63
        8.38     0.999973       161392     36408.89
        8.38     0.999974       161392     38550.59
       16.25     0.999976       161393     40960.00
       16.25     0.999977       161393     43690.67
       16.25     0.999979       161393     46811.43
       16.25     0.999980       161393     50412.31
       16.77     0.999982       161394     54613.33
       16.77     0.999983       161394     59578.18
       16.77     0.999985       161394     65536.00
       16.77     0.999986       161394     68985.26
       16.77     0.999986       161394     72817.78
       16.77     0.999987       161394     77101.18
       16.89     0.999988       161395     81920.00
       16.89     0.999989       161395     87381.33
       16.89     0.999989       161395     93622.86
       16.89     0.999990       161395    100824.62
       16.89     0.999991       161395    109226.67
       16.89     0.999992       161395    119156.36
       16.89     0.999992       161395    131072.00
       16.89     0.999993       161395    137970.53
       16.89     0.999993       161395    145635.56
       16.89     0.999994       161395    154202.35
       17.28     0.999994       161396    163840.00
       17.28     1.000000       161396          inf
#[Mean    =        1.486, StdDeviation   =        0.279]
#[Max     =       17.279, Total count    =       161396]
#[Buckets =           20, SubBuckets     =          256]
