       Value   Percentile   TotalCount 1/(1-Percentile)

        0.16     0.000000            1         1.00
        0.44     0.050000        20647         1.05
        0.47     0.100000        40554         1.11
        0.51     0.150000        57263         1.18
        0.54     0.200000        74789         1.25
        0.56     0.250000        92108         1.33
        0.57     0.300000       115138         1.43
        0.59     0.350000       136912         1.54
        0.61     0.400000       153326         1.67
        0.63     0.450000       171341         1.82
        0.65     0.500000       185148         2.00
        0.66     0.525000       193670         2.11
        0.66     0.550000       203541         2.22
        0.67     0.575000       214461         2.35
        0.68     0.600000       226104         2.50
        0.69     0.625000       237806         2.67
        0.69     0.650000       249513         2.86
        0.69     0.675000       249513         3.08
        0.70     0.700000       260968         3.33
        0.71     0.725000       271396         3.64
        0.72     0.750000       280906         4.00
        0.72     0.762500       280906         4.21
        0.73     0.775000       289057         4.44
        0.73     0.787500       295652         4.71
        0.73     0.800000       295652         5.00
        0.74     0.812500       301040         5.33
        0.75     0.825000       305205         5.71
        0.76     0.837500       308293         6.15
        0.78     0.850000       313104         6.67
        0.84     0.862500       317287         7.27
        0.87     0.875000       321965         8.00
        0.89     0.881250       326930         8.42
        0.89     0.887500       326930         8.89
        0.90     0.893750       330165         9.41
        0.90     0.900000       333867        10.00
        0.90     0.906250       333867        10.67
        0.91     0.912500       337906        11.43
        0.92     0.918750       342125        12.31
        0.92     0.925000       342125        13.33
        0.93     0.931250       346312        14.55
        0.93     0.937500       346312        16.00
        0.93     0.940625       346312        16.84
        0.94     0.943750       350456        17.78
        0.94     0.946875       350456        18.82
        0.94     0.950000       350456        20.00
        0.94     0.953125       354256        21.33
        0.94     0.956250       354256        22.86
        0.94     0.959375       354256        24.62
        0.94     0.962500       354256        26.67
        0.95     0.965625       357437        29.09
        0.95     0.968750       357437        32.00
        0.95     0.970313       357437        33.68
        0.96     0.971875       360192        35.56
        0.96     0.973437       360192        37.65
        0.96     0.975000       360192        40.00
        0.96     0.976562       360192        42.67
        0.96     0.978125       360192        45.71
        0.97     0.979688       362342        49.23
        0.97     0.981250       362342        53.33
        0.97     0.982812       362342        58.18
        0.97     0.984375       362342        64.00
        0.97     0.985156       363940        67.37
        0.97     0.985938       363940        71.11
        0.97     0.986719       363940        75.29
        0.97     0.987500       363940        80.00
        0.97     0.988281       363940        85.33
        0.97     0.989062       363940        91.43
        0.98     0.989844       364997        98.46
        0.98     0.990625       364997       106.67
        0.98     0.991406       364997       116.36
        0.98     0.992188       364997       128.00
        0.99     0.992578       365779       134.74
        0.99     0.992969       365779       142.22
        0.99     0.993359       365779       150.59
        0.99     0.993750       365779       160.00
        0.99     0.994141       365779       170.67
        1.00     0.994531       366291       182.86
        1.00     0.994922       366291       196.92
        1.00     0.995313       366291       213.33
        1.00     0.995703       366291       232.73
        1.01     0.996094       366639       256.00
        1.01     0.996289       366639       269.47
        1.01     0.996484       366639       284.44
        1.01     0.996680       366639       301.18
        1.01     0.996875       366868       320.00
        1.01     0.997070       366868       341.33
        1.01     0.997266       366868       365.71
        1.02     0.997461       367031       393.85
        1.02     0.997656       367031       426.67
        1.03     0.997852       367145       465.45
        1.03     0.998047       367145       512.00
        1.04     0.998145       367216       538.95
        1.04     0.998242       367216       568.89
        1.05     0.998340       367263       602.35
        1.05     0.998437       367300       640.00
        1.06     0.998535       367333       682.67
        1.07     0.998633       367367       731.43
        1.08     0.998730       367392       787.69
        1.09     0.998828       367424       853.33
        1.10     0.998926       367462       930.91
        1.12     0.999023       367497      1024.00
        1.13     0.999072       367514      1077.89
        1.14     0.999121       367532      1137.78
        1.14     0.999170       367547      1204.71
        1.15     0.999219       367565      1280.00
        1.16     0.999268       367584      1365.33
        1.17     0.999316       367599      1462.86
        1.18     0.999365       367618      1575.38
        1.20     0.999414       367639      1706.67
        1.21     0.999463       367650      1861.82
        1.22     0.999512       367676      2048.00
        1.22     0.999536       367676      2155.79
        1.23     0.999561       367685      2275.56
        1.25     0.999585       367704      2409.41
        1.25     0.999609       367704      2560.00
        1.26     0.999634       367716      2730.67
        1.27     0.999658       367727      2925.71
        1.27     0.999683       367727      3150.77
        1.29     0.999707       367741      3413.33
        1.30     0.999731       367749      3723.64
        1.31     0.999756       367757      4096.00
        1.32     0.999768       367763      4311.58
        1.32     0.999780       367763      4551.11
        1.33     0.999792       367777      4818.82
        1.33     0.999805       367777      5120.00
        1.33     0.999817       367777      5461.33
        1.34     0.999829       367784      5851.43
        1.35     0.999841       367787      6301.54
        1.37     0.999854       367790      6826.67
        1.38     0.999866       367797      7447.27
        1.38     0.999878       367800      8192.00
        1.40     0.999884       367805      8623.16
        1.40     0.999890       367805      9102.22
        1.40     0.999896       367805      9637.65
        1.42     0.999902       367813     10240.00
        1.42     0.999908       367813     10922.67
        1.42     0.999915       367813     11702.86
        1.42     0.999921       367814     12603.08
        1.44     0.999927       367818     13653.33
        1.45     0.999933       367820     14894.55
        1.46     0.999939       367823     16384.00
        1.46     0.999942       367823     17246.32
        1.46     0.999945       367823     18204.44
        1.47     0.999948       367824     19275.29
        1.49     0.999951       367826     20480.00
        1.51     0.999954       367827     21845.33
        1.53     0.999957       367828     23405.71
        1.55     0.999960       367829     25206.15
        1.57     0.999963       367830     27306.67
        1.59     0.999966       367831     29789.09
        1.68     0.999969       367832     32768.00
        1.72     0.999971       367833     34492.63
        1.72     0.999973       367833     36408.89
        1.77     0.999974       367834     38550.59
        1.81     0.999976       367835     40960.00
        1.81     0.999977       367835     43690.67
        1.82     0.999979       367836     46811.43
        1.82     0.999980       367836     50412.31
        1.88     0.999982       367837     54613.33
        1.88     0.999983       367837     59578.18
        2.00     0.999985       367838     65536.00
        2.00     0.999986       367838     68985.26
        2.00     0.999986       367838     72817.78
        2.04     0.999987       367839     77101.18
        2.04     0.999988       367839     81920.00
        2.04     0.999989       367839     87381.33
       15.29     0.999989       367840     93622.86
       15.29     0.999990       367840    100824.62
       15.29     0.999991       367840    109226.67
       15.29     0.999992       367840    119156.36
       15.36     0.999992       367842    131072.00
       15.36     0.999993       367842    137970.53
       15.36     0.999993       367842    145635.56
       15.36     0.999994       367842    154202.35
       15.36     0.999994       367842    163840.00
       15.36     0.999994       367842    174762.67
       15.36     0.999995       367842    187245.71
       15.36     0.999995       367842    201649.23
       15.36     0.999995       367842    218453.33
       15.36     0.999996       367842    238312.73
       15.36     0.999996       367842    262144.00
       15.36     0.999996       367842    275941.05
       15.36     0.999997       367842    291271.11
       15.36     0.999997       367842    308404.71
       15.36     0.999997       367842    327680.00
       15.36     0.999997       367842    349525.33
       15.42     0.999997       367843    374491.43
       15.42     1.000000       367843          inf
#[Mean    =        0.652, StdDeviation   =        0.152]
#[Max     =       15.423, Total count    =       367843]
#[Buckets =           20, SubBuckets     =          256]
