       Value   Percentile   TotalCount 1/(1-Percentile)

        0.21     0.000000            4         1.00
        0.30     0.050000        40282         1.05
        0.31     0.100000        56633         1.11
        0.36     0.150000        85070         1.18
        0.38     0.200000       111319         1.25
        0.39     0.250000       152686         1.33
        0.40     0.300000       174022         1.43
        0.41     0.350000       194752         1.54
        0.42     0.400000       223607         1.67
        0.44     0.450000       248972         1.82
        0.45     0.500000       270207         2.00
        0.46     0.525000       296988         2.11
        0.46     0.550000       296988         2.22
        0.46     0.575000       326927         2.35
        0.46     0.600000       326927         2.50
        0.47     0.625000       357809         2.67
        0.47     0.650000       357809         2.86
        0.48     0.675000       387486         3.08
        0.48     0.700000       387486         3.33
        0.48     0.725000       387486         3.64
        0.49     0.750000       413123         4.00
        0.49     0.762500       413123         4.21
        0.49     0.775000       430863         4.44
        0.49     0.787500       430863         4.71
        0.49     0.800000       430863         5.00
        0.50     0.812500       440999         5.33
        0.50     0.825000       440999         5.71
        0.52     0.837500       449509         6.15
        0.54     0.850000       454388         6.67
        0.61     0.862500       461888         7.27
        0.63     0.875000       473770         8.00
        0.63     0.881250       473770         8.42
        0.63     0.887500       473770         8.89
        0.64     0.893750       484199         9.41
        0.64     0.900000       484199        10.00
        0.64     0.906250       484199        10.67
        0.65     0.912500       496139        11.43
        0.65     0.918750       496139        12.31
        0.65     0.925000       496139        13.33
        0.66     0.931250       507398        14.55
        0.66     0.937500       507398        16.00
        0.66     0.940625       507398        16.84
        0.66     0.943750       507398        17.78
        0.66     0.946875       507398        18.82
        0.66     0.950000       507398        20.00
        0.66     0.953125       516404        21.33
        0.66     0.956250       516404        22.86
        0.66     0.959375       516404        24.62
        0.66     0.962500       516404        26.67
        0.66     0.965625       516404        29.09
        0.67     0.968750       522467        32.00
        0.67     0.970313       522467        33.68
        0.67     0.971875       522467        35.56
        0.67     0.973437       522467        37.65
        0.67     0.975000       522467        40.00
        0.67     0.976562       522467        42.67
        0.67     0.978125       522467        45.71
        0.68     0.979688       526164        49.23
        0.68     0.981250       526164        53.33
        0.68     0.982812       526164        58.18
        0.68     0.984375       526164        64.00
        0.68     0.985156       526164        67.37
        0.68     0.985938       526164        71.11
        0.69     0.986719       528283        75.29
        0.69     0.987500       528283        80.00
        0.69     0.988281       528283        85.33
        0.69     0.989062       528283        91.43
        0.69     0.989844       528283        98.46
        0.69     0.990625       529481       106.67
        0.69     0.991406       529481       116.36
        0.69     0.992188       529481       128.00
        0.70     0.992578       530227       134.74
        0.70     0.992969       530227       142.22
        0.70     0.993359       530227       150.59
        0.70     0.993750       530227       160.00
        0.71     0.994141       530742       170.67
        0.71     0.994531       530742       182.86
        0.72     0.994922       531150       196.92
        0.72     0.995313       531150       213.33
        0.73     0.995703       531518       232.73
        0.73     0.996094       531518       256.00
        0.73     0.996289       531518       269.47
        0.73     0.996484       531848       284.44
        0.73     0.996680       531848       301.18
        0.73     0.996875       531848       320.00
        0.74     0.997070       532135       341.33
        0.74     0.997266       532135       365.71
        0.74     0.997461       532135       393.85
        0.75     0.997656       532394       426.67
        0.75     0.997852       532394       465.45
        0.76     0.998047       532619       512.00
        0.76     0.998145       532619       538.95
        0.76     0.998242       532619       568.89
        0.76     0.998340       532619       602.35
        0.76     0.998437       532619       640.00
        0.77     0.998535       532794       682.67
        0.77     0.998633       532794       731.43
        0.77     0.998730       532794       787.69
        0.78     0.998828       532951       853.33
        0.78     0.998926       532951       930.91
        0.78     0.999023       532951      1024.00
        0.78     0.999072       533060      1077.89
        0.78     0.999121       533060      1137.78
        0.78     0.999170       533060      1204.71
        0.78     0.999219       533060      1280.00
        0.79     0.999268       533147      1365.33
        0.79     0.999316       533147      1462.86
        0.79     0.999365       533147      1575.38
        0.79     0.999414       533147      1706.67
        0.80     0.999463       533196      1861.82
        0.80     0.999512       533196      2048.00
        0.81     0.999536       533247      2155.79
        0.81     0.999561       533247      2275.56
        0.81     0.999585       533247      2409.41
        0.81     0.999609       533247      2560.00
        0.81     0.999634       533287      2730.67
        0.81     0.999658       533287      2925.71
        0.81     0.999683       533287      3150.77
        0.82     0.999707       533301      3413.33
        0.83     0.999731       533315      3723.64
        0.84     0.999756       533326      4096.00
        0.85     0.999768       533335      4311.58
        0.85     0.999780       533335      4551.11
        0.85     0.999792       533343      4818.82
        0.86     0.999805       533348      5120.00
        0.88     0.999817       533356      5461.33
        0.90     0.999829       533365      5851.43
        0.90     0.999841       533369      6301.54
        0.92     0.999854       533376      6826.67
        0.94     0.999866       533382      7447.27
        0.99     0.999878       533386      8192.00
        1.05     0.999884       533390      8623.16
        1.49     0.999890       533393      9102.22
        1.63     0.999896       533396      9637.65
        1.78     0.999902       533399     10240.00
        2.38     0.999908       533404     10922.67
        2.40     0.999915       533406     11702.86
        2.45     0.999921       533409     12603.08
        2.48     0.999927       533414     13653.33
        2.50     0.999933       533416     14894.55
        2.64     0.999939       533419     16384.00
        2.67     0.999942       533421     17246.32
        2.69     0.999945       533422     18204.44
        2.73     0.999948       533425     19275.29
        2.73     0.999951       533425     20480.00
        2.77     0.999954       533427     21845.33
        2.80     0.999957       533429     23405.71
        2.81     0.999960       533432     25206.15
        2.81     0.999963       533432     27306.67
        2.94     0.999966       533434     29789.09
        2.98     0.999969       533435     32768.00
        2.99     0.999971       533436     34492.63
        3.04     0.999973       533437     36408.89
        3.55     0.999974       533438     38550.59
        3.55     0.999976       533438     40960.00
        3.57     0.999977       533439     43690.67
        3.73     0.999979       533440     46811.43
        3.74     0.999980       533441     50412.31
        3.76     0.999982       533443     54613.33
        3.76     0.999983       533443     59578.18
        3.76     0.999985       533443     65536.00
        3.77     0.999986       533446     68985.26
        3.77     0.999986       533446     72817.78
        3.77     0.999987       533446     77101.18
        3.77     0.999988       533446     81920.00
        3.77     0.999989       533446     87381.33
        3.77     0.999989       533446     93622.86
        3.77     0.999990       533446    100824.62
        3.82     0.999991       533447    109226.67
        3.82     0.999992       533447    119156.36
        3.82     0.999992       533447    131072.00
        3.89     0.999993       533448    137970.53
        3.89     0.999993       533448    145635.56
        3.89     0.999994       533448    154202.35
        3.89     0.999994       533448    163840.00
        3.89     0.999994       533448    174762.67
        4.03     0.999995       533449    187245.71
        4.03     0.999995       533449    201649.23
        4.03     0.999995       533449    218453.33
        4.03     0.999996       533449    238312.73
        4.03     0.999996       533449    262144.00
        4.13     0.999996       533450    275941.05
        4.13     0.999997       533450    291271.11
        4.13     0.999997       533450    308404.71
        4.13     0.999997       533450    327680.00
        4.13     0.999997       533450    349525.33
        4.13     0.999997       533450    374491.43
        4.13     0.999998       533450    403298.46
        4.13     0.999998       533450    436906.67
        4.13     0.999998       533450    476625.45
        4.13     0.999998       533450    524288.00
        4.16     0.999998       533451    551882.11
        4.16     1.000000       533451          inf
#[Mean    =        0.450, StdDeviation   =        0.106]
#[Max     =        4.159, Total count    =       533451]
#[Buckets =           20, SubBuckets     =          256]
