       Value   Percentile   TotalCount 1/(1-Percentile)

        0.17     0.000000            2         1.00
        0.22     0.050000        39666         1.05
        0.24     0.100000        90082         1.11
        0.26     0.150000       112185         1.18
        0.28     0.200000       146666         1.25
        0.29     0.250000       209640         1.33
        0.30     0.300000       248934         1.43
        0.30     0.350000       248934         1.54
        0.31     0.400000       287301         1.67
        0.33     0.450000       322721         1.82
        0.34     0.500000       380598         2.00
        0.34     0.525000       380598         2.11
        0.35     0.550000       431478         2.22
        0.35     0.575000       431478         2.35
        0.35     0.600000       431478         2.50
        0.36     0.625000       479489         2.67
        0.36     0.650000       479489         2.86
        0.36     0.675000       479489         3.08
        0.37     0.700000       521408         3.33
        0.37     0.725000       521408         3.64
        0.38     0.750000       557726         4.00
        0.38     0.762500       557726         4.21
        0.38     0.775000       557726         4.44
        0.38     0.787500       582245         4.71
        0.38     0.800000       582245         5.00
        0.38     0.812500       582245         5.33
        0.39     0.825000       594547         5.71
        0.39     0.837500       594547         6.15
        0.41     0.850000       604774         6.67
        0.44     0.862500       611276         7.27
        0.47     0.875000       624593         8.00
        0.47     0.881250       624593         8.42
        0.48     0.887500       633056         8.89
        0.49     0.893750       647288         9.41
        0.49     0.900000       647288        10.00
        0.49     0.906250       647288        10.67
        0.49     0.912500       647288        11.43
        0.49     0.918750       666918        12.31
        0.49     0.925000       666918        13.33
        0.49     0.931250       666918        14.55
        0.49     0.937500       666918        16.00
        0.49     0.940625       666918        16.84
        0.50     0.943750       686622        17.78
        0.50     0.946875       686622        18.82
        0.50     0.950000       686622        20.00
        0.50     0.953125       686622        21.33
        0.50     0.956250       686622        22.86
        0.50     0.959375       686622        24.62
        0.50     0.962500       686622        26.67
        0.50     0.965625       686622        29.09
        0.50     0.968750       686622        32.00
        0.51     0.970313       699896        33.68
        0.51     0.971875       699896        35.56
        0.51     0.973437       699896        37.65
        0.51     0.975000       699896        40.00
        0.51     0.976562       699896        42.67
        0.51     0.978125       699896        45.71
        0.51     0.979688       699896        49.23
        0.51     0.981250       699896        53.33
        0.51     0.982812       699896        58.18
        0.51     0.984375       699896        64.00
        0.51     0.985156       699896        67.37
        0.51     0.985938       699896        71.11
        0.51     0.986719       699896        75.29
        0.51     0.987500       699896        80.00
        0.52     0.988281       705732        85.33
        0.52     0.989062       705732        91.43
        0.52     0.989844       705732        98.46
        0.52     0.990625       705732       106.67
        0.52     0.991406       705732       116.36
        0.52     0.992188       705732       128.00
        0.52     0.992578       705732       134.74
        0.52     0.992969       705732       142.22
        0.52     0.993359       705732       150.59
        0.52     0.993750       705732       160.00
        0.52     0.994141       705732       170.67
        0.52     0.994531       705732       182.86
        0.52     0.994922       705732       196.92
        0.52     0.995313       705732       213.33
        0.52     0.995703       705732       232.73
        0.53     0.996094       707520       256.00
        0.53     0.996289       707520       269.47
        0.53     0.996484       707520       284.44
        0.53     0.996680       707520       301.18
        0.53     0.996875       707520       320.00
        0.53     0.997070       707520       341.33
        0.53     0.997266       707520       365.71
        0.53     0.997461       707520       393.85
        0.53     0.997656       707520       426.67
        0.53     0.997852       707520       465.45
        0.53     0.998047       707520       512.00
        0.53     0.998145       707520       538.95
        0.53     0.998242       707520       568.89
        0.53     0.998340       707520       602.35
        0.54     0.998437       708098       640.00
        0.54     0.998535       708098       682.67
        0.54     0.998633       708098       731.43
        0.54     0.998730       708098       787.69
        0.54     0.998828       708098       853.33
        0.54     0.998926       708098       930.91
        0.54     0.999023       708098      1024.00
        0.54     0.999072       708098      1077.89
        0.54     0.999121       708098      1137.78
        0.54     0.999170       708308      1204.71
        0.54     0.999219       708308      1280.00
        0.54     0.999268       708308      1365.33
        0.54     0.999316       708308      1462.86
        0.54     0.999365       708308      1575.38
        0.54     0.999414       708308      1706.67
        0.55     0.999463       708387      1861.82
        0.55     0.999512       708387      2048.00
        0.55     0.999536       708387      2155.79
        0.55     0.999561       708387      2275.56
        0.56     0.999585       708417      2409.41
        0.56     0.999609       708417      2560.00
        0.57     0.999634       708440      2730.67
        0.57     0.999658       708465      2925.71
        0.58     0.999683       708482      3150.77
        0.59     0.999707       708493      3413.33
        0.60     0.999731       708503      3723.64
        0.61     0.999756       708525      4096.00
        0.62     0.999768       708535      4311.58
        0.63     0.999780       708547      4551.11
        0.63     0.999792       708547      4818.82
        0.64     0.999805       708561      5120.00
        0.65     0.999817       708569      5461.33
        0.66     0.999829       708574      5851.43
        0.66     0.999841       708588      6301.54
        0.67     0.999854       708591      6826.67
        0.69     0.999866       708602      7447.27
        0.69     0.999878       708608      8192.00
        0.70     0.999884       708610      8623.16
        0.71     0.999890       708615      9102.22
        0.73     0.999896       708622      9637.65
        0.73     0.999902       708629     10240.00
        0.73     0.999908       708629     10922.67
        0.74     0.999915       708633     11702.86
        0.75     0.999921       708640     12603.08
        0.76     0.999927       708649     13653.33
        0.76     0.999933       708649     14894.55
        0.76     0.999939       708649     16384.00
        0.77     0.999942       708654     17246.32
        0.77     0.999945       708654     18204.44
        0.78     0.999948       708656     19275.29
        0.79     0.999951       708661     20480.00
        0.79     0.999954       708661     21845.33
        0.80     0.999957       708664     23405.71
        0.80     0.999960       708664     25206.15
        0.81     0.999963       708671     27306.67
        0.81     0.999966       708671     29789.09
        0.81     0.999969       708671     32768.00
        0.81     0.999971       708674     34492.63
        0.81     0.999973       708674     36408.89
        0.81     0.999974       708674     38550.59
        0.82     0.999976       708676     40960.00
        0.82     0.999977       708676     43690.67
        0.83     0.999979       708679     46811.43
        0.83     0.999980       708679     50412.31
        0.84     0.999982       708680     54613.33
        0.85     0.999983       708684     59578.18
        0.85     0.999985       708684     65536.00
        0.85     0.999986       708684     68985.26
        0.85     0.999986       708684     72817.78
        0.85     0.999987       708684     77101.18
        0.85     0.999988       708684     81920.00
        0.85     0.999989       708684     87381.33
        0.85     0.999989       708687     93622.86
        0.85     0.999990       708687    100824.62
        0.85     0.999991       708687    109226.67
        0.85     0.999992       708687    119156.36
        0.85     0.999992       708687    131072.00
        0.85     0.999993       708687    137970.53
        0.87     0.999993       708688    145635.56
        0.87     0.999994       708688    154202.35
        0.87     0.999994       708688    163840.00
        0.87     0.999994       708688    174762.67
        0.88     0.999995       708689    187245.71
        0.88     0.999995       708689    201649.23
        0.88     0.999995       708689    218453.33
        0.89     0.999996       708690    238312.73
        0.89     0.999996       708690    262144.00
        0.89     0.999996       708690    275941.05
        0.89     0.999997       708690    291271.11
        0.89     0.999997       708690    308404.71
        0.89     0.999997       708690    327680.00
        0.89     0.999997       708690    349525.33
        0.90     0.999997       708691    374491.43
        0.90     0.999998       708691    403298.46
        0.90     0.999998       708691    436906.67
        0.90     0.999998       708691    476625.45
        0.90     0.999998       708691    524288.00
        0.90     0.999998       708691    551882.11
        0.90     0.999998       708691    582542.22
        0.90     0.999998       708691    616809.41
        0.90     0.999998       708691    655360.00
        0.90     0.999999       708691    699050.67
        0.94     0.999999       708692    748982.86
        0.94     1.000000       708692          inf
#[Mean    =        0.339, StdDeviation   =        0.078]
#[Max     =        0.935, Total count    =       708692]
#[Buckets =           20, SubBuckets     =          256]
