       Value   Percentile   TotalCount 1/(1-Percentile)

        0.17     0.000000            2         1.00
        0.26     0.050000        55931         1.05
        0.27     0.100000        77303         1.11
        0.31     0.150000       100334         1.18
        0.33     0.200000       144103         1.25
        0.34     0.250000       177477         1.33
        0.34     0.300000       210462         1.43
        0.35     0.350000       241356         1.54
        0.36     0.400000       261790         1.67
        0.38     0.450000       288365         1.82
        0.38     0.500000       315259         2.00
        0.39     0.525000       354416         2.11
        0.39     0.550000       354416         2.22
        0.40     0.575000       398451         2.35
        0.40     0.600000       398451         2.50
        0.40     0.625000       398451         2.67
        0.41     0.650000       442508         2.86
        0.41     0.675000       442508         3.08
        0.41     0.700000       442508         3.33
        0.41     0.725000       483770         3.64
        0.41     0.750000       483770         4.00
        0.41     0.762500       483770         4.21
        0.42     0.775000       513575         4.44
        0.42     0.787500       513575         4.71
        0.42     0.800000       513575         5.00
        0.42     0.812500       513575         5.33
        0.43     0.825000       527810         5.71
        0.43     0.837500       527810         6.15
        0.44     0.850000       532338         6.67
        0.53     0.862500       538623         7.27
        0.54     0.875000       553535         8.00
        0.54     0.881250       553535         8.42
        0.55     0.887500       568735         8.89
        0.55     0.893750       568735         9.41
        0.55     0.900000       568735        10.00
        0.55     0.906250       568735        10.67
        0.56     0.912500       587031        11.43
        0.56     0.918750       587031        12.31
        0.56     0.925000       587031        13.33
        0.56     0.931250       587031        14.55
        0.56     0.937500       587031        16.00
        0.57     0.940625       603617        16.84
        0.57     0.943750       603617        17.78
        0.57     0.946875       603617        18.82
        0.57     0.950000       603617        20.00
        0.57     0.953125       603617        21.33
        0.57     0.956250       603617        22.86
        0.57     0.959375       603617        24.62
        0.57     0.962500       603617        26.67
        0.57     0.965625       603617        29.09
        0.57     0.968750       615118        32.00
        0.57     0.970313       615118        33.68
        0.57     0.971875       615118        35.56
        0.57     0.973437       615118        37.65
        0.57     0.975000       615118        40.00
        0.57     0.976562       615118        42.67
        0.57     0.978125       615118        45.71
        0.57     0.979688       615118        49.23
        0.57     0.981250       615118        53.33
        0.57     0.982812       615118        58.18
        0.57     0.984375       615118        64.00
        0.57     0.985156       615118        67.37
        0.58     0.985938       620910        71.11
        0.58     0.986719       620910        75.29
        0.58     0.987500       620910        80.00
        0.58     0.988281       620910        85.33
        0.58     0.989062       620910        91.43
        0.58     0.989844       620910        98.46
        0.58     0.990625       620910       106.67
        0.58     0.991406       620910       116.36
        0.58     0.992188       620910       128.00
        0.58     0.992578       620910       134.74
        0.58     0.992969       620910       142.22
        0.58     0.993359       620910       150.59
        0.58     0.993750       620910       160.00
        0.58     0.994141       620910       170.67
        0.59     0.994531       623167       182.86
        0.59     0.994922       623167       196.92
        0.59     0.995313       623167       213.33
        0.59     0.995703       623167       232.73
        0.59     0.996094       623167       256.00
        0.59     0.996289       623167       269.47
        0.59     0.996484       623167       284.44
        0.59     0.996680       623167       301.18
        0.59     0.996875       623167       320.00
        0.59     0.997070       623167       341.33
        0.59     0.997266       623167       365.71
        0.59     0.997461       623167       393.85
        0.59     0.997656       623167       426.67
        0.59     0.997852       623167       465.45
        0.59     0.998047       623167       512.00
        0.60     0.998145       623851       538.95
        0.60     0.998242       623851       568.89
        0.60     0.998340       623851       602.35
        0.60     0.998437       623851       640.00
        0.60     0.998535       623851       682.67
        0.60     0.998633       623851       731.43
        0.60     0.998730       623851       787.69
        0.60     0.998828       623851       853.33
        0.60     0.998926       623851       930.91
        0.60     0.999023       623851      1024.00
        0.60     0.999072       623851      1077.89
        0.60     0.999121       623851      1137.78
        0.60     0.999170       623851      1204.71
        0.61     0.999219       624039      1280.00
        0.61     0.999268       624039      1365.33
        0.61     0.999316       624039      1462.86
        0.61     0.999365       624039      1575.38
        0.61     0.999414       624039      1706.67
        0.61     0.999463       624039      1861.82
        0.61     0.999512       624117      2048.00
        0.61     0.999536       624117      2155.79
        0.61     0.999561       624117      2275.56
        0.61     0.999585       624117      2409.41
        0.61     0.999609       624117      2560.00
        0.62     0.999634       624157      2730.67
        0.62     0.999658       624157      2925.71
        0.62     0.999683       624157      3150.77
        0.63     0.999707       624176      3413.33
        0.64     0.999731       624194      3723.64
        0.65     0.999756       624204      4096.00
        0.66     0.999768       624213      4311.58
        0.66     0.999780       624227      4551.11
        0.66     0.999792       624227      4818.82
        0.67     0.999805       624243      5120.00
        0.67     0.999817       624243      5461.33
        0.68     0.999829       624247      5851.43
        0.69     0.999841       624254      6301.54
        0.70     0.999854       624264      6826.67
        0.71     0.999866       624270      7447.27
        0.73     0.999878       624280      8192.00
        0.73     0.999884       624280      8623.16
        0.74     0.999890       624284      9102.22
        0.75     0.999896       624289      9637.65
        0.76     0.999902       624294     10240.00
        0.77     0.999908       624303     10922.67
        0.77     0.999915       624303     11702.86
        0.77     0.999921       624303     12603.08
        0.78     0.999927       624308     13653.33
        0.79     0.999933       624314     14894.55
        0.79     0.999939       624314     16384.00
        0.81     0.999942       624318     17246.32
        0.81     0.999945       624318     18204.44
        0.81     0.999948       624326     19275.29
        0.81     0.999951       624326     20480.00
        0.81     0.999954       624326     21845.33
        0.81     0.999957       624326     23405.71
        0.82     0.999960       624331     25206.15
        0.82     0.999963       624331     27306.67
        0.83     0.999966       624333     29789.09
        0.83     0.999969       624333     32768.00
        0.84     0.999971       624336     34492.63
        0.84     0.999973       624336     36408.89
        0.84     0.999974       624336     38550.59
        0.85     0.999976       624338     40960.00
        0.85     0.999977       624338     43690.67
        0.86     0.999979       624341     46811.43
        0.86     0.999980       624341     50412.31
        0.86     0.999982       624341     54613.33
        0.87     0.999983       624342     59578.18
        0.88     0.999985       624345     65536.00
        0.88     0.999986       624345     68985.26
        0.88     0.999986       624345     72817.78
        0.88     0.999987       624345     77101.18
        0.88     0.999988       624345     81920.00
        0.88     0.999989       624345     87381.33
        0.89     0.999989       624347     93622.86
        0.89     0.999990       624347    100824.62
        0.89     0.999991       624347    109226.67
        0.89     0.999992       624347    119156.36
        0.90     0.999992       624349    131072.00
        0.90     0.999993       624349    137970.53
        0.90     0.999993       624349    145635.56
        0.90     0.999994       624349    154202.35
        0.90     0.999994       624349    163840.00
        0.90     0.999994       624349    174762.67
        0.90     0.999995       624349    187245.71
        0.90     0.999995       624349    201649.23
        0.91     0.999995       624351    218453.33
        0.91     0.999996       624351    238312.73
        0.91     0.999996       624351    262144.00
        0.91     0.999996       624351    275941.05
        0.91     0.999997       624351    291271.11
        0.91     0.999997       624351    308404.71
        0.91     0.999997       624351    327680.00
        0.91     0.999997       624351    349525.33
        0.91     0.999997       624351    374491.43
        0.91     0.999998       624351    403298.46
        0.91     0.999998       624351    436906.67
        0.91     0.999998       624351    476625.45
        0.91     0.999998       624351    524288.00
        0.91     0.999998       624351    551882.11
        0.91     0.999998       624351    582542.22
        0.91     0.999998       624351    616809.41
        0.94     0.999998       624352    655360.00
        0.94     1.000000       624352          inf
#[Mean    =        0.384, StdDeviation   =        0.087]
#[Max     =        0.943, Total count    =       624352]
#[Buckets =           20, SubBuckets     =          256]
