       Value   Percentile   TotalCount 1/(1-Percentile)

        0.07     0.000000            5         1.00
        0.26     0.050000       386125         1.05
        0.31     0.100000       751660         1.11
        0.56     0.150000      1119555         1.18
        0.91     0.200000      1485890         1.25
        1.07     0.250000      1863560         1.33
        1.15     0.300000      2257545         1.43
        1.19     0.350000      2646405         1.54
        1.22     0.400000      3088635         1.67
        1.23     0.450000      3483270         1.82
        1.25     0.500000      3910900         2.00
        1.25     0.525000      3910900         2.11
        1.25     0.550000      4117480         2.22
        1.26     0.575000      4315285         2.35
        1.27     0.600000      4493295         2.50
        1.28     0.625000      4654020         2.67
        1.29     0.650000      4929290         2.86
        1.30     0.675000      5050655         3.08
        1.32     0.700000      5263485         3.33
        1.33     0.725000      5450550         3.64
        1.35     0.750000      5611645         4.00
        1.36     0.762500      5683155         4.21
        1.37     0.775000      5749775         4.44
        1.38     0.787500      5864345         4.71
        1.40     0.800000      5957780         5.00
        1.42     0.812500      6031660         5.33
        1.44     0.825000      6117390         5.71
        1.48     0.837500      6216855         6.15
        1.52     0.850000      6308380         6.67
        1.56     0.862500      6400460         7.27
        1.60     0.875000      6488430         8.00
        1.62     0.881250      6537580         8.42
        1.65     0.887500      6587930         8.89
        1.67     0.893750      6635135         9.41
        1.70     0.900000      6680180        10.00
        1.72     0.906250      6720985        10.67
        1.75     0.912500      6773660        11.43
        1.78     0.918750      6825135        12.31
        1.81     0.925000      6862930        13.33
        1.84     0.931250      6915030        14.55
        1.86     0.937500      6954895        16.00
        1.88     0.940625      6981950        16.84
        1.90     0.943750      7008665        17.78
        1.90     0.946875      7021515        18.82
        1.92     0.950000      7047815        20.00
        1.94     0.953125      7071905        21.33
        1.95     0.956250      7095100        22.86
        1.97     0.959375      7116790        24.62
        1.99     0.962500      7145630        26.67
        2.01     0.965625      7162735        29.09
        2.03     0.968750      7183695        32.00
        2.05     0.970313      7195265        33.68
        2.08     0.971875      7213945        35.56
        2.10     0.973437      7221225        37.65
        2.13     0.975000      7232635        40.00
        2.17     0.976562      7243340        42.67
        2.25     0.978125      7254290        45.71
        2.35     0.979688      7265940        49.23
        2.45     0.981250      7276555        53.33
        2.59     0.982812      7288215        58.18
        2.77     0.984375      7299185        64.00
        2.90     0.985156      7305245        67.37
        3.09     0.985938      7310780        71.11
        3.46     0.986719      7316500        75.29
        3.81     0.987500      7322365        80.00
        4.25     0.988281      7328245        85.33
        4.77     0.989062      7334115        91.43
        5.34     0.989844      7339730        98.46
        5.95     0.990625      7345440       106.67
        6.66     0.991406      7351180       116.36
        7.33     0.992188      7357125       128.00
        7.65     0.992578      7359920       134.74
        7.93     0.992969      7363070       142.22
        8.32     0.993359      7366370       150.59
        8.64     0.993750      7368895       160.00
        8.89     0.994141      7371475       170.67
        9.34     0.994531      7374435       182.86
        9.86     0.994922      7377280       196.92
       10.49     0.995313      7380150       213.33
       11.26     0.995703      7383180       232.73
       12.80     0.996094      7386045       256.00
       13.70     0.996289      7387455       269.47
       14.65     0.996484      7388805       284.44
       16.06     0.996680      7390260       301.18
       16.64     0.996875      7391910       320.00
       17.02     0.997070      7393195       341.33
       17.92     0.997266      7394630       365.71
       19.07     0.997461      7396230       393.85
       20.35     0.997656      7397750       426.67
       20.99     0.997852      7399145       465.45
       22.02     0.998047      7400435       512.00
       22.66     0.998145      7401140       538.95
       23.30     0.998242      7401890       568.89
       24.19     0.998340      7403110       602.35
       24.32     0.998437      7405330       640.00
       24.32     0.998535      7405330       682.67
       24.32     0.998633      7405330       731.43
       24.45     0.998730      7407230       787.69
       24.45     0.998828      7407230       853.33
       24.45     0.998926      7407230       930.91
       24.70     0.999023      7407695      1024.00
       24.83     0.999072      7408235      1077.89
       24.96     0.999121      7408605      1137.78
       25.09     0.999170      7408785      1204.71
       25.47     0.999219      7409100      1280.00
       26.37     0.999268      7409490      1365.33
       27.26     0.999316      7409825      1462.86
       27.77     0.999365      7410180      1575.38
       28.29     0.999414      7411235      1706.67
       28.29     0.999463      7411235      1861.82
       28.41     0.999512      7412155      2048.00
       28.41     0.999536      7412155      2155.79
       28.41     0.999561      7412155      2275.56
       28.41     0.999585      7412155      2409.41
       28.41     0.999609      7412155      2560.00
       28.41     0.999634      7412155      2730.67
       28.54     0.999658      7412365      2925.71
       28.80     0.999683      7412655      3150.77
       28.93     0.999707      7412840      3413.33
       29.05     0.999731      7412965      3723.64
       29.18     0.999756      7413090      4096.00
       29.44     0.999768      7413170      4311.58
       29.70     0.999780      7413255      4551.11
       30.21     0.999792      7413335      4818.82
       30.98     0.999805      7413425      5120.00
       31.74     0.999817      7413545      5461.33
       32.13     0.999829      7413620      5851.43
       32.26     0.999841      7413775      6301.54
       32.38     0.999854      7414080      6826.67
       32.38     0.999866      7414080      7447.27
       32.38     0.999878      7414080      8192.00
       32.38     0.999884      7414080      8623.16
       32.38     0.999890      7414080      9102.22
       32.51     0.999896      7414175      9637.65
       32.51     0.999902      7414175     10240.00
       32.64     0.999908      7414225     10922.67
       32.77     0.999915      7414295     11702.86
       32.77     0.999921      7414295     12603.08
       33.02     0.999927      7414415     13653.33
       33.02     0.999933      7414415     14894.55
       33.28     0.999939      7414475     16384.00
       33.28     0.999942      7414475     17246.32
       33.28     0.999945      7414475     18204.44
       33.79     0.999948      7414520     19275.29
       33.79     0.999951      7414520     20480.00
       34.81     0.999954      7414575     21845.33
       34.81     0.999957      7414575     23405.71
       35.84     0.999960      7414585     25206.15
       36.09     0.999963      7414615     27306.67
       36.35     0.999966      7414700     29789.09
       36.35     0.999969      7414700     32768.00
       36.35     0.999971      7414700     34492.63
       36.35     0.999973      7414700     36408.89
       36.35     0.999974      7414700     38550.59
       36.35     0.999976      7414700     40960.00
       36.61     0.999977      7414815     43690.67
       36.61     0.999979      7414815     46811.43
       36.61     0.999980      7414815     50412.31
       36.61     0.999982      7414815     54613.33
       36.61     0.999983      7414815     59578.18
       36.61     0.999985      7414815     65536.00
       36.61     0.999986      7414815     68985.26
       36.61     0.999986      7414815     72817.78
       36.61     0.999987      7414815     77101.18
       36.61     0.999988      7414815     81920.00
       36.61     0.999989      7414815     87381.33
       36.61     0.999989      7414815     93622.86
       36.61     0.999990      7414815    100824.62
       36.61     0.999991      7414815    109226.67
       36.61     0.999992      7414815    119156.36
       36.61     0.999992      7414815    131072.00
       36.86     0.999993      7414830    137970.53
       36.86     0.999993      7414830    145635.56
       36.86     0.999994      7414830    154202.35
       36.86     0.999994      7414830    163840.00
       36.86     0.999994      7414830    174762.67
       37.12     0.999995      7414855    187245.71
       37.12     0.999995      7414855    201649.23
       37.12     0.999995      7414855    218453.33
       37.12     0.999996      7414855    238312.73
       37.12     0.999996      7414855    262144.00
       37.12     0.999996      7414855    275941.05
       37.12     0.999997      7414855    291271.11
       37.12     0.999997      7414855    308404.71
       37.12     0.999997      7414855    327680.00
       37.12     0.999997      7414855    349525.33
       37.12     0.999997      7414855    374491.43
       37.12     0.999998      7414855    403298.46
       37.12     0.999998      7414855    436906.67
       37.12     0.999998      7414855    476625.45
       40.70     0.999998      7414870    524288.00
       40.70     1.000000      7414870          inf
#[Mean    =        1.289, StdDeviation   =        1.520]
#[Max     =       40.703, Total count    =      7414870]
#[Buckets =           20, SubBuckets     =          256]
