       Value   Percentile   TotalCount 1/(1-Percentile)

        0.17     0.000000            3         1.00
        0.33     0.050000        33581         1.05
        0.34     0.100000        66134         1.11
        0.34     0.150000       118907         1.18
        0.35     0.200000       192166         1.25
        0.35     0.250000       192166         1.33
        0.36     0.300000       284064         1.43
        0.36     0.350000       284064         1.54
        0.36     0.400000       284064         1.67
        0.37     0.450000       382488         1.82
        0.37     0.500000       382488         2.00
        0.37     0.525000       382488         2.11
        0.37     0.550000       382488         2.22
        0.37     0.575000       382488         2.35
        0.38     0.600000       470470         2.50
        0.38     0.625000       470470         2.67
        0.38     0.650000       470470         2.86
        0.38     0.675000       470470         3.08
        0.38     0.700000       470470         3.33
        0.38     0.725000       537856         3.64
        0.38     0.750000       537856         4.00
        0.38     0.762500       537856         4.21
        0.38     0.775000       537856         4.44
        0.38     0.787500       537856         4.71
        0.38     0.800000       537856         5.00
        0.38     0.812500       537856         5.33
        0.39     0.825000       584561         5.71
        0.39     0.837500       584561         6.15
        0.39     0.850000       584561         6.67
        0.39     0.862500       584561         7.27
        0.39     0.875000       584561         8.00
        0.39     0.881250       584561         8.42
        0.39     0.887500       584561         8.89
        0.40     0.893750       615001         9.41
        0.40     0.900000       615001        10.00
        0.40     0.906250       615001        10.67
        0.40     0.912500       615001        11.43
        0.40     0.918750       615001        12.31
        0.40     0.925000       615001        13.33
        0.40     0.931250       615001        14.55
        0.41     0.937500       633880        16.00
        0.41     0.940625       633880        16.84
        0.41     0.943750       633880        17.78
        0.41     0.946875       633880        18.82
        0.41     0.950000       633880        20.00
        0.41     0.953125       633880        21.33
        0.41     0.956250       633880        22.86
        0.41     0.959375       633880        24.62
        0.41     0.962500       633880        26.67
        0.41     0.965625       645067        29.09
        0.41     0.968750       645067        32.00
        0.41     0.970313       645067        33.68
        0.41     0.971875       645067        35.56
        0.41     0.973437       645067        37.65
        0.41     0.975000       645067        40.00
        0.41     0.976562       645067        42.67
        0.41     0.978125       645067        45.71
        0.41     0.979688       645067        49.23
        0.42     0.981250       651169        53.33
        0.42     0.982812       651169        58.18
        0.42     0.984375       651169        64.00
        0.42     0.985156       651169        67.37
        0.42     0.985938       651169        71.11
        0.42     0.986719       651169        75.29
        0.42     0.987500       651169        80.00
        0.42     0.988281       651169        85.33
        0.42     0.989062       651169        91.43
        0.42     0.989844       651169        98.46
        0.43     0.990625       654196       106.67
        0.43     0.991406       654196       116.36
        0.43     0.992188       654196       128.00
        0.43     0.992578       654196       134.74
        0.43     0.992969       654196       142.22
        0.43     0.993359       654196       150.59
        0.43     0.993750       654196       160.00
        0.43     0.994141       654196       170.67
        0.43     0.994531       654196       182.86
        0.44     0.994922       655665       196.92
        0.44     0.995313       655665       213.33
        0.44     0.995703       655665       232.73
        0.44     0.996094       655665       256.00
        0.44     0.996289       655665       269.47
        0.44     0.996484       655665       284.44
        0.44     0.996680       655665       301.18
        0.44     0.996875       655665       320.00
        0.44     0.997070       655665       341.33
        0.45     0.997266       656378       365.71
        0.45     0.997461       656378       393.85
        0.45     0.997656       656378       426.67
        0.45     0.997852       656378       465.45
        0.45     0.998047       656378       512.00
        0.45     0.998145       656378       538.95
        0.46     0.998242       656767       568.89
        0.46     0.998340       656767       602.35
        0.46     0.998437       656767       640.00
        0.46     0.998535       656767       682.67
        0.46     0.998633       656767       731.43
        0.46     0.998730       656767       787.69
        0.46     0.998828       656949       853.33
        0.46     0.998926       656949       930.91
        0.46     0.999023       656949      1024.00
        0.46     0.999072       656949      1077.89
        0.47     0.999121       657042      1137.78
        0.47     0.999170       657042      1204.71
        0.48     0.999219       657102      1280.00
        0.48     0.999268       657102      1365.33
        0.49     0.999316       657136      1462.86
        0.49     0.999365       657164      1575.38
        0.50     0.999414       657181      1706.67
        0.52     0.999463       657211      1861.82
        0.54     0.999512       657246      2048.00
        0.54     0.999536       657251      2155.79
        0.56     0.999561       657269      2275.56
        0.58     0.999585       657288      2409.41
        0.61     0.999609       657301      2560.00
        0.63     0.999634       657318      2730.67
        0.65     0.999658       657332      2925.71
        0.67     0.999683       657354      3150.77
        0.68     0.999707       657367      3413.33
        0.69     0.999731       657399      3723.64
        0.69     0.999756       657399      4096.00
        0.70     0.999768       657406      4311.58
        0.71     0.999780       657418      4551.11
        0.72     0.999792       657422      4818.82
        0.73     0.999805       657428      5120.00
        0.78     0.999817       657437      5461.33
        0.80     0.999829       657445      5851.43
        0.81     0.999841       657462      6301.54
        0.81     0.999854       657462      6826.67
        0.82     0.999866       657471      7447.27
        0.83     0.999878       657484      8192.00
        0.83     0.999884       657484      8623.16
        0.83     0.999890       657484      9102.22
        0.84     0.999896       657492      9637.65
        0.84     0.999902       657492     10240.00
        0.85     0.999908       657502     10922.67
        0.85     0.999915       657502     11702.86
        0.85     0.999921       657515     12603.08
        0.85     0.999927       657515     13653.33
        0.85     0.999933       657515     14894.55
        0.86     0.999939       657525     16384.00
        0.86     0.999942       657525     17246.32
        0.86     0.999945       657525     18204.44
        0.86     0.999948       657525     19275.29
        0.86     0.999951       657525     20480.00
        0.87     0.999954       657531     21845.33
        0.87     0.999957       657531     23405.71
        0.87     0.999960       657531     25206.15
        0.88     0.999963       657538     27306.67
        0.88     0.999966       657538     29789.09
        0.88     0.999969       657538     32768.00
        0.88     0.999971       657538     34492.63
        0.88     0.999973       657538     36408.89
        0.89     0.999974       657544     38550.59
        0.89     0.999976       657544     40960.00
        0.89     0.999977       657544     43690.67
        0.89     0.999979       657544     46811.43
        0.89     0.999980       657544     50412.31
        0.89     0.999982       657544     54613.33
        0.90     0.999983       657549     59578.18
        0.90     0.999985       657549     65536.00
        0.90     0.999986       657549     68985.26
        0.90     0.999986       657549     72817.78
        0.90     0.999987       657549     77101.18
        0.90     0.999988       657549     81920.00
        0.90     0.999989       657549     87381.33
        0.90     0.999989       657549     93622.86
        0.90     0.999990       657551    100824.62
        0.90     0.999991       657551    109226.67
        0.90     0.999992       657551    119156.36
        0.90     0.999992       657551    131072.00
        0.91     0.999993       657552    137970.53
        0.91     0.999993       657552    145635.56
        0.91     0.999994       657552    154202.35
        0.91     0.999994       657552    163840.00
        0.92     0.999994       657553    174762.67
        0.92     0.999995       657553    187245.71
        0.92     0.999995       657553    201649.23
        0.92     0.999995       657553    218453.33
        0.94     0.999996       657554    238312.73
        0.94     0.999996       657554    262144.00
        0.94     0.999996       657554    275941.05
        0.94     0.999997       657554    291271.11
        0.94     0.999997       657554    308404.71
        0.94     0.999997       657554    327680.00
        0.96     0.999997       657555    349525.33
        0.96     0.999997       657555    374491.43
        0.96     0.999998       657555    403298.46
        0.96     0.999998       657555    436906.67
        0.96     0.999998       657555    476625.45
        0.96     0.999998       657555    524288.00
        0.96     0.999998       657555    551882.11
        0.96     0.999998       657555    582542.22
        0.96     0.999998       657555    616809.41
        0.96     0.999998       657555    655360.00
        1.11     0.999999       657556    699050.67
        1.11     1.000000       657556          inf
#[Mean    =        0.364, StdDeviation   =        0.025]
#[Max     =        1.111, Total count    =       657556]
#[Buckets =           20, SubBuckets     =          256]
