       Value   Percentile   TotalCount 1/(1-Percentile)

        0.26     0.000000            1         1.00
        0.44     0.050000        20591         1.05
        0.47     0.100000        39010         1.11
        0.51     0.150000        55298         1.18
        0.54     0.200000        73765         1.25
        0.57     0.250000       101569         1.33
        0.57     0.300000       112369         1.43
        0.59     0.350000       133060         1.54
        0.61     0.400000       149080         1.67
        0.63     0.450000       167970         1.82
        0.66     0.500000       191328         2.00
        0.66     0.525000       201219         2.11
        0.66     0.550000       201219         2.22
        0.67     0.575000       211874         2.35
        0.68     0.600000       223073         2.50
        0.69     0.625000       234194         2.67
        0.69     0.650000       245512         2.86
        0.70     0.675000       256268         3.08
        0.70     0.700000       256268         3.33
        0.71     0.725000       266500         3.64
        0.72     0.750000       275605         4.00
        0.73     0.762500       283632         4.21
        0.73     0.775000       283632         4.44
        0.73     0.787500       290285         4.71
        0.74     0.800000       295741         5.00
        0.75     0.812500       300006         5.33
        0.76     0.825000       303223         5.71
        0.78     0.837500       307557         6.15
        0.80     0.850000       311207         6.67
        0.85     0.862500       315783         7.27
        0.88     0.875000       321875         8.00
        0.89     0.881250       324359         8.42
        0.90     0.887500       327279         8.89
        0.90     0.893750       327279         9.41
        0.90     0.900000       330526        10.00
        0.91     0.906250       334211        10.67
        0.91     0.912500       334211        11.43
        0.92     0.918750       337994        12.31
        0.93     0.925000       341840        13.33
        0.93     0.931250       341840        14.55
        0.94     0.937500       345756        16.00
        0.94     0.940625       345756        16.84
        0.94     0.943750       345756        17.78
        0.94     0.946875       349336        18.82
        0.94     0.950000       349336        20.00
        0.94     0.953125       349336        21.33
        0.95     0.956250       352666        22.86
        0.95     0.959375       352666        24.62
        0.95     0.962500       352666        26.67
        0.96     0.965625       355467        29.09
        0.96     0.968750       355467        32.00
        0.96     0.970313       355467        33.68
        0.96     0.971875       355467        35.56
        0.97     0.973437       357745        37.65
        0.97     0.975000       357745        40.00
        0.97     0.976562       357745        42.67
        0.97     0.978125       357745        45.71
        0.97     0.979688       359562        49.23
        0.97     0.981250       359562        53.33
        0.97     0.982812       359562        58.18
        0.98     0.984375       360974        64.00
        0.98     0.985156       360974        67.37
        0.98     0.985938       360974        71.11
        0.98     0.986719       360974        75.29
        0.99     0.987500       362047        80.00
        0.99     0.988281       362047        85.33
        0.99     0.989062       362047        91.43
        0.99     0.989844       362047        98.46
        1.00     0.990625       362830       106.67
        1.00     0.991406       362830       116.36
        1.00     0.992188       362830       128.00
        1.01     0.992578       363409       134.74
        1.01     0.992969       363409       142.22
        1.01     0.993359       363409       150.59
        1.01     0.993750       363409       160.00
        1.01     0.994141       363857       170.67
        1.01     0.994531       363857       182.86
        1.01     0.994922       363857       196.92
        1.02     0.995313       364200       213.33
        1.02     0.995703       364200       232.73
        1.03     0.996094       364437       256.00
        1.03     0.996289       364437       269.47
        1.03     0.996484       364437       284.44
        1.04     0.996680       364612       301.18
        1.04     0.996875       364612       320.00
        1.04     0.997070       364612       341.33
        1.05     0.997266       364787       365.71
        1.05     0.997461       364787       393.85
        1.05     0.997656       364900       426.67
        1.05     0.997852       364900       465.45
        1.06     0.998047       365013       512.00
        1.06     0.998145       365013       538.95
        1.07     0.998242       365100       568.89
        1.07     0.998340       365100       602.35
        1.07     0.998437       365100       640.00
        1.08     0.998535       365195       682.67
        1.08     0.998633       365195       731.43
        1.09     0.998730       365257       787.69
        1.09     0.998828       365257       853.33
        1.09     0.998926       365319       930.91
        1.09     0.999023       365319      1024.00
        1.10     0.999072       365366      1077.89
        1.10     0.999121       365366      1137.78
        1.10     0.999170       365366      1204.71
        1.11     0.999219       365417      1280.00
        1.11     0.999268       365417      1365.33
        1.11     0.999316       365417      1462.86
        1.12     0.999365       365451      1575.38
        1.12     0.999414       365451      1706.67
        1.13     0.999463       365476      1861.82
        1.14     0.999512       365498      2048.00
        1.14     0.999536       365498      2155.79
        1.14     0.999561       365512      2275.56
        1.14     0.999585       365512      2409.41
        1.15     0.999609       365529      2560.00
        1.16     0.999634       365541      2730.67
        1.16     0.999658       365541      2925.71
        1.17     0.999683       365549      3150.77
        1.18     0.999707       365558      3413.33
        1.18     0.999731       365565      3723.64
        1.21     0.999756       365577      4096.00
        1.22     0.999768       365579      4311.58
        1.24     0.999780       365585      4551.11
        1.25     0.999792       365589      4818.82
        1.26     0.999805       365592      5120.00
        1.31     0.999817       365597      5461.33
        1.35     0.999829       365601      5851.43
        1.46     0.999841       365605      6301.54
        1.55     0.999854       365610      6826.67
        3.84     0.999866       365614      7447.27
        4.05     0.999878       365619      8192.00
        4.08     0.999884       365622      8623.16
        4.13     0.999890       365623      9102.22
        4.19     0.999896       365627      9637.65
        4.29     0.999902       365628     10240.00
        4.38     0.999908       365632     10922.67
        4.38     0.999915       365632     11702.86
        4.45     0.999921       365634     12603.08
        4.67     0.999927       365640     13653.33
        4.67     0.999933       365640     14894.55
        4.70     0.999939       365641     16384.00
        4.77     0.999942       365642     17246.32
        4.80     0.999945       365645     18204.44
        4.80     0.999948       365645     19275.29
        4.83     0.999951       365646     20480.00
        4.89     0.999954       365648     21845.33
        4.89     0.999957       365648     23405.71
        5.02     0.999960       365649     25206.15
        5.21     0.999963       365650     27306.67
        5.25     0.999966       365651     29789.09
        6.66     0.999969       365653     32768.00
        6.66     0.999971       365653     34492.63
        6.66     0.999973       365653     36408.89
        6.69     0.999974       365654     38550.59
        6.72     0.999976       365655     40960.00
        6.72     0.999977       365655     43690.67
        6.78     0.999979       365656     46811.43
        6.78     0.999980       365656     50412.31
        6.82     0.999982       365657     54613.33
        6.82     0.999983       365657     59578.18
        6.94     0.999985       365658     65536.00
        6.94     0.999986       365658     68985.26
        6.94     0.999986       365658     72817.78
        6.97     0.999987       365660     77101.18
        6.97     0.999988       365660     81920.00
        6.97     0.999989       365660     87381.33
        6.97     0.999989       365660     93622.86
        6.97     0.999990       365660    100824.62
        6.97     0.999991       365660    109226.67
        6.97     0.999992       365660    119156.36
        7.29     0.999992       365661    131072.00
        7.29     0.999993       365661    137970.53
        7.29     0.999993       365661    145635.56
        7.29     0.999994       365661    154202.35
        7.29     0.999994       365661    163840.00
        7.29     0.999994       365661    174762.67
        7.33     0.999995       365662    187245.71
        7.33     0.999995       365662    201649.23
        7.33     0.999995       365662    218453.33
        7.33     0.999996       365662    238312.73
        7.33     0.999996       365662    262144.00
        7.33     0.999996       365662    275941.05
        7.33     0.999997       365662    291271.11
        7.33     0.999997       365662    308404.71
        7.33     0.999997       365662    327680.00
        7.33     0.999997       365662    349525.33
        7.36     0.999997       365663    374491.43
        7.36     1.000000       365663          inf
#[Mean    =        0.656, StdDeviation   =        0.153]
#[Max     =        7.359, Total count    =       365663]
#[Buckets =           20, SubBuckets     =          256]
