       Value   Percentile   TotalCount 1/(1-Percentile)

        0.22     0.000000            1         1.00
        0.47     0.050000        20620         1.05
        0.50     0.100000        36240         1.11
        0.54     0.150000        51879         1.18
        0.58     0.200000        74369         1.25
        0.60     0.250000        90485         1.33
        0.61     0.300000       108955         1.43
        0.63     0.350000       125830         1.54
        0.65     0.400000       139112         1.67
        0.67     0.450000       155456         1.82
        0.69     0.500000       175177         2.00
        0.70     0.525000       183228         2.11
        0.71     0.550000       191907         2.22
        0.72     0.575000       201014         2.35
        0.73     0.600000       210210         2.50
        0.73     0.625000       219596         2.67
        0.74     0.650000       228699         2.86
        0.75     0.675000       237560         3.08
        0.76     0.700000       245764         3.33
        0.77     0.725000       253043         3.64
        0.78     0.750000       259346         4.00
        0.78     0.762500       264863         4.21
        0.78     0.775000       264863         4.44
        0.79     0.787500       269435         4.71
        0.80     0.800000       273275         5.00
        0.81     0.812500       278897         5.33
        0.83     0.825000       282635         5.71
        0.85     0.837500       286642         6.15
        0.89     0.850000       290748         6.67
        0.91     0.862500       294365         7.27
        0.94     0.875000       299975         8.00
        0.94     0.881250       302446         8.42
        0.95     0.887500       305180         8.89
        0.95     0.893750       305180         9.41
        0.96     0.900000       308282        10.00
        0.97     0.906250       311485        10.67
        0.97     0.912500       311485        11.43
        0.97     0.918750       314857        12.31
        0.98     0.925000       318272        13.33
        0.98     0.931250       318272        14.55
        0.99     0.937500       321462        16.00
        0.99     0.940625       321462        16.84
        1.00     0.943750       324530        17.78
        1.00     0.946875       324530        18.82
        1.00     0.950000       324530        20.00
        1.01     0.953125       327289        21.33
        1.01     0.956250       327289        22.86
        1.01     0.959375       327289        24.62
        1.01     0.962500       329695        26.67
        1.01     0.965625       329695        29.09
        1.02     0.968750       331632        32.00
        1.02     0.970313       331632        33.68
        1.02     0.971875       331632        35.56
        1.03     0.973437       333280        37.65
        1.03     0.975000       333280        40.00
        1.03     0.976562       333280        42.67
        1.04     0.978125       334535        45.71
        1.04     0.979688       334535        49.23
        1.05     0.981250       335462        53.33
        1.05     0.982812       335462        58.18
        1.05     0.984375       336295        64.00
        1.05     0.985156       336295        67.37
        1.05     0.985938       336295        71.11
        1.06     0.986719       336898        75.29
        1.06     0.987500       336898        80.00
        1.07     0.988281       337347        85.33
        1.07     0.989062       337347        91.43
        1.08     0.989844       337707        98.46
        1.09     0.990625       337987       106.67
        1.09     0.991406       338287       116.36
        1.10     0.992188       338509       128.00
        1.10     0.992578       338509       134.74
        1.11     0.992969       338698       142.22
        1.12     0.993359       338870       150.59
        1.12     0.993750       338870       160.00
        1.13     0.994141       339027       170.67
        1.14     0.994531       339156       182.86
        1.14     0.994922       339289       196.92
        1.16     0.995313       339489       213.33
        1.17     0.995703       339581       232.73
        1.18     0.996094       339671       256.00
        1.18     0.996289       339749       269.47
        1.19     0.996484       339820       284.44
        1.20     0.996680       339897       301.18
        1.21     0.996875       339955       320.00
        1.22     0.997070       340012       341.33
        1.22     0.997266       340081       365.71
        1.23     0.997461       340127       393.85
        1.25     0.997656       340209       426.67
        1.26     0.997852       340275       465.45
        1.28     0.998047       340323       512.00
        1.29     0.998145       340364       538.95
        1.31     0.998242       340397       568.89
        1.33     0.998340       340434       602.35
        1.34     0.998437       340469       640.00
        1.36     0.998535       340495       682.67
        1.38     0.998633       340530       731.43
        1.41     0.998730       340555       787.69
        1.45     0.998828       340592       853.33
        1.56     0.998926       340620       930.91
        2.80     0.999023       340654      1024.00
        2.86     0.999072       340670      1077.89
        2.94     0.999121       340689      1137.78
        2.99     0.999170       340704      1204.71
        3.09     0.999219       340721      1280.00
        3.25     0.999268       340737      1365.33
        3.38     0.999316       340754      1462.86
        3.81     0.999365       340776      1575.38
        3.87     0.999414       340788      1706.67
        3.92     0.999463       340806      1861.82
        3.97     0.999512       340821      2048.00
        4.00     0.999536       340835      2155.79
        4.01     0.999561       340843      2275.56
        4.03     0.999585       340851      2409.41
        4.05     0.999609       340857      2560.00
        4.06     0.999634       340864      2730.67
        4.09     0.999658       340873      2925.71
        4.13     0.999683       340881      3150.77
        4.16     0.999707       340887      3413.33
        4.22     0.999731       340898      3723.64
        4.25     0.999756       340906      4096.00
        4.29     0.999768       340908      4311.58
        4.32     0.999780       340913      4551.11
        4.35     0.999792       340922      4818.82
        4.35     0.999805       340922      5120.00
        4.38     0.999817       340925      5461.33
        4.42     0.999829       340931      5851.43
        4.45     0.999841       340932      6301.54
        4.70     0.999854       340937      6826.67
        5.15     0.999866       340941      7447.27
        5.34     0.999878       340945      8192.00
        5.47     0.999884       340947      8623.16
        5.50     0.999890       340951      9102.22
        5.50     0.999896       340951      9637.65
        5.54     0.999902       340953     10240.00
        5.60     0.999908       340957     10922.67
        5.60     0.999915       340957     11702.86
        5.63     0.999921       340959     12603.08
        5.89     0.999927       340962     13653.33
        6.75     0.999933       340964     14894.55
        6.82     0.999939       340966     16384.00
        6.85     0.999942       340967     17246.32
        7.07     0.999945       340968     18204.44
        7.17     0.999948       340969     19275.29
        7.23     0.999951       340970     20480.00
        7.26     0.999954       340971     21845.33
        7.49     0.999957       340972     23405.71
        7.52     0.999960       340974     25206.15
        7.52     0.999963       340974     27306.67
        7.55     0.999966       340976     29789.09
        7.55     0.999969       340976     32768.00
        7.68     0.999971       340977     34492.63
        7.68     0.999973       340977     36408.89
        7.78     0.999974       340978     38550.59
        7.78     0.999976       340978     40960.00
        8.19     0.999977       340980     43690.67
        8.19     0.999979       340980     46811.43
        8.19     0.999980       340980     50412.31
        8.19     0.999982       340980     54613.33
        8.26     0.999983       340981     59578.18
        8.26     0.999985       340981     65536.00
        8.57     0.999986       340982     68985.26
        8.57     0.999986       340982     72817.78
        8.57     0.999987       340982     77101.18
        8.57     0.999988       340982     81920.00
        8.83     0.999989       340983     87381.33
        8.83     0.999989       340983     93622.86
        8.83     0.999990       340983    100824.62
        8.83     0.999991       340983    109226.67
        8.96     0.999992       340984    119156.36
        8.96     0.999992       340984    131072.00
        8.96     0.999993       340984    137970.53
        8.96     0.999993       340984    145635.56
        8.96     0.999994       340984    154202.35
        8.96     0.999994       340984    163840.00
        9.02     0.999994       340985    174762.67
        9.02     0.999995       340985    187245.71
        9.02     0.999995       340985    201649.23
        9.02     0.999995       340985    218453.33
        9.02     0.999996       340985    238312.73
        9.02     0.999996       340985    262144.00
        9.02     0.999996       340985    275941.05
        9.02     0.999997       340985    291271.11
        9.02     0.999997       340985    308404.71
        9.02     0.999997       340985    327680.00
        9.28     0.999997       340986    349525.33
        9.28     1.000000       340986          inf
#[Mean    =        0.703, StdDeviation   =        0.194]
#[Max     =        9.279, Total count    =       340986]
#[Buckets =           20, SubBuckets     =          256]
