       Value   Percentile   TotalCount 1/(1-Percentile)

        0.15     0.000000            1         1.00
        0.21     0.050000        71411         1.05
        0.22     0.100000        96227         1.11
        0.24     0.150000       114220         1.18
        0.26     0.200000       161080         1.25
        0.27     0.250000       194162         1.33
        0.29     0.300000       242404         1.43
        0.29     0.350000       275531         1.54
        0.30     0.400000       311276         1.67
        0.31     0.450000       336369         1.82
        0.33     0.500000       417965         2.00
        0.33     0.525000       417965         2.11
        0.33     0.550000       417965         2.22
        0.34     0.575000       477879         2.35
        0.34     0.600000       477879         2.50
        0.34     0.625000       477879         2.67
        0.34     0.650000       525300         2.86
        0.34     0.675000       525300         3.08
        0.34     0.700000       525300         3.33
        0.35     0.725000       564664         3.64
        0.35     0.750000       564664         4.00
        0.36     0.762500       599644         4.21
        0.36     0.775000       599644         4.44
        0.36     0.787500       599644         4.71
        0.36     0.800000       599644         5.00
        0.37     0.812500       622302         5.33
        0.37     0.825000       622302         5.71
        0.38     0.837500       632756         6.15
        0.38     0.850000       637028         6.67
        0.43     0.862500       644972         7.27
        0.46     0.875000       661842         8.00
        0.46     0.881250       661842         8.42
        0.46     0.887500       678685         8.89
        0.46     0.893750       678685         9.41
        0.46     0.900000       678685        10.00
        0.46     0.906250       678685        10.67
        0.47     0.912500       702392        11.43
        0.47     0.918750       702392        12.31
        0.47     0.925000       702392        13.33
        0.47     0.931250       702392        14.55
        0.47     0.937500       702392        16.00
        0.47     0.940625       702392        16.84
        0.48     0.943750       724558        17.78
        0.48     0.946875       724558        18.82
        0.48     0.950000       724558        20.00
        0.48     0.953125       724558        21.33
        0.48     0.956250       724558        22.86
        0.48     0.959375       724558        24.62
        0.48     0.962500       724558        26.67
        0.48     0.965625       724558        29.09
        0.48     0.968750       724558        32.00
        0.48     0.970313       724558        33.68
        0.49     0.971875       738324        35.56
        0.49     0.973437       738324        37.65
        0.49     0.975000       738324        40.00
        0.49     0.976562       738324        42.67
        0.49     0.978125       738324        45.71
        0.49     0.979688       738324        49.23
        0.49     0.981250       738324        53.33
        0.49     0.982812       738324        58.18
        0.49     0.984375       738324        64.00
        0.49     0.985156       738324        67.37
        0.49     0.985938       738324        71.11
        0.49     0.986719       738324        75.29
        0.49     0.987500       738324        80.00
        0.49     0.988281       738324        85.33
        0.49     0.989062       744030        91.43
        0.49     0.989844       744030        98.46
        0.49     0.990625       744030       106.67
        0.49     0.991406       744030       116.36
        0.49     0.992188       744030       128.00
        0.49     0.992578       744030       134.74
        0.49     0.992969       744030       142.22
        0.49     0.993359       744030       150.59
        0.49     0.993750       744030       160.00
        0.49     0.994141       744030       170.67
        0.49     0.994531       744030       182.86
        0.49     0.994922       744030       196.92
        0.49     0.995313       744030       213.33
        0.49     0.995703       744030       232.73
        0.49     0.996094       744030       256.00
        0.49     0.996289       744030       269.47
        0.49     0.996484       744030       284.44
        0.50     0.996680       745657       301.18
        0.50     0.996875       745657       320.00
        0.50     0.997070       745657       341.33
        0.50     0.997266       745657       365.71
        0.50     0.997461       745657       393.85
        0.50     0.997656       745657       426.67
        0.50     0.997852       745657       465.45
        0.50     0.998047       745657       512.00
        0.50     0.998145       745657       538.95
        0.50     0.998242       745657       568.89
        0.50     0.998340       745657       602.35
        0.50     0.998437       745657       640.00
        0.50     0.998535       745657       682.67
        0.50     0.998633       745657       731.43
        0.51     0.998730       746093       787.69
        0.51     0.998828       746093       853.33
        0.51     0.998926       746093       930.91
        0.51     0.999023       746093      1024.00
        0.51     0.999072       746093      1077.89
        0.51     0.999121       746093      1137.78
        0.51     0.999170       746093      1204.71
        0.51     0.999219       746093      1280.00
        0.52     0.999268       746253      1365.33
        0.52     0.999316       746253      1462.86
        0.52     0.999365       746253      1575.38
        0.52     0.999414       746253      1706.67
        0.52     0.999463       746253      1861.82
        0.53     0.999512       746332      2048.00
        0.53     0.999536       746332      2155.79
        0.53     0.999561       746332      2275.56
        0.54     0.999585       746370      2409.41
        0.54     0.999609       746370      2560.00
        0.54     0.999634       746396      2730.67
        0.54     0.999658       746396      2925.71
        0.55     0.999683       746420      3150.77
        0.56     0.999707       746443      3413.33
        0.57     0.999731       746460      3723.64
        0.57     0.999756       746472      4096.00
        0.58     0.999768       746483      4311.58
        0.59     0.999780       746492      4551.11
        0.60     0.999792       746501      4818.82
        0.61     0.999805       746518      5120.00
        0.61     0.999817       746518      5461.33
        0.61     0.999829       746526      5851.43
        0.62     0.999841       746533      6301.54
        0.63     0.999854       746543      6826.67
        0.65     0.999866       746551      7447.27
        0.66     0.999878       746561      8192.00
        0.66     0.999884       746571      8623.16
        0.66     0.999890       746571      9102.22
        0.67     0.999896       746577      9637.65
        0.68     0.999902       746581     10240.00
        0.69     0.999908       746586     10922.67
        0.69     0.999915       746591     11702.86
        0.69     0.999921       746591     12603.08
        0.71     0.999927       746596     13653.33
        0.72     0.999933       746604     14894.55
        0.73     0.999939       746605     16384.00
        0.73     0.999942       746607     17246.32
        0.74     0.999945       746616     18204.44
        0.74     0.999948       746616     19275.29
        0.74     0.999951       746616     20480.00
        0.74     0.999954       746616     21845.33
        0.75     0.999957       746619     23405.71
        0.76     0.999960       746622     25206.15
        0.77     0.999963       746624     27306.67
        0.78     0.999966       746628     29789.09
        0.78     0.999969       746628     32768.00
        0.78     0.999971       746630     34492.63
        0.78     0.999973       746630     36408.89
        0.79     0.999974       746634     38550.59
        0.79     0.999976       746634     40960.00
        0.79     0.999977       746634     43690.67
        0.80     0.999979       746635     46811.43
        0.81     0.999980       746636     50412.31
        0.81     0.999982       746637     54613.33
        0.82     0.999983       746640     59578.18
        0.82     0.999985       746640     65536.00
        0.82     0.999986       746640     68985.26
        0.82     0.999986       746640     72817.78
        0.83     0.999987       746643     77101.18
        0.83     0.999988       746643     81920.00
        0.83     0.999989       746643     87381.33
        0.83     0.999989       746643     93622.86
        0.83     0.999990       746643    100824.62
        0.84     0.999991       746646    109226.67
        0.84     0.999992       746646    119156.36
        0.84     0.999992       746646    131072.00
        0.84     0.999993       746646    137970.53
        0.84     0.999993       746646    145635.56
        0.84     0.999994       746646    154202.35
        0.84     0.999994       746646    163840.00
        0.84     0.999994       746646    174762.67
        0.85     0.999995       746648    187245.71
        0.85     0.999995       746648    201649.23
        0.85     0.999995       746648    218453.33
        0.85     0.999996       746648    238312.73
        0.85     0.999996       746648    262144.00
        0.85     0.999996       746648    275941.05
        0.85     0.999997       746648    291271.11
        0.85     0.999997       746648    308404.71
        0.85     0.999997       746648    327680.00
        0.85     0.999997       746648    349525.33
        0.87     0.999997       746649    374491.43
        0.87     0.999998       746649    403298.46
        0.87     0.999998       746649    436906.67
        0.87     0.999998       746649    476625.45
        0.87     0.999998       746649    524288.00
        0.87     0.999998       746649    551882.11
        0.87     0.999998       746649    582542.22
        0.87     0.999998       746649    616809.41
        0.87     0.999998       746649    655360.00
        0.87     0.999999       746649    699050.67
        0.93     0.999999       746650    748982.86
        0.93     1.000000       746650          inf
#[Mean    =        0.321, StdDeviation   =        0.076]
#[Max     =        0.927, Total count    =       746650]
#[Buckets =           20, SubBuckets     =          256]
