       Value   Percentile   TotalCount 1/(1-Percentile)

        0.18     0.000000            1         1.00
        0.29     0.050000        27738         1.05
        0.30     0.100000        65516         1.11
        0.34     0.150000        85292         1.18
        0.37     0.200000       127555         1.25
        0.38     0.250000       151812         1.33
        0.38     0.300000       175182         1.43
        0.39     0.350000       198797         1.54
        0.41     0.400000       235404         1.67
        0.42     0.450000       258820         1.82
        0.43     0.500000       280045         2.00
        0.44     0.525000       309483         2.11
        0.44     0.550000       309483         2.22
        0.45     0.575000       343296         2.35
        0.45     0.600000       343296         2.50
        0.46     0.625000       377582         2.67
        0.46     0.650000       377582         2.86
        0.46     0.675000       377582         3.08
        0.46     0.700000       410843         3.33
        0.46     0.725000       410843         3.64
        0.47     0.750000       439670         4.00
        0.47     0.762500       439670         4.21
        0.47     0.775000       439670         4.44
        0.47     0.787500       439670         4.71
        0.48     0.800000       459527         5.00
        0.48     0.812500       459527         5.33
        0.48     0.825000       459527         5.71
        0.49     0.837500       469194         6.15
        0.49     0.850000       472745         6.67
        0.59     0.862500       478374         7.27
        0.61     0.875000       486437         8.00
        0.61     0.881250       495466         8.42
        0.61     0.887500       495466         8.89
        0.62     0.893750       508347         9.41
        0.62     0.900000       508347        10.00
        0.62     0.906250       508347        10.67
        0.62     0.912500       508347        11.43
        0.63     0.918750       522741        12.31
        0.63     0.925000       522741        13.33
        0.63     0.931250       522741        14.55
        0.63     0.937500       522741        16.00
        0.63     0.940625       522741        16.84
        0.64     0.943750       535758        17.78
        0.64     0.946875       535758        18.82
        0.64     0.950000       535758        20.00
        0.64     0.953125       535758        21.33
        0.64     0.956250       535758        22.86
        0.64     0.959375       535758        24.62
        0.64     0.962500       535758        26.67
        0.64     0.965625       535758        29.09
        0.65     0.968750       545138        32.00
        0.65     0.970313       545138        33.68
        0.65     0.971875       545138        35.56
        0.65     0.973437       545138        37.65
        0.65     0.975000       545138        40.00
        0.65     0.976562       545138        42.67
        0.65     0.978125       545138        45.71
        0.65     0.979688       545138        49.23
        0.65     0.981250       545138        53.33
        0.65     0.982812       545138        58.18
        0.66     0.984375       550539        64.00
        0.66     0.985156       550539        67.37
        0.66     0.985938       550539        71.11
        0.66     0.986719       550539        75.29
        0.66     0.987500       550539        80.00
        0.66     0.988281       550539        85.33
        0.66     0.989062       550539        91.43
        0.66     0.989844       550539        98.46
        0.66     0.990625       550539       106.67
        0.66     0.991406       550539       116.36
        0.66     0.992188       550539       128.00
        0.66     0.992578       550539       134.74
        0.66     0.992969       553061       142.22
        0.66     0.993359       553061       150.59
        0.66     0.993750       553061       160.00
        0.66     0.994141       553061       170.67
        0.66     0.994531       553061       182.86
        0.66     0.994922       553061       196.92
        0.66     0.995313       553061       213.33
        0.66     0.995703       553061       232.73
        0.66     0.996094       553061       256.00
        0.66     0.996289       553061       269.47
        0.66     0.996484       553061       284.44
        0.66     0.996680       553061       301.18
        0.66     0.996875       553061       320.00
        0.66     0.997070       553061       341.33
        0.67     0.997266       554001       365.71
        0.67     0.997461       554001       393.85
        0.67     0.997656       554001       426.67
        0.67     0.997852       554001       465.45
        0.67     0.998047       554001       512.00
        0.67     0.998145       554001       538.95
        0.67     0.998242       554001       568.89
        0.67     0.998340       554001       602.35
        0.67     0.998437       554001       640.00
        0.67     0.998535       554001       682.67
        0.67     0.998633       554001       731.43
        0.67     0.998730       554001       787.69
        0.67     0.998828       554001       853.33
        0.67     0.998926       554001       930.91
        0.68     0.999023       554274      1024.00
        0.68     0.999072       554274      1077.89
        0.68     0.999121       554274      1137.78
        0.68     0.999170       554274      1204.71
        0.68     0.999219       554274      1280.00
        0.68     0.999268       554274      1365.33
        0.68     0.999316       554274      1462.86
        0.68     0.999365       554274      1575.38
        0.68     0.999414       554274      1706.67
        0.69     0.999463       554363      1861.82
        0.69     0.999512       554363      2048.00
        0.69     0.999536       554363      2155.79
        0.69     0.999561       554363      2275.56
        0.69     0.999585       554363      2409.41
        0.69     0.999609       554408      2560.00
        0.69     0.999634       554408      2730.67
        0.69     0.999658       554408      2925.71
        0.70     0.999683       554422      3150.77
        0.71     0.999707       554431      3413.33
        0.73     0.999731       554450      3723.64
        0.73     0.999756       554465      4096.00
        0.73     0.999768       554465      4311.58
        0.74     0.999780       554470      4551.11
        0.75     0.999792       554478      4818.82
        0.76     0.999805       554489      5120.00
        0.77     0.999817       554494      5461.33
        0.78     0.999829       554502      5851.43
        0.78     0.999841       554510      6301.54
        0.78     0.999854       554510      6826.67
        0.80     0.999866       554521      7447.27
        0.81     0.999878       554526      8192.00
        0.81     0.999884       554534      8623.16
        0.81     0.999890       554534      9102.22
        0.81     0.999896       554534      9637.65
        0.82     0.999902       554541     10240.00
        0.82     0.999908       554541     10922.67
        0.83     0.999915       554547     11702.86
        0.83     0.999921       554547     12603.08
        0.85     0.999927       554557     13653.33
        0.85     0.999933       554557     14894.55
        0.85     0.999939       554562     16384.00
        0.85     0.999942       554562     17246.32
        0.85     0.999945       554562     18204.44
        0.86     0.999948       554567     19275.29
        0.86     0.999951       554567     20480.00
        0.86     0.999954       554567     21845.33
        0.87     0.999957       554569     23405.71
        0.87     0.999960       554569     25206.15
        0.88     0.999963       554571     27306.67
        0.90     0.999966       554576     29789.09
        0.90     0.999969       554576     32768.00
        0.90     0.999971       554576     34492.63
        0.90     0.999973       554576     36408.89
        0.90     0.999974       554578     38550.59
        0.90     0.999976       554578     40960.00
        0.91     0.999977       554581     43690.67
        0.91     0.999979       554581     46811.43
        0.91     0.999980       554581     50412.31
        0.91     0.999982       554581     54613.33
        0.92     0.999983       554582     59578.18
        0.93     0.999985       554583     65536.00
        0.93     0.999986       554583     68985.26
        0.94     0.999986       554584     72817.78
        0.94     0.999987       554584     77101.18
        0.97     0.999988       554585     81920.00
        0.97     0.999989       554585     87381.33
        0.97     0.999989       554586     93622.86
        0.97     0.999990       554586    100824.62
        0.97     0.999991       554586    109226.67
        1.07     0.999992       554587    119156.36
        1.07     0.999992       554587    131072.00
        1.07     0.999993       554587    137970.53
        1.08     0.999993       554588    145635.56
        1.08     0.999994       554588    154202.35
        1.08     0.999994       554588    163840.00
        1.08     0.999994       554588    174762.67
        1.16     0.999995       554589    187245.71
        1.16     0.999995       554589    201649.23
        1.16     0.999995       554589    218453.33
        1.16     0.999996       554589    238312.73
        1.16     0.999996       554589    262144.00
        1.16     0.999996       554589    275941.05
        1.20     0.999997       554591    291271.11
        1.20     1.000000       554591          inf
#[Mean    =        0.433, StdDeviation   =        0.098]
#[Max     =        1.199, Total count    =       554591]
#[Buckets =           20, SubBuckets     =          256]
