       Value   Percentile   TotalCount 1/(1-Percentile)

        0.02     0.000000            2         1.00
        0.06     0.050000       402022         1.05
        0.06     0.100000       402022         1.11
        0.07     0.150000       856632         1.18
        0.07     0.200000       856632         1.25
        0.07     0.250000       856632         1.33
        0.07     0.300000       856632         1.43
        0.08     0.350000      1373365         1.54
        0.08     0.400000      1373365         1.67
        0.08     0.450000      1373365         1.82
        0.08     0.500000      1373365         2.00
        0.09     0.525000      1806319         2.11
        0.09     0.550000      1806319         2.22
        0.09     0.575000      1806319         2.35
        0.09     0.600000      1806319         2.50
        0.09     0.625000      1806319         2.67
        0.09     0.650000      1806319         2.86
        0.10     0.675000      2112486         3.08
        0.10     0.700000      2112486         3.33
        0.10     0.725000      2112486         3.64
        0.10     0.750000      2112486         4.00
        0.10     0.762500      2112486         4.21
        0.10     0.775000      2112486         4.44
        0.10     0.787500      2310030         4.71
        0.10     0.800000      2310030         5.00
        0.10     0.812500      2310030         5.33
        0.10     0.825000      2310030         5.71
        0.10     0.837500      2310030         6.15
        0.10     0.850000      2310030         6.67
        0.11     0.862500      2451762         7.27
        0.11     0.875000      2451762         8.00
        0.11     0.881250      2451762         8.42
        0.11     0.887500      2451762         8.89
        0.11     0.893750      2451762         9.41
        0.11     0.900000      2451762        10.00
        0.12     0.906250      2566528        10.67
        0.12     0.912500      2566528        11.43
        0.12     0.918750      2566528        12.31
        0.12     0.925000      2566528        13.33
        0.12     0.931250      2566528        14.55
        0.12     0.937500      2566528        16.00
        0.12     0.940625      2566528        16.84
        0.12     0.943750      2566528        17.78
        0.13     0.946875      2646626        18.82
        0.13     0.950000      2646626        20.00
        0.13     0.953125      2646626        21.33
        0.13     0.956250      2646626        22.86
        0.13     0.959375      2646626        24.62
        0.13     0.962500      2646626        26.67
        0.13     0.965625      2646626        29.09
        0.13     0.968750      2646626        32.00
        0.13     0.970313      2646626        33.68
        0.13     0.971875      2646626        35.56
        0.13     0.973437      2646626        37.65
        0.14     0.975000      2684913        40.00
        0.14     0.976562      2684913        42.67
        0.14     0.978125      2684913        45.71
        0.14     0.979688      2684913        49.23
        0.14     0.981250      2684913        53.33
        0.14     0.982812      2684913        58.18
        0.14     0.984375      2684913        64.00
        0.14     0.985156      2684913        67.37
        0.14     0.985938      2684913        71.11
        0.14     0.986719      2684913        75.29
        0.14     0.987500      2684913        80.00
        0.14     0.988281      2701297        85.33
        0.14     0.989062      2701297        91.43
        0.14     0.989844      2701297        98.46
        0.14     0.990625      2701297       106.67
        0.14     0.991406      2701297       116.36
        0.14     0.992188      2701297       128.00
        0.14     0.992578      2701297       134.74
        0.14     0.992969      2701297       142.22
        0.14     0.993359      2701297       150.59
        0.14     0.993750      2701297       160.00
        0.14     0.994141      2701297       170.67
        0.15     0.994531      2707107       182.86
        0.15     0.994922      2707107       196.92
        0.15     0.995313      2707107       213.33
        0.15     0.995703      2707107       232.73
        0.15     0.996094      2707107       256.00
        0.15     0.996289      2707107       269.47
        0.16     0.996484      2709759       284.44
        0.16     0.996680      2709759       301.18
        0.16     0.996875      2709759       320.00
        0.16     0.997070      2709759       341.33
        0.16     0.997266      2709759       365.71
        0.17     0.997461      2710968       393.85
        0.17     0.997656      2710968       426.67
        0.17     0.997852      2710968       465.45
        0.17     0.998047      2711633       512.00
        0.18     0.998145      2712068       538.95
        0.18     0.998242      2712068       568.89
        0.19     0.998340      2712354       602.35
        0.20     0.998437      2712580       640.00
        0.21     0.998535      2712865       682.67
        0.24     0.998633      2713054       731.43
        1.55     0.998730      2713314       787.69
        3.41     0.998828      2713584       853.33
        4.42     0.998926      2714050       930.91
        4.45     0.999023      2714434      1024.00
        4.45     0.999072      2714434      1077.89
        4.45     0.999121      2714434      1137.78
        4.48     0.999170      2715042      1204.71
        4.48     0.999219      2715042      1280.00
        4.48     0.999268      2715042      1365.33
        4.48     0.999316      2715042      1462.86
        4.48     0.999365      2715042      1575.38
        4.51     0.999414      2715664      1706.67
        4.51     0.999463      2715664      1861.82
        4.51     0.999512      2715664      2048.00
        4.51     0.999536      2715664      2155.79
        4.51     0.999561      2715664      2275.56
        4.51     0.999585      2715664      2409.41
        4.54     0.999609      2716147      2560.00
        4.54     0.999634      2716147      2730.67
        4.54     0.999658      2716147      2925.71
        4.54     0.999683      2716147      3150.77
        4.54     0.999707      2716147      3413.33
        4.54     0.999731      2716147      3723.64
        4.54     0.999756      2716147      4096.00
        4.54     0.999768      2716147      4311.58
        4.58     0.999780      2716436      4551.11
        4.58     0.999792      2716436      4818.82
        4.58     0.999805      2716436      5120.00
        4.58     0.999817      2716436      5461.33
        4.58     0.999829      2716436      5851.43
        4.58     0.999841      2716436      6301.54
        4.58     0.999854      2716436      6826.67
        4.58     0.999866      2716436      7447.27
        4.58     0.999878      2716436      8192.00
        4.61     0.999884      2716583      8623.16
        4.61     0.999890      2716583      9102.22
        4.61     0.999896      2716583      9637.65
        4.61     0.999902      2716583     10240.00
        4.61     0.999908      2716583     10922.67
        4.61     0.999915      2716583     11702.86
        4.61     0.999921      2716583     12603.08
        4.61     0.999927      2716583     13653.33
        4.61     0.999933      2716583     14894.55
        4.64     0.999939      2716656     16384.00
        4.64     0.999942      2716656     17246.32
        4.64     0.999945      2716656     18204.44
        4.64     0.999948      2716656     19275.29
        4.64     0.999951      2716656     20480.00
        4.64     0.999954      2716656     21845.33
        4.64     0.999957      2716656     23405.71
        4.64     0.999960      2716656     25206.15
        4.67     0.999963      2716695     27306.67
        4.67     0.999966      2716695     29789.09
        4.67     0.999969      2716695     32768.00
        4.67     0.999971      2716695     34492.63
        4.67     0.999973      2716695     36408.89
        4.67     0.999974      2716695     38550.59
        4.70     0.999976      2716713     40960.00
        4.70     0.999977      2716713     43690.67
        4.70     0.999979      2716713     46811.43
        4.70     0.999980      2716713     50412.31
        4.70     0.999982      2716713     54613.33
        4.74     0.999983      2716725     59578.18
        4.74     0.999985      2716725     65536.00
        4.74     0.999986      2716725     68985.26
        4.74     0.999986      2716725     72817.78
        4.77     0.999987      2716735     77101.18
        4.77     0.999988      2716735     81920.00
        4.77     0.999989      2716735     87381.33
        4.77     0.999989      2716735     93622.86
        4.80     0.999990      2716742    100824.62
        4.80     0.999991      2716742    109226.67
        4.80     0.999992      2716742    119156.36
        4.80     0.999992      2716742    131072.00
        4.83     0.999993      2716748    137970.53
        4.83     0.999993      2716748    145635.56
        4.83     0.999994      2716748    154202.35
        4.83     0.999994      2716748    163840.00
        4.83     0.999994      2716748    174762.67
        4.83     0.999995      2716748    187245.71
        4.86     0.999995      2716750    201649.23
        4.86     0.999995      2716750    218453.33
        4.93     0.999996      2716752    238312.73
        4.93     0.999996      2716752    262144.00
        4.96     0.999996      2716754    275941.05
        4.96     0.999997      2716754    291271.11
        4.96     0.999997      2716754    308404.71
        4.96     0.999997      2716754    327680.00
        4.99     0.999997      2716755    349525.33
        4.99     0.999997      2716755    374491.43
        5.02     0.999998      2716756    403298.46
        5.02     0.999998      2716756    436906.67
        5.05     0.999998      2716757    476625.45
        5.05     0.999998      2716757    524288.00
        5.12     0.999998      2716758    551882.11
        5.12     0.999998      2716758    582542.22
        5.12     0.999998      2716758    616809.41
        5.12     0.999998      2716758    655360.00
        6.05     0.999999      2716761    699050.67
        6.05     0.999999      2716761    748982.86
        6.05     0.999999      2716761    806596.92
        6.05     0.999999      2716761    873813.33
        6.05     0.999999      2716761    953250.91
        6.05     0.999999      2716761   1048576.00
        6.05     0.999999      2716761   1103764.21
        6.05     0.999999      2716761   1165084.44
        6.05     0.999999      2716761   1233618.82
        6.05     0.999999      2716761   1310720.00
        6.05     0.999999      2716761   1398101.33
        6.05     0.999999      2716761   1497965.71
        6.05     0.999999      2716761   1613193.85
        6.05     0.999999      2716761   1747626.67
        6.05     0.999999      2716761   1906501.82
        6.05     1.000000      2716761   2097152.00
        6.05     1.000000      2716761   2207528.42
        6.05     1.000000      2716761   2330168.89
        6.05     1.000000      2716761   2467237.65
        6.05     1.000000      2716761   2621440.00
        6.08     1.000000      2716762   2796202.67
        6.08     1.000000      2716762          inf
#[Mean    =        0.088, StdDeviation   =        0.153]
#[Max     =        6.079, Total count    =      2716762]
#[Buckets =           20, SubBuckets     =          256]
