       Value   Percentile   TotalCount 1/(1-Percentile)

        0.02     0.000000            1         1.00
        0.06     0.050000        37147         1.05
        0.06     0.100000       104486         1.11
        0.06     0.150000       104486         1.18
        0.06     0.200000       104486         1.25
        0.07     0.250000       197650         1.33
        0.07     0.300000       197650         1.43
        0.07     0.350000       197650         1.54
        0.07     0.400000       197650         1.67
        0.08     0.450000       285751         1.82
        0.08     0.500000       285751         2.00
        0.08     0.525000       285751         2.11
        0.08     0.550000       285751         2.22
        0.08     0.575000       285751         2.35
        0.08     0.600000       285751         2.50
        0.08     0.625000       285751         2.67
        0.09     0.650000       349709         2.86
        0.09     0.675000       349709         3.08
        0.09     0.700000       349709         3.33
        0.09     0.725000       349709         3.64
        0.09     0.750000       349709         4.00
        0.09     0.762500       349709         4.21
        0.10     0.775000       386550         4.44
        0.10     0.787500       386550         4.71
        0.10     0.800000       386550         5.00
        0.10     0.812500       386550         5.33
        0.10     0.825000       386550         5.71
        0.10     0.837500       386550         6.15
        0.10     0.850000       386550         6.67
        0.10     0.862500       409810         7.27
        0.10     0.875000       409810         8.00
        0.10     0.881250       409810         8.42
        0.10     0.887500       409810         8.89
        0.10     0.893750       409810         9.41
        0.10     0.900000       409810        10.00
        0.11     0.906250       427513        10.67
        0.11     0.912500       427513        11.43
        0.11     0.918750       427513        12.31
        0.11     0.925000       427513        13.33
        0.11     0.931250       427513        14.55
        0.11     0.937500       427513        16.00
        0.11     0.940625       427513        16.84
        0.11     0.943750       427513        17.78
        0.12     0.946875       440187        18.82
        0.12     0.950000       440187        20.00
        0.12     0.953125       440187        21.33
        0.12     0.956250       440187        22.86
        0.12     0.959375       440187        24.62
        0.12     0.962500       440187        26.67
        0.12     0.965625       440187        29.09
        0.12     0.968750       440187        32.00
        0.12     0.970313       440187        33.68
        0.12     0.971875       440187        35.56
        0.13     0.973437       447279        37.65
        0.13     0.975000       447279        40.00
        0.13     0.976562       447279        42.67
        0.13     0.978125       447279        45.71
        0.13     0.979688       447279        49.23
        0.13     0.981250       447279        53.33
        0.13     0.982812       447279        58.18
        0.13     0.984375       447279        64.00
        0.13     0.985156       447279        67.37
        0.13     0.985938       447279        71.11
        0.13     0.986719       447279        75.29
        0.13     0.987500       447279        80.00
        0.14     0.988281       450155        85.33
        0.14     0.989062       450155        91.43
        0.14     0.989844       450155        98.46
        0.14     0.990625       450155       106.67
        0.14     0.991406       450155       116.36
        0.14     0.992188       450155       128.00
        0.14     0.992578       450155       134.74
        0.14     0.992969       450155       142.22
        0.14     0.993359       450155       150.59
        0.14     0.993750       450155       160.00
        0.14     0.994141       450155       170.67
        0.14     0.994531       451276       182.86
        0.14     0.994922       451276       196.92
        0.14     0.995313       451276       213.33
        0.14     0.995703       451276       232.73
        0.14     0.996094       451276       256.00
        0.14     0.996289       451276       269.47
        0.14     0.996484       451276       284.44
        0.15     0.996680       451694       301.18
        0.15     0.996875       451694       320.00
        0.15     0.997070       451694       341.33
        0.15     0.997266       451694       365.71
        0.15     0.997461       451694       393.85
        0.16     0.997656       451897       426.67
        0.16     0.997852       451897       465.45
        0.17     0.998047       452020       512.00
        0.17     0.998145       452020       538.95
        0.17     0.998242       452020       568.89
        0.17     0.998340       452101       602.35
        0.17     0.998437       452101       640.00
        0.18     0.998535       452157       682.67
        0.19     0.998633       452187       731.43
        0.21     0.998730       452225       787.69
        0.23     0.998828       452261       853.33
        2.14     0.998926       452305       930.91
        4.38     0.999023       452353      1024.00
        4.42     0.999072       452399      1077.89
        4.42     0.999121       452399      1137.78
        4.45     0.999170       452464      1204.71
        4.45     0.999219       452464      1280.00
        4.45     0.999268       452464      1365.33
        4.48     0.999316       452559      1462.86
        4.48     0.999365       452559      1575.38
        4.48     0.999414       452559      1706.67
        4.48     0.999463       452559      1861.82
        4.51     0.999512       452636      2048.00
        4.51     0.999536       452636      2155.79
        4.51     0.999561       452636      2275.56
        4.51     0.999585       452636      2409.41
        4.51     0.999609       452636      2560.00
        4.51     0.999634       452636      2730.67
        4.54     0.999658       452721      2925.71
        4.54     0.999683       452721      3150.77
        4.54     0.999707       452721      3413.33
        4.54     0.999731       452721      3723.64
        4.54     0.999756       452721      4096.00
        4.54     0.999768       452721      4311.58
        4.54     0.999780       452721      4551.11
        4.54     0.999792       452721      4818.82
        4.54     0.999805       452721      5120.00
        4.54     0.999817       452721      5461.33
        4.54     0.999829       452721      5851.43
        4.54     0.999841       452721      6301.54
        4.58     0.999854       452756      6826.67
        4.58     0.999866       452756      7447.27
        4.58     0.999878       452756      8192.00
        4.58     0.999884       452756      8623.16
        4.58     0.999890       452756      9102.22
        4.58     0.999896       452756      9637.65
        4.58     0.999902       452756     10240.00
        4.58     0.999908       452756     10922.67
        4.58     0.999915       452756     11702.86
        4.58     0.999921       452756     12603.08
        4.61     0.999927       452773     13653.33
        4.61     0.999933       452773     14894.55
        4.61     0.999939       452773     16384.00
        4.61     0.999942       452773     17246.32
        4.61     0.999945       452773     18204.44
        4.61     0.999948       452773     19275.29
        4.61     0.999951       452773     20480.00
        4.61     0.999954       452773     21845.33
        4.61     0.999957       452773     23405.71
        4.64     0.999960       452778     25206.15
        4.64     0.999963       452778     27306.67
        4.64     0.999966       452778     29789.09
        4.64     0.999969       452778     32768.00
        4.64     0.999971       452778     34492.63
        4.67     0.999973       452783     36408.89
        4.67     0.999974       452783     38550.59
        4.67     0.999976       452783     40960.00
        4.67     0.999977       452783     43690.67
        4.67     0.999979       452783     46811.43
        4.67     0.999980       452783     50412.31
        4.67     0.999982       452783     54613.33
        4.70     0.999983       452785     59578.18
        4.70     0.999985       452785     65536.00
        4.70     0.999986       452785     68985.26
        4.70     0.999986       452785     72817.78
        4.74     0.999987       452787     77101.18
        4.74     0.999988       452787     81920.00
        4.74     0.999989       452787     87381.33
        4.74     0.999989       452787     93622.86
        4.74     0.999990       452787    100824.62
        4.74     0.999991       452787    109226.67
        4.77     0.999992       452789    119156.36
        4.77     0.999992       452789    131072.00
        4.77     0.999993       452789    137970.53
        4.77     0.999993       452789    145635.56
        4.77     0.999994       452789    154202.35
        4.77     0.999994       452789    163840.00
        4.77     0.999994       452789    174762.67
        4.77     0.999995       452789    187245.71
        4.77     0.999995       452789    201649.23
        4.77     0.999995       452789    218453.33
        4.80     0.999996       452790    238312.73
        4.80     0.999996       452790    262144.00
        4.80     0.999996       452790    275941.05
        4.80     0.999997       452790    291271.11
        4.80     0.999997       452790    308404.71
        4.80     0.999997       452790    327680.00
        4.80     0.999997       452790    349525.33
        4.80     0.999997       452790    374491.43
        4.80     0.999998       452790    403298.46
        4.80     0.999998       452790    436906.67
        4.93     0.999998       452791    476625.45
        4.93     1.000000       452791          inf
#[Mean    =        0.082, StdDeviation   =        0.144]
#[Max     =        4.927, Total count    =       452791]
#[Buckets =           20, SubBuckets     =          256]
