       Value   Percentile   TotalCount 1/(1-Percentile)

        0.22     0.000000            1         1.00
        0.46     0.050000        18687         1.05
        0.49     0.100000        34187         1.11
        0.54     0.150000        50751         1.18
        0.57     0.200000        72524         1.25
        0.59     0.250000        87171         1.33
        0.61     0.300000       104131         1.43
        0.62     0.350000       120846         1.54
        0.65     0.400000       140665         1.67
        0.66     0.450000       152415         1.82
        0.69     0.500000       171672         2.00
        0.69     0.525000       179273         2.11
        0.70     0.550000       187349         2.22
        0.71     0.575000       195810         2.35
        0.72     0.600000       204608         2.50
        0.73     0.625000       213430         2.67
        0.73     0.650000       221970         2.86
        0.74     0.675000       230346         3.08
        0.75     0.700000       238321         3.33
        0.76     0.725000       245614         3.64
        0.78     0.750000       257999         4.00
        0.78     0.762500       257999         4.21
        0.78     0.775000       262947         4.44
        0.79     0.787500       267190         4.71
        0.80     0.800000       270783         5.00
        0.81     0.812500       276231         5.33
        0.83     0.825000       280208         5.71
        0.85     0.837500       284522         6.15
        0.88     0.850000       288042         6.67
        0.90     0.862500       291911         7.27
        0.93     0.875000       297369         8.00
        0.94     0.881250       299674         8.42
        0.94     0.887500       302142         8.89
        0.95     0.893750       304869         9.41
        0.95     0.900000       304869        10.00
        0.96     0.906250       307696        10.67
        0.97     0.912500       310586        11.43
        0.97     0.918750       313546        12.31
        0.97     0.925000       313546        13.33
        0.98     0.931250       316530        14.55
        0.99     0.937500       319486        16.00
        0.99     0.940625       319486        16.84
        0.99     0.943750       319486        17.78
        1.00     0.946875       322163        18.82
        1.00     0.950000       322163        20.00
        1.01     0.953125       324589        21.33
        1.01     0.956250       324589        22.86
        1.01     0.959375       324589        24.62
        1.01     0.962500       326742        26.67
        1.01     0.965625       326742        29.09
        1.02     0.968750       328569        32.00
        1.02     0.970313       328569        33.68
        1.03     0.971875       330104        35.56
        1.03     0.973437       330104        37.65
        1.03     0.975000       330104        40.00
        1.04     0.976562       331278        42.67
        1.04     0.978125       331278        45.71
        1.05     0.979688       332349        49.23
        1.05     0.981250       332349        53.33
        1.05     0.982812       333167        58.18
        1.05     0.984375       333167        64.00
        1.06     0.985156       333796        67.37
        1.06     0.985938       333796        71.11
        1.06     0.986719       333796        75.29
        1.07     0.987500       334313        80.00
        1.07     0.988281       334313        85.33
        1.08     0.989062       334753        91.43
        1.09     0.989844       335084        98.46
        1.09     0.990625       335084       106.67
        1.09     0.991406       335381       116.36
        1.10     0.992188       335623       128.00
        1.11     0.992578       335841       134.74
        1.12     0.992969       336030       142.22
        1.12     0.993359       336030       150.59
        1.13     0.993750       336170       160.00
        1.14     0.994141       336325       170.67
        1.14     0.994531       336457       182.86
        1.15     0.994922       336603       196.92
        1.16     0.995313       336730       213.33
        1.17     0.995703       336814       232.73
        1.18     0.996094       336984       256.00
        1.18     0.996289       336984       269.47
        1.19     0.996484       337079       284.44
        1.20     0.996680       337163       301.18
        1.21     0.996875       337226       320.00
        1.22     0.997070       337298       341.33
        1.22     0.997266       337369       365.71
        1.23     0.997461       337427       393.85
        1.24     0.997656       337465       426.67
        1.25     0.997852       337508       465.45
        1.27     0.998047       337603       512.00
        1.28     0.998145       337625       538.95
        1.29     0.998242       337651       568.89
        1.29     0.998340       337678       602.35
        1.31     0.998437       337715       640.00
        1.33     0.998535       337756       682.67
        1.34     0.998633       337782       731.43
        1.36     0.998730       337810       787.69
        1.38     0.998828       337837       853.33
        1.41     0.998926       337870       930.91
        1.46     0.999023       337909      1024.00
        1.47     0.999072       337920      1077.89
        1.50     0.999121       337938      1137.78
        1.54     0.999170       337956      1204.71
        1.63     0.999219       337972      1280.00
        1.71     0.999268       337986      1365.33
        1.90     0.999316       338002      1462.86
        3.04     0.999365       338019      1575.38
        3.25     0.999414       338035      1706.67
        3.33     0.999463       338054      1861.82
        3.38     0.999512       338068      2048.00
        3.42     0.999536       338080      2155.79
        3.46     0.999561       338087      2275.56
        3.47     0.999585       338094      2409.41
        3.50     0.999609       338103      2560.00
        3.54     0.999634       338112      2730.67
        3.55     0.999658       338118      2925.71
        3.58     0.999683       338130      3150.77
        3.60     0.999707       338134      3413.33
        3.65     0.999731       338143      3723.64
        3.71     0.999756       338152      4096.00
        3.74     0.999768       338157      4311.58
        3.76     0.999780       338159      4551.11
        3.81     0.999792       338163      4818.82
        3.82     0.999805       338167      5120.00
        3.87     0.999817       338173      5461.33
        4.16     0.999829       338176      5851.43
        4.25     0.999841       338180      6301.54
        4.32     0.999854       338187      6826.67
        4.35     0.999866       338188      7447.27
        4.45     0.999878       338193      8192.00
        4.54     0.999884       338194      8623.16
        4.61     0.999890       338196      9102.22
        4.67     0.999896       338198      9637.65
        4.77     0.999902       338200     10240.00
        5.28     0.999908       338203     10922.67
        5.34     0.999915       338205     11702.86
        5.60     0.999921       338208     12603.08
        5.73     0.999927       338209     13653.33
        6.82     0.999933       338212     14894.55
        6.94     0.999939       338213     16384.00
        6.97     0.999942       338214     17246.32
        7.04     0.999945       338215     18204.44
        7.07     0.999948       338216     19275.29
        7.17     0.999951       338217     20480.00
        8.13     0.999954       338218     21845.33
        8.38     0.999957       338219     23405.71
        8.51     0.999960       338220     25206.15
        8.70     0.999963       338221     27306.67
        9.54     0.999966       338223     29789.09
        9.54     0.999969       338223     32768.00
        9.73     0.999971       338224     34492.63
        9.73     0.999973       338224     36408.89
        9.98     0.999974       338225     38550.59
        9.98     0.999976       338225     40960.00
      421.89     0.999977       338227     43690.67
      421.89     0.999979       338227     46811.43
      421.89     0.999980       338227     50412.31
      421.89     0.999982       338227     54613.33
      423.94     0.999983       338229     59578.18
      423.94     0.999985       338229     65536.00
      423.94     0.999986       338229     68985.26
      423.94     0.999986       338229     72817.78
      423.94     0.999987       338229     77101.18
      423.94     0.999988       338229     81920.00
      481.28     0.999989       338233     87381.33
      481.28     1.000000       338233          inf
#[Mean    =        0.709, StdDeviation   =        2.202]
#[Max     =      481.279, Total count    =       338233]
#[Buckets =           20, SubBuckets     =          256]
