       Value   Percentile   TotalCount 1/(1-Percentile)

        0.21     0.000000            1         1.00
        0.42     0.050000        20389         1.05
        0.46     0.100000        41801         1.11
        0.49     0.150000        57553         1.18
        0.53     0.200000        77399         1.25
        0.54     0.250000        98105         1.33
        0.56     0.300000       123369         1.43
        0.57     0.350000       135436         1.54
        0.58     0.400000       154289         1.67
        0.61     0.450000       173276         1.82
        0.63     0.500000       196144         2.00
        0.64     0.525000       206820         2.11
        0.65     0.550000       218609         2.22
        0.66     0.575000       231252         2.35
        0.66     0.600000       231252         2.50
        0.66     0.625000       244266         2.67
        0.67     0.650000       257513         2.86
        0.67     0.675000       257513         3.08
        0.68     0.700000       270301         3.33
        0.69     0.725000       282185         3.64
        0.69     0.750000       292875         4.00
        0.69     0.762500       292875         4.21
        0.70     0.775000       301497         4.44
        0.70     0.787500       301497         4.71
        0.71     0.800000       308527         5.00
        0.72     0.812500       313977         5.33
        0.72     0.825000       313977         5.71
        0.73     0.837500       320949         6.15
        0.75     0.850000       324135         6.67
        0.81     0.862500       328271         7.27
        0.85     0.875000       334435         8.00
        0.85     0.881250       337392         8.42
        0.86     0.887500       340851         8.89
        0.86     0.893750       340851         9.41
        0.87     0.900000       345114        10.00
        0.87     0.906250       345114        10.67
        0.88     0.912500       349692        11.43
        0.88     0.918750       349692        12.31
        0.89     0.925000       354518        13.33
        0.89     0.931250       354518        14.55
        0.90     0.937500       359126        16.00
        0.90     0.940625       359126        16.84
        0.90     0.943750       359126        17.78
        0.90     0.946875       363635        18.82
        0.90     0.950000       363635        20.00
        0.90     0.953125       363635        21.33
        0.91     0.956250       367791        22.86
        0.91     0.959375       367791        24.62
        0.91     0.962500       367791        26.67
        0.91     0.965625       367791        29.09
        0.92     0.968750       371343        32.00
        0.92     0.970313       371343        33.68
        0.92     0.971875       371343        35.56
        0.92     0.973437       371343        37.65
        0.92     0.975000       371343        40.00
        0.93     0.976562       374172        42.67
        0.93     0.978125       374172        45.71
        0.93     0.979688       374172        49.23
        0.93     0.981250       374172        53.33
        0.93     0.982812       374172        58.18
        0.94     0.984375       376310        64.00
        0.94     0.985156       376310        67.37
        0.94     0.985938       376310        71.11
        0.94     0.986719       376310        75.29
        0.94     0.987500       376310        80.00
        0.94     0.988281       376310        85.33
        0.94     0.989062       376310        91.43
        0.94     0.989844       377771        98.46
        0.94     0.990625       377771       106.67
        0.94     0.991406       377771       116.36
        0.94     0.992188       377771       128.00
        0.94     0.992578       377771       134.74
        0.95     0.992969       378746       142.22
        0.95     0.993359       378746       150.59
        0.95     0.993750       378746       160.00
        0.95     0.994141       378746       170.67
        0.95     0.994531       378746       182.86
        0.95     0.994922       378746       196.92
        0.95     0.995313       378746       213.33
        0.96     0.995703       379364       232.73
        0.96     0.996094       379364       256.00
        0.96     0.996289       379364       269.47
        0.96     0.996484       379364       284.44
        0.96     0.996680       379364       301.18
        0.96     0.996875       379364       320.00
        0.96     0.997070       379364       341.33
        0.97     0.997266       379776       365.71
        0.97     0.997461       379776       393.85
        0.97     0.997656       379776       426.67
        0.97     0.997852       379776       465.45
        0.97     0.998047       379776       512.00
        0.97     0.998145       379776       538.95
        0.97     0.998242       380022       568.89
        0.97     0.998340       380022       602.35
        0.97     0.998437       380022       640.00
        0.97     0.998535       380022       682.67
        0.97     0.998633       380022       731.43
        0.97     0.998730       380022       787.69
        0.97     0.998828       380022       853.33
        0.98     0.998926       380167       930.91
        0.98     0.999023       380167      1024.00
        0.98     0.999072       380167      1077.89
        0.98     0.999121       380167      1137.78
        0.98     0.999170       380167      1204.71
        0.98     0.999219       380167      1280.00
        0.99     0.999268       380250      1365.33
        0.99     0.999316       380250      1462.86
        0.99     0.999365       380250      1575.38
        0.99     0.999414       380250      1706.67
        0.99     0.999463       380250      1861.82
        1.00     0.999512       380298      2048.00
        1.00     0.999536       380298      2155.79
        1.00     0.999561       380298      2275.56
        1.00     0.999585       380298      2409.41
        1.01     0.999609       380326      2560.00
        1.01     0.999634       380326      2730.67
        1.01     0.999658       380326      2925.71
        1.01     0.999683       380341      3150.77
        1.01     0.999707       380341      3413.33
        1.02     0.999731       380358      3723.64
        1.02     0.999756       380358      4096.00
        1.03     0.999768       380367      4311.58
        1.03     0.999780       380367      4551.11
        1.04     0.999792       380373      4818.82
        1.05     0.999805       380382      5120.00
        1.05     0.999817       380382      5461.33
        1.05     0.999829       380389      5851.43
        1.06     0.999841       380392      6301.54
        1.07     0.999854       380396      6826.67
        1.08     0.999866       380400      7447.27
        1.10     0.999878       380405      8192.00
        1.11     0.999884       380411      8623.16
        1.11     0.999890       380411      9102.22
        1.11     0.999896       380411      9637.65
        1.13     0.999902       380414     10240.00
        1.14     0.999908       380416     10922.67
        1.14     0.999915       380418     11702.86
        1.16     0.999921       380421     12603.08
        1.18     0.999927       380425     13653.33
        1.18     0.999933       380425     14894.55
        1.20     0.999939       380429     16384.00
        1.20     0.999942       380429     17246.32
        1.21     0.999945       380430     18204.44
        1.22     0.999948       380432     19275.29
        1.22     0.999951       380432     20480.00
        1.23     0.999954       380433     21845.33
        1.24     0.999957       380434     23405.71
        1.25     0.999960       380435     25206.15
        1.34     0.999963       380437     27306.67
        1.42     0.999966       380438     29789.09
        1.50     0.999969       380439     32768.00
        1.50     0.999971       380439     34492.63
        1.51     0.999973       380441     36408.89
        1.51     0.999974       380441     38550.59
        1.51     0.999976       380441     40960.00
        1.57     0.999977       380442     43690.67
        1.57     0.999979       380442     46811.43
        1.73     0.999980       380443     50412.31
        1.78     0.999982       380445     54613.33
        1.78     0.999983       380445     59578.18
        1.78     0.999985       380445     65536.00
        1.78     0.999986       380445     68985.26
        1.78     0.999986       380445     72817.78
        1.87     0.999987       380446     77101.18
        1.87     0.999988       380446     81920.00
        1.87     0.999989       380446     87381.33
        1.87     0.999989       380446     93622.86
        2.62     0.999990       380447    100824.62
        2.62     0.999991       380447    109226.67
        2.62     0.999992       380447    119156.36
        2.77     0.999992       380448    131072.00
        2.77     0.999993       380448    137970.53
        2.77     0.999993       380448    145635.56
        2.77     0.999994       380448    154202.35
        2.77     0.999994       380448    163840.00
        2.77     0.999994       380448    174762.67
        2.77     0.999995       380448    187245.71
        2.83     0.999995       380449    201649.23
        2.83     0.999995       380449    218453.33
        2.83     0.999996       380449    238312.73
        2.83     0.999996       380449    262144.00
        2.83     0.999996       380449    275941.05
        2.83     0.999997       380449    291271.11
        2.83     0.999997       380449    308404.71
        2.83     0.999997       380449    327680.00
        2.83     0.999997       380449    349525.33
        2.83     0.999997       380449    374491.43
        2.91     0.999998       380450    403298.46
        2.91     1.000000       380450          inf
#[Mean    =        0.630, StdDeviation   =        0.136]
#[Max     =        2.911, Total count    =       380450]
#[Buckets =           20, SubBuckets     =          256]
