       Value   Percentile   TotalCount 1/(1-Percentile)

        0.06     0.000000           10         1.00
        0.14     0.050000      2019060         1.05
        0.15     0.100000      3301550         1.11
        0.19     0.150000      4901110         1.18
        0.42     0.200000      6522400         1.25
        0.50     0.250000      8104180         1.33
        0.54     0.300000     10072330         1.43
        0.55     0.350000     12728420         1.54
        0.56     0.400000     15951800         1.67
        0.56     0.450000     15951800         1.82
        0.56     0.500000     15951800         2.00
        0.57     0.525000     18504870         2.11
        0.57     0.550000     18504870         2.22
        0.57     0.575000     18504870         2.35
        0.57     0.600000     20130560         2.50
        0.57     0.625000     20130560         2.67
        0.58     0.650000     21485730         2.86
        0.59     0.675000     22631160         3.08
        0.59     0.700000     22631160         3.33
        0.60     0.725000     23614720         3.64
        0.61     0.750000     24437650         4.00
        0.61     0.762500     24437650         4.21
        0.61     0.775000     25084920         4.44
        0.62     0.787500     25574350         4.71
        0.62     0.800000     25574350         5.00
        0.63     0.812500     25932770         5.33
        0.65     0.825000     26351000         5.71
        0.67     0.837500     26707900         6.15
        0.69     0.850000     27085780         6.67
        0.72     0.862500     27485460         7.27
        0.75     0.875000     27970940         8.00
        0.76     0.881250     28104200         8.42
        0.78     0.887500     28387280         8.89
        0.78     0.893750     28534820         9.41
        0.79     0.900000     28691120        10.00
        0.81     0.906250     29022670        10.67
        0.81     0.912500     29195550        11.43
        0.82     0.918750     29374570        12.31
        0.83     0.925000     29558130        13.33
        0.84     0.931250     29748450        14.55
        0.85     0.937500     29943000        16.00
        0.85     0.940625     30129860        16.84
        0.85     0.943750     30129860        17.78
        0.86     0.946875     30316720        18.82
        0.86     0.950000     30316720        20.00
        0.87     0.953125     30492260        21.33
        0.87     0.956250     30492260        22.86
        0.88     0.959375     30653760        24.62
        0.89     0.962500     30799050        26.67
        0.89     0.965625     30799050        29.09
        0.90     0.968750     30927100        32.00
        0.90     0.970313     30927100        33.68
        0.90     0.971875     31036390        35.56
        0.90     0.973437     31036390        37.65
        0.91     0.975000     31129210        40.00
        0.91     0.976562     31129210        42.67
        0.92     0.978125     31203050        45.71
        0.93     0.979688     31261220        49.23
        0.94     0.981250     31306580        53.33
        0.94     0.982812     31344130        58.18
        0.95     0.984375     31371530        64.00
        0.96     0.985156     31393470        67.37
        0.97     0.985938     31425410        71.11
        0.98     0.986719     31437590        75.29
        1.01     0.987500     31464030        80.00
        1.04     0.988281     31488510        85.33
        1.09     0.989062     31512480        91.43
        1.15     0.989844     31538320        98.46
        1.22     0.990625     31560980       106.67
        1.35     0.991406     31586650       116.36
        1.52     0.992188     31611010       128.00
        1.62     0.992578     31622860       134.74
        1.85     0.992969     31635480       142.22
        2.21     0.993359     31647720       150.59
        2.72     0.993750     31660480       160.00
        3.25     0.994141     31672590       170.67
        4.08     0.994531     31685060       182.86
        5.09     0.994922     31697450       196.92
        6.24     0.995313     31710360       213.33
        6.97     0.995703     31722500       232.73
        7.58     0.996094     31735040       256.00
        7.81     0.996289     31741090       269.47
        8.19     0.996484     31747690       284.44
        8.51     0.996680     31753900       301.18
        9.02     0.996875     31760180       320.00
        9.60     0.997070     31765940       341.33
       10.30     0.997266     31772330       365.71
       11.46     0.997461     31778410       393.85
       12.61     0.997656     31784640       426.67
       14.40     0.997852     31790930       465.45
       16.13     0.998047     31797490       512.00
       16.32     0.998145     31800360       538.95
       16.51     0.998242     31803940       568.89
       17.15     0.998340     31806390       602.35
       18.05     0.998437     31809570       640.00
       19.07     0.998535     31812720       682.67
       20.09     0.998633     31816140       731.43
       20.22     0.998730     31819180       787.69
       20.61     0.998828     31822070       853.33
       21.63     0.998926     31825270       930.91
       22.91     0.999023     31828100      1024.00
       23.93     0.999072     31829700      1077.89
       24.19     0.999121     31844900      1137.78
       24.19     0.999170     31844900      1204.71
       24.19     0.999219     31844900      1280.00
       24.19     0.999268     31844900      1365.33
       24.19     0.999316     31844900      1462.86
       24.19     0.999365     31844900      1575.38
       24.19     0.999414     31844900      1706.67
       24.19     0.999463     31844900      1861.82
       24.19     0.999512     31844900      2048.00
       24.19     0.999536     31844900      2155.79
       24.32     0.999561     31846760      2275.56
       24.32     0.999585     31846760      2409.41
       24.32     0.999609     31846760      2560.00
       24.45     0.999634     31847800      2730.67
       24.57     0.999658     31848310      2925.71
       25.47     0.999683     31849100      3150.77
       25.86     0.999707     31849860      3413.33
       26.62     0.999731     31850730      3723.64
       27.90     0.999756     31851520      4096.00
       28.16     0.999768     31853380      4311.58
       28.16     0.999780     31853380      4551.11
       28.16     0.999792     31853380      4818.82
       28.16     0.999805     31853380      5120.00
       28.16     0.999817     31853380      5461.33
       28.29     0.999829     31854790      5851.43
       28.29     0.999841     31854790      6301.54
       28.29     0.999854     31854790      6826.67
       28.41     0.999866     31855280      7447.27
       28.54     0.999878     31855440      8192.00
       28.67     0.999884     31855610      8623.16
       28.80     0.999890     31855760      9102.22
       29.18     0.999896     31855890      9637.65
       29.44     0.999902     31856080     10240.00
       29.95     0.999908     31856440     10922.67
       30.08     0.999915     31856490     11702.86
       30.72     0.999921     31856740     12603.08
       31.74     0.999927     31856930     13653.33
       32.00     0.999933     31857090     14894.55
       32.13     0.999939     31857330     16384.00
       32.26     0.999942     31857960     17246.32
       32.26     0.999945     31857960     18204.44
       32.26     0.999948     31857960     19275.29
       32.26     0.999951     31857960     20480.00
       32.26     0.999954     31857960     21845.33
       32.26     0.999957     31857960     23405.71
       32.26     0.999960     31857960     25206.15
       32.38     0.999963     31858040     27306.67
       32.64     0.999966     31858230     29789.09
       32.64     0.999969     31858230     32768.00
       32.77     0.999971     31858310     34492.63
       33.02     0.999973     31858330     36408.89
       33.53     0.999974     31858390     38550.59
       34.05     0.999976     31858490     40960.00
       34.05     0.999977     31858490     43690.67
       35.07     0.999979     31858550     46811.43
       35.33     0.999980     31858560     50412.31
       36.09     0.999982     31858690     54613.33
       36.09     0.999983     31858690     59578.18
       36.35     0.999985     31859110     65536.00
       36.35     0.999986     31859110     68985.26
       36.35     0.999986     31859110     72817.78
       36.35     0.999987     31859110     77101.18
       36.35     0.999988     31859110     81920.00
       36.35     0.999989     31859110     87381.33
       36.35     0.999989     31859110     93622.86
       36.35     0.999990     31859110    100824.62
       36.35     0.999991     31859110    109226.67
       36.35     0.999992     31859110    119156.36
       36.35     0.999992     31859110    131072.00
       36.35     0.999993     31859110    137970.53
       36.35     0.999993     31859110    145635.56
       36.35     0.999994     31859110    154202.35
       36.35     0.999994     31859110    163840.00
       36.35     0.999994     31859110    174762.67
       36.35     0.999995     31859110    187245.71
       36.35     0.999995     31859110    201649.23
       36.35     0.999995     31859110    218453.33
       36.35     0.999996     31859110    238312.73
       36.35     0.999996     31859110    262144.00
       36.35     0.999996     31859110    275941.05
       36.35     0.999997     31859110    291271.11
       36.35     0.999997     31859110    308404.71
       36.35     0.999997     31859110    327680.00
       36.35     0.999997     31859110    349525.33
       36.35     0.999997     31859110    374491.43
       40.45     0.999998     31859190    403298.46
       40.45     1.000000     31859190          inf
#[Mean    =        0.600, StdDeviation   =        1.121]
#[Max     =       40.447, Total count    =     31859190]
#[Buckets =           20, SubBuckets     =          256]
