       Value   Percentile   TotalCount 1/(1-Percentile)

        0.06     0.000000           40         1.00
        0.14     0.050000      1650070         1.05
        0.17     0.100000      3153910         1.11
        0.39     0.150000      4590360         1.18
        0.46     0.200000      6233650         1.25
        0.54     0.250000      7870840         1.33
        0.57     0.300000      9361230         1.43
        0.57     0.350000     11431550         1.54
        0.58     0.400000     14468230         1.67
        0.58     0.450000     14468230         1.82
        0.59     0.500000     16723680         2.00
        0.59     0.525000     16723680         2.11
        0.60     0.550000     18199000         2.22
        0.60     0.575000     18199000         2.35
        0.61     0.600000     19400340         2.50
        0.61     0.625000     19400340         2.67
        0.61     0.650000     20496760         2.86
        0.62     0.675000     21566420         3.08
        0.62     0.700000     21566420         3.33
        0.63     0.725000     22590030         3.64
        0.64     0.750000     23515240         4.00
        0.64     0.762500     23515240         4.21
        0.65     0.775000     24290930         4.44
        0.65     0.787500     24290930         4.71
        0.66     0.800000     24903780         5.00
        0.66     0.812500     24903780         5.33
        0.66     0.825000     25356800         5.71
        0.67     0.837500     25673360         6.15
        0.69     0.850000     26044180         6.67
        0.72     0.862500     26498130         7.27
        0.73     0.875000     26774610         8.00
        0.75     0.881250     26972480         8.42
        0.77     0.887500     27155660         8.89
        0.79     0.893750     27425860         9.41
        0.81     0.900000     27603390        10.00
        0.82     0.906250     27781230        10.67
        0.84     0.912500     27968230        11.43
        0.85     0.918750     28176850        12.31
        0.87     0.925000     28414310        13.33
        0.88     0.931250     28544470        14.55
        0.90     0.937500     28807090        16.00
        0.90     0.940625     28807090        16.84
        0.90     0.943750     28944210        17.78
        0.91     0.946875     29085230        18.82
        0.91     0.950000     29085230        20.00
        0.92     0.953125     29224770        21.33
        0.93     0.956250     29361060        22.86
        0.93     0.959375     29361060        24.62
        0.94     0.962500     29491020        26.67
        0.94     0.965625     29611410        29.09
        0.95     0.968750     29721810        32.00
        0.95     0.970313     29721810        33.68
        0.96     0.971875     29818120        35.56
        0.96     0.973437     29818120        37.65
        0.97     0.975000     29900250        40.00
        0.97     0.976562     29900250        42.67
        0.97     0.978125     29964670        45.71
        0.98     0.979688     30015830        49.23
        0.99     0.981250     30057210        53.33
        1.00     0.982812     30089160        58.18
        1.01     0.984375     30115530        64.00
        1.02     0.985156     30149970        67.37
        1.03     0.985938     30162670        71.11
        1.05     0.986719     30190180        75.29
        1.08     0.987500     30209470        80.00
        1.12     0.988281     30232580        85.33
        1.18     0.989062     30257920        91.43
        1.24     0.989844     30282510        98.46
        1.32     0.990625     30304020       106.67
        1.44     0.991406     30328530       116.36
        1.58     0.992188     30351990       128.00
        1.70     0.992578     30363600       134.74
        1.93     0.992969     30375300       142.22
        2.25     0.993359     30387270       150.59
        2.62     0.993750     30399180       160.00
        3.04     0.994141     30411290       170.67
        3.65     0.994531     30423340       182.86
        4.35     0.994922     30435440       196.92
        5.31     0.995313     30446880       213.33
        6.40     0.995703     30459350       232.73
        7.10     0.996094     30471200       256.00
        7.39     0.996289     30476870       269.47
        7.65     0.996484     30483540       284.44
        7.87     0.996680     30489220       301.18
        8.13     0.996875     30495050       320.00
        8.38     0.997070     30500710       341.33
        8.70     0.997266     30506870       365.71
        9.21     0.997461     30512730       393.85
        9.66     0.997656     30519310       426.67
       10.18     0.997852     30524950       465.45
       11.13     0.998047     30530570       512.00
       11.84     0.998145     30533690       538.95
       12.48     0.998242     30536600       568.89
       13.44     0.998340     30539650       602.35
       14.21     0.998437     30542500       640.00
       15.49     0.998535     30545500       682.67
       16.38     0.998633     30549060       731.43
       17.02     0.998730     30551640       787.69
       18.30     0.998828     30554540       853.33
       19.33     0.998926     30557510       930.91
       20.35     0.999023     30560810      1024.00
       20.48     0.999072     30562090      1077.89
       20.86     0.999121     30563490      1137.78
       21.63     0.999170     30564900      1204.71
       22.53     0.999219     30566650      1280.00
       23.42     0.999268     30567970      1365.33
       24.19     0.999316     30575230      1462.86
       24.19     0.999365     30575230      1575.38
       24.19     0.999414     30575230      1706.67
       24.19     0.999463     30575230      1861.82
       24.32     0.999512     30577200      2048.00
       24.32     0.999536     30577200      2155.79
       24.32     0.999561     30577200      2275.56
       24.45     0.999585     30578910      2409.41
       24.45     0.999609     30578910      2560.00
       24.57     0.999634     30579450      2730.67
       24.70     0.999658     30579860      2925.71
       25.21     0.999683     30580560      3150.77
       25.73     0.999707     30581600      3413.33
       26.24     0.999731     30582130      3723.64
       27.01     0.999756     30583000      4096.00
       27.14     0.999768     30583190      4311.58
       27.52     0.999780     30583620      4551.11
       27.77     0.999792     30584010      4818.82
       28.03     0.999805     30584330      5120.00
       28.16     0.999817     30585380      5461.33
       28.16     0.999829     30585380      5851.43
       28.29     0.999841     30586330      6301.54
       28.29     0.999854     30586330      6826.67
       28.29     0.999866     30586330      7447.27
       28.41     0.999878     30586940      8192.00
       28.41     0.999884     30586940      8623.16
       28.41     0.999890     30586940      9102.22
       28.54     0.999896     30587360      9637.65
       28.54     0.999902     30587360     10240.00
       28.67     0.999908     30587730     10922.67
       28.67     0.999915     30587730     11702.86
       28.93     0.999921     30587980     12603.08
       29.05     0.999927     30588030     13653.33
       29.31     0.999933     30588260     14894.55
       30.08     0.999939     30588430     16384.00
       30.34     0.999942     30588500     17246.32
       30.59     0.999945     30588590     18204.44
       31.10     0.999948     30588700     19275.29
       31.74     0.999951     30588780     20480.00
       32.13     0.999954     30588950     21845.33
       32.26     0.999957     30589310     23405.71
       32.26     0.999960     30589310     25206.15
       32.26     0.999963     30589310     27306.67
       32.26     0.999966     30589310     29789.09
       32.38     0.999969     30589370     32768.00
       32.51     0.999971     30589510     34492.63
       32.51     0.999973     30589510     36408.89
       32.51     0.999974     30589510     38550.59
       32.64     0.999976     30589590     40960.00
       32.64     0.999977     30589590     43690.67
       32.77     0.999979     30589690     46811.43
       32.77     0.999980     30589690     50412.31
       33.02     0.999982     30589790     54613.33
       33.02     0.999983     30589790     59578.18
       34.56     0.999985     30589810     65536.00
       34.81     0.999986     30589850     68985.26
       34.81     0.999986     30589850     72817.78
       35.07     0.999987     30589870     77101.18
       35.84     0.999988     30589950     81920.00
       35.84     0.999989     30589950     87381.33
       35.84     0.999989     30589950     93622.86
       36.35     0.999990     30590110    100824.62
       36.35     0.999991     30590110    109226.67
       36.35     0.999992     30590110    119156.36
       36.35     0.999992     30590110    131072.00
       36.35     0.999993     30590110    137970.53
       36.35     0.999993     30590110    145635.56
       36.35     0.999994     30590110    154202.35
       36.35     0.999994     30590110    163840.00
       36.35     0.999994     30590110    174762.67
       36.35     0.999995     30590110    187245.71
       36.35     0.999995     30590110    201649.23
       40.19     0.999995     30590130    218453.33
       40.45     0.999996     30590180    238312.73
       40.45     0.999996     30590180    262144.00
       40.45     0.999996     30590180    275941.05
       40.45     0.999997     30590180    291271.11
       40.45     0.999997     30590180    308404.71
       40.45     0.999997     30590180    327680.00
       40.45     0.999997     30590180    349525.33
       40.45     0.999997     30590180    374491.43
       42.75     0.999998     30590260    403298.46
       42.75     1.000000     30590260          inf
#[Mean    =        0.626, StdDeviation   =        1.011]
#[Max     =       42.751, Total count    =     30590260]
#[Buckets =           20, SubBuckets     =          256]
