       Value   Percentile   TotalCount 1/(1-Percentile)

        0.18     0.000000            4         1.00
        0.30     0.050000        28114         1.05
        0.34     0.100000        63282         1.11
        0.35     0.150000        91409         1.18
        0.36     0.200000       107605         1.25
        0.38     0.250000       142780         1.33
        0.38     0.300000       161217         1.43
        0.40     0.350000       196845         1.54
        0.41     0.400000       227704         1.67
        0.42     0.450000       241577         1.82
        0.44     0.500000       269126         2.00
        0.45     0.525000       283107         2.11
        0.46     0.550000       297695         2.22
        0.46     0.575000       313027         2.35
        0.47     0.600000       328738         2.50
        0.48     0.625000       344348         2.67
        0.49     0.650000       359311         2.86
        0.49     0.675000       373733         3.08
        0.50     0.700000       387470         3.33
        0.51     0.725000       400431         3.64
        0.52     0.750000       412812         4.00
        0.52     0.762500       412812         4.21
        0.53     0.775000       424232         4.44
        0.53     0.787500       424232         4.71
        0.54     0.800000       434894         5.00
        0.54     0.812500       434894         5.33
        0.54     0.825000       444766         5.71
        0.55     0.837500       453957         6.15
        0.56     0.850000       462277         6.67
        0.56     0.862500       462277         7.27
        0.57     0.875000       469538         8.00
        0.57     0.881250       476003         8.42
        0.57     0.887500       476003         8.89
        0.58     0.893750       481545         9.41
        0.58     0.900000       481545        10.00
        0.59     0.906250       486147        10.67
        0.60     0.912500       490349        11.43
        0.61     0.918750       494340        12.31
        0.61     0.925000       497987        13.33
        0.62     0.931250       501645        14.55
        0.62     0.937500       501645        16.00
        0.63     0.940625       505194        16.84
        0.63     0.943750       505194        17.78
        0.64     0.946875       508564        18.82
        0.64     0.950000       508564        20.00
        0.65     0.953125       511708        21.33
        0.65     0.956250       511708        22.86
        0.66     0.959375       514834        24.62
        0.66     0.962500       514834        26.67
        0.66     0.965625       517892        29.09
        0.67     0.968750       520774        32.00
        0.67     0.970313       520774        33.68
        0.67     0.971875       520774        35.56
        0.67     0.973437       520774        37.65
        0.68     0.975000       523536        40.00
        0.68     0.976562       523536        42.67
        0.68     0.978125       523536        45.71
        0.69     0.979688       525968        49.23
        0.69     0.981250       525968        53.33
        0.69     0.982812       525968        58.18
        0.69     0.984375       528135        64.00
        0.69     0.985156       528135        67.37
        0.69     0.985938       528135        71.11
        0.69     0.986719       528135        75.29
        0.69     0.987500       528135        80.00
        0.70     0.988281       529980        85.33
        0.70     0.989062       529980        91.43
        0.70     0.989844       529980        98.46
        0.70     0.990625       529980       106.67
        0.71     0.991406       531425       116.36
        0.71     0.992188       531425       128.00
        0.71     0.992578       531425       134.74
        0.71     0.992969       531425       142.22
        0.71     0.993359       531425       150.59
        0.72     0.993750       532426       160.00
        0.72     0.994141       532426       170.67
        0.72     0.994531       532426       182.86
        0.72     0.994922       532426       196.92
        0.72     0.995313       532426       213.33
        0.73     0.995703       533177       232.73
        0.73     0.996094       533177       256.00
        0.73     0.996289       533177       269.47
        0.73     0.996484       533177       284.44
        0.73     0.996680       533177       301.18
        0.73     0.996875       533177       320.00
        0.73     0.997070       533654       341.33
        0.73     0.997266       533654       365.71
        0.73     0.997461       533654       393.85
        0.73     0.997656       533654       426.67
        0.73     0.997852       533654       465.45
        0.74     0.998047       533991       512.00
        0.74     0.998145       533991       538.95
        0.74     0.998242       533991       568.89
        0.74     0.998340       533991       602.35
        0.74     0.998437       533991       640.00
        0.74     0.998535       533991       682.67
        0.75     0.998633       534197       731.43
        0.75     0.998730       534197       787.69
        0.75     0.998828       534197       853.33
        0.76     0.998926       534338       930.91
        0.76     0.999023       534338      1024.00
        0.76     0.999072       534338      1077.89
        0.76     0.999121       534338      1137.78
        0.76     0.999170       534338      1204.71
        0.77     0.999219       534402      1280.00
        0.77     0.999268       534402      1365.33
        0.78     0.999316       534447      1462.86
        0.78     0.999365       534447      1575.38
        0.78     0.999414       534478      1706.67
        0.79     0.999463       534497      1861.82
        0.81     0.999512       534521      2048.00
        0.81     0.999536       534527      2155.79
        0.83     0.999561       534544      2275.56
        0.85     0.999585       534557      2409.41
        0.85     0.999609       534566      2560.00
        0.87     0.999634       534584      2730.67
        0.88     0.999658       534597      2925.71
        0.89     0.999683       534606      3150.77
        0.90     0.999707       534617      3413.33
        0.91     0.999731       534635      3723.64
        0.93     0.999756       534645      4096.00
        0.94     0.999768       534652      4311.58
        0.94     0.999780       534659      4551.11
        0.95     0.999792       534667      4818.82
        0.96     0.999805       534675      5120.00
        0.97     0.999817       534682      5461.33
        0.97     0.999829       534682      5851.43
        0.97     0.999841       534690      6301.54
        0.99     0.999854       534699      6826.67
        1.00     0.999866       534705      7447.27
        1.01     0.999878       534709      8192.00
        1.01     0.999884       534711      8623.16
        1.03     0.999890       534718      9102.22
        1.03     0.999896       534718      9637.65
        1.05     0.999902       534721     10240.00
        1.06     0.999908       534729     10922.67
        1.06     0.999915       534729     11702.86
        1.07     0.999921       534734     12603.08
        1.07     0.999927       534734     13653.33
        1.09     0.999933       534740     14894.55
        1.10     0.999939       534743     16384.00
        1.10     0.999942       534743     17246.32
        1.11     0.999945       534744     18204.44
        1.13     0.999948       534746     19275.29
        1.14     0.999951       534747     20480.00
        1.14     0.999954       534751     21845.33
        1.14     0.999957       534751     23405.71
        1.16     0.999960       534752     25206.15
        1.18     0.999963       534755     27306.67
        1.18     0.999966       534758     29789.09
        1.18     0.999969       534758     32768.00
        1.18     0.999971       534758     34492.63
        1.19     0.999973       534760     36408.89
        1.19     0.999974       534760     38550.59
        1.19     0.999976       534760     40960.00
        1.21     0.999977       534761     43690.67
        1.22     0.999979       534762     46811.43
        1.22     0.999980       534763     50412.31
        1.26     0.999982       534764     54613.33
        1.27     0.999983       534765     59578.18
        1.27     0.999985       534765     65536.00
        1.32     0.999986       534766     68985.26
        1.32     0.999986       534766     72817.78
        1.34     0.999987       534767     77101.18
        1.34     0.999988       534767     81920.00
        1.34     0.999989       534767     87381.33
        1.35     0.999989       534768     93622.86
        1.35     0.999990       534768    100824.62
        1.38     0.999991       534769    109226.67
        1.38     0.999992       534769    119156.36
        1.38     0.999992       534769    131072.00
        1.38     0.999993       534771    137970.53
        1.38     0.999993       534771    145635.56
        1.38     0.999994       534771    154202.35
        1.38     0.999994       534771    163840.00
        1.38     0.999994       534771    174762.67
        1.38     0.999995       534771    187245.71
        1.38     0.999995       534771    201649.23
        1.38     0.999995       534771    218453.33
        1.38     0.999996       534771    238312.73
        1.38     0.999996       534771    262144.00
        1.41     0.999996       534772    275941.05
        1.41     0.999997       534772    291271.11
        1.41     0.999997       534772    308404.71
        1.41     0.999997       534772    327680.00
        1.41     0.999997       534772    349525.33
        1.41     0.999997       534772    374491.43
        1.41     0.999998       534772    403298.46
        1.41     0.999998       534772    436906.67
        1.41     0.999998       534772    476625.45
        1.41     0.999998       534772    524288.00
        1.57     0.999998       534773    551882.11
        1.57     1.000000       534773          inf
#[Mean    =        0.448, StdDeviation   =        0.101]
#[Max     =        1.575, Total count    =       534773]
#[Buckets =           20, SubBuckets     =          256]
