       Value   Percentile   TotalCount 1/(1-Percentile)

        0.14     0.000000            1         1.00
        0.28     0.050000        33331         1.05
        0.29     0.100000        68768         1.11
        0.34     0.150000        90700         1.18
        0.35     0.200000       120664         1.25
        0.36     0.250000       144528         1.33
        0.38     0.300000       194637         1.43
        0.38     0.350000       217685         1.54
        0.39     0.400000       233977         1.67
        0.41     0.450000       260194         1.82
        0.42     0.500000       311748         2.00
        0.42     0.525000       311748         2.11
        0.43     0.550000       345951         2.22
        0.43     0.575000       345951         2.35
        0.43     0.600000       345951         2.50
        0.44     0.625000       381115         2.67
        0.44     0.650000       381115         2.86
        0.45     0.675000       415259         3.08
        0.45     0.700000       415259         3.33
        0.45     0.725000       415259         3.64
        0.46     0.750000       444130         4.00
        0.46     0.762500       444130         4.21
        0.46     0.775000       444130         4.44
        0.46     0.787500       463424         4.71
        0.46     0.800000       463424         5.00
        0.47     0.812500       473833         5.33
        0.47     0.825000       473833         5.71
        0.48     0.837500       479070         6.15
        0.50     0.850000       485937         6.67
        0.57     0.862500       494961         7.27
        0.58     0.875000       500085         8.00
        0.59     0.881250       508778         8.42
        0.59     0.887500       508778         8.89
        0.60     0.893750       520939         9.41
        0.60     0.900000       520939        10.00
        0.60     0.906250       520939        10.67
        0.61     0.912500       534673        11.43
        0.61     0.918750       534673        12.31
        0.61     0.925000       534673        13.33
        0.61     0.931250       534673        14.55
        0.61     0.937500       546902        16.00
        0.61     0.940625       546902        16.84
        0.61     0.943750       546902        17.78
        0.61     0.946875       546902        18.82
        0.61     0.950000       546902        20.00
        0.61     0.953125       546902        21.33
        0.61     0.956250       546902        22.86
        0.62     0.959375       555950        24.62
        0.62     0.962500       555950        26.67
        0.62     0.965625       555950        29.09
        0.62     0.968750       555950        32.00
        0.62     0.970313       555950        33.68
        0.62     0.971875       555950        35.56
        0.63     0.973437       561700        37.65
        0.63     0.975000       561700        40.00
        0.63     0.976562       561700        42.67
        0.63     0.978125       561700        45.71
        0.63     0.979688       561700        49.23
        0.63     0.981250       561700        53.33
        0.63     0.982812       561700        58.18
        0.64     0.984375       564775        64.00
        0.64     0.985156       564775        67.37
        0.64     0.985938       564775        71.11
        0.64     0.986719       564775        75.29
        0.64     0.987500       564775        80.00
        0.64     0.988281       564775        85.33
        0.65     0.989062       566468        91.43
        0.65     0.989844       566468        98.46
        0.65     0.990625       566468       106.67
        0.65     0.991406       566468       116.36
        0.66     0.992188       567480       128.00
        0.66     0.992578       567480       134.74
        0.66     0.992969       567480       142.22
        0.66     0.993359       568142       150.59
        0.66     0.993750       568142       160.00
        0.66     0.994141       568142       170.67
        0.67     0.994531       568661       182.86
        0.67     0.994922       568661       196.92
        0.67     0.995313       568661       213.33
        0.68     0.995703       569131       232.73
        0.68     0.996094       569131       256.00
        0.69     0.996289       569516       269.47
        0.69     0.996484       569516       284.44
        0.69     0.996680       569516       301.18
        0.69     0.996875       569861       320.00
        0.69     0.997070       569861       341.33
        0.69     0.997266       569861       365.71
        0.70     0.997461       570162       393.85
        0.70     0.997656       570162       426.67
        0.70     0.997852       570162       465.45
        0.71     0.998047       570425       512.00
        0.71     0.998145       570425       538.95
        0.71     0.998242       570425       568.89
        0.71     0.998340       570425       602.35
        0.72     0.998437       570633       640.00
        0.72     0.998535       570633       682.67
        0.72     0.998633       570633       731.43
        0.72     0.998730       570633       787.69
        0.73     0.998828       570833       853.33
        0.73     0.998926       570833       930.91
        0.73     0.999023       570833      1024.00
        0.73     0.999072       570833      1077.89
        0.73     0.999121       570833      1137.78
        0.73     0.999170       570961      1204.71
        0.73     0.999219       570961      1280.00
        0.73     0.999268       570961      1365.33
        0.73     0.999316       570961      1462.86
        0.74     0.999365       571058      1575.38
        0.74     0.999414       571058      1706.67
        0.74     0.999463       571058      1861.82
        0.74     0.999512       571058      2048.00
        0.75     0.999536       571138      2155.79
        0.75     0.999561       571138      2275.56
        0.75     0.999585       571138      2409.41
        0.75     0.999609       571138      2560.00
        0.75     0.999634       571138      2730.67
        0.75     0.999658       571138      2925.71
        0.76     0.999683       571195      3150.77
        0.76     0.999707       571195      3413.33
        0.76     0.999731       571195      3723.64
        0.76     0.999756       571195      4096.00
        0.76     0.999768       571195      4311.58
        0.77     0.999780       571221      4551.11
        0.77     0.999792       571221      4818.82
        0.77     0.999805       571221      5120.00
        0.77     0.999817       571221      5461.33
        0.78     0.999829       571230      5851.43
        0.78     0.999841       571238      6301.54
        0.80     0.999854       571246      6826.67
        0.81     0.999866       571250      7447.27
        0.85     0.999878       571257      8192.00
        0.86     0.999884       571261      8623.16
        0.89     0.999890       571264      9102.22
        1.30     0.999896       571266      9637.65
        1.43     0.999902       571270     10240.00
        1.49     0.999908       571273     10922.67
        1.76     0.999915       571277     11702.86
        2.24     0.999921       571281     12603.08
        2.30     0.999927       571286     13653.33
        2.35     0.999933       571287     14894.55
        2.37     0.999939       571292     16384.00
        2.37     0.999942       571292     17246.32
        2.40     0.999945       571294     18204.44
        2.45     0.999948       571296     19275.29
        2.48     0.999951       571299     20480.00
        2.48     0.999954       571299     21845.33
        2.59     0.999957       571301     23405.71
        2.65     0.999960       571303     25206.15
        2.72     0.999963       571307     27306.67
        2.72     0.999966       571307     29789.09
        2.75     0.999969       571308     32768.00
        2.78     0.999971       571310     34492.63
        2.78     0.999973       571310     36408.89
        2.91     0.999974       571311     38550.59
        2.96     0.999976       571313     40960.00
        2.96     0.999977       571313     43690.67
        2.96     0.999979       571313     46811.43
        3.49     0.999980       571315     50412.31
        3.49     0.999982       571315     54613.33
        3.52     0.999983       571317     59578.18
        3.52     0.999985       571317     65536.00
        3.52     0.999986       571317     68985.26
        3.55     0.999986       571318     72817.78
        3.55     0.999987       571318     77101.18
        3.60     0.999988       571320     81920.00
        3.60     0.999989       571320     87381.33
        3.60     0.999989       571320     93622.86
        3.60     0.999990       571320    100824.62
        3.60     0.999991       571320    109226.67
        3.62     0.999992       571322    119156.36
        3.62     0.999992       571322    131072.00
        3.62     0.999993       571322    137970.53
        3.62     0.999993       571322    145635.56
        3.62     0.999994       571322    154202.35
        3.62     0.999994       571322    163840.00
        3.62     0.999994       571322    174762.67
        3.62     0.999995       571322    187245.71
        3.68     0.999995       571323    201649.23
        3.68     0.999995       571323    218453.33
        3.68     0.999996       571323    238312.73
        3.68     0.999996       571323    262144.00
        3.68     0.999996       571323    275941.05
        3.73     0.999997       571324    291271.11
        3.73     0.999997       571324    308404.71
        3.73     0.999997       571324    327680.00
        3.73     0.999997       571324    349525.33
        3.73     0.999997       571324    374491.43
        3.73     0.999998       571324    403298.46
        3.73     0.999998       571324    436906.67
        3.73     0.999998       571324    476625.45
        3.73     0.999998       571324    524288.00
        3.73     0.999998       571324    551882.11
        3.74     0.999998       571325    582542.22
        3.74     1.000000       571325          inf
#[Mean    =        0.420, StdDeviation   =        0.099]
#[Max     =        3.743, Total count    =       571325]
#[Buckets =           20, SubBuckets     =          256]
