       Value   Percentile   TotalCount 1/(1-Percentile)

        0.17     0.000000            1         1.00
        0.28     0.050000        38368         1.05
        0.29     0.100000        60275         1.11
        0.33     0.150000        87123         1.18
        0.35     0.200000       128081         1.25
        0.36     0.250000       155229         1.33
        0.37     0.300000       182445         1.43
        0.38     0.350000       209601         1.54
        0.38     0.400000       232667         1.67
        0.41     0.450000       272843         1.82
        0.41     0.500000       298053         2.00
        0.42     0.525000       332367         2.11
        0.42     0.550000       332367         2.22
        0.43     0.575000       369923         2.35
        0.43     0.600000       369923         2.50
        0.43     0.625000       369923         2.67
        0.44     0.650000       406914         2.86
        0.44     0.675000       406914         3.08
        0.44     0.700000       406914         3.33
        0.45     0.725000       441828         3.64
        0.45     0.750000       441828         4.00
        0.45     0.762500       441828         4.21
        0.46     0.775000       469884         4.44
        0.46     0.787500       469884         4.71
        0.46     0.800000       469884         5.00
        0.46     0.812500       485509         5.33
        0.46     0.825000       485509         5.71
        0.46     0.837500       485509         6.15
        0.47     0.850000       491748         6.67
        0.57     0.862500       501978         7.27
        0.58     0.875000       508347         8.00
        0.59     0.881250       519133         8.42
        0.59     0.887500       519133         8.89
        0.59     0.893750       519133         9.41
        0.60     0.900000       533631        10.00
        0.60     0.906250       533631        10.67
        0.60     0.912500       533631        11.43
        0.60     0.918750       533631        12.31
        0.61     0.925000       549228        13.33
        0.61     0.931250       549228        14.55
        0.61     0.937500       549228        16.00
        0.61     0.940625       549228        16.84
        0.61     0.943750       549228        17.78
        0.61     0.946875       549228        18.82
        0.61     0.950000       562273        20.00
        0.61     0.953125       562273        21.33
        0.61     0.956250       562273        22.86
        0.61     0.959375       562273        24.62
        0.61     0.962500       562273        26.67
        0.61     0.965625       562273        29.09
        0.61     0.968750       562273        32.00
        0.61     0.970313       562273        33.68
        0.61     0.971875       562273        35.56
        0.62     0.973437       571010        37.65
        0.62     0.975000       571010        40.00
        0.62     0.976562       571010        42.67
        0.62     0.978125       571010        45.71
        0.62     0.979688       571010        49.23
        0.62     0.981250       571010        53.33
        0.62     0.982812       571010        58.18
        0.62     0.984375       571010        64.00
        0.62     0.985156       571010        67.37
        0.62     0.985938       571010        71.11
        0.62     0.986719       571010        75.29
        0.63     0.987500       575393        80.00
        0.63     0.988281       575393        85.33
        0.63     0.989062       575393        91.43
        0.63     0.989844       575393        98.46
        0.63     0.990625       575393       106.67
        0.63     0.991406       575393       116.36
        0.63     0.992188       575393       128.00
        0.63     0.992578       575393       134.74
        0.63     0.992969       575393       142.22
        0.63     0.993359       575393       150.59
        0.63     0.993750       575393       160.00
        0.63     0.994141       575393       170.67
        0.63     0.994531       575393       182.86
        0.64     0.994922       577199       196.92
        0.64     0.995313       577199       213.33
        0.64     0.995703       577199       232.73
        0.64     0.996094       577199       256.00
        0.64     0.996289       577199       269.47
        0.64     0.996484       577199       284.44
        0.64     0.996680       577199       301.18
        0.64     0.996875       577199       320.00
        0.64     0.997070       577199       341.33
        0.64     0.997266       577199       365.71
        0.64     0.997461       577199       393.85
        0.64     0.997656       577199       426.67
        0.64     0.997852       577199       465.45
        0.65     0.998047       577802       512.00
        0.65     0.998145       577802       538.95
        0.65     0.998242       577802       568.89
        0.65     0.998340       577802       602.35
        0.65     0.998437       577802       640.00
        0.65     0.998535       577802       682.67
        0.65     0.998633       577802       731.43
        0.65     0.998730       577802       787.69
        0.65     0.998828       577802       853.33
        0.65     0.998926       577802       930.91
        0.65     0.999023       577802      1024.00
        0.66     0.999072       578013      1077.89
        0.66     0.999121       578013      1137.78
        0.66     0.999170       578013      1204.71
        0.66     0.999219       578013      1280.00
        0.66     0.999268       578013      1365.33
        0.66     0.999316       578013      1462.86
        0.66     0.999365       578013      1575.38
        0.66     0.999414       578013      1706.67
        0.66     0.999463       578107      1861.82
        0.66     0.999512       578107      2048.00
        0.66     0.999536       578107      2155.79
        0.66     0.999561       578107      2275.56
        0.66     0.999585       578107      2409.41
        0.67     0.999609       578152      2560.00
        0.67     0.999634       578152      2730.67
        0.67     0.999658       578152      2925.71
        0.68     0.999683       578179      3150.77
        0.68     0.999707       578179      3413.33
        0.69     0.999731       578198      3723.64
        0.69     0.999756       578216      4096.00
        0.69     0.999768       578216      4311.58
        0.69     0.999780       578216      4551.11
        0.70     0.999792       578226      4818.82
        0.71     0.999805       578239      5120.00
        0.71     0.999817       578239      5461.33
        0.72     0.999829       578248      5851.43
        0.73     0.999841       578259      6301.54
        0.73     0.999854       578259      6826.67
        0.74     0.999866       578266      7447.27
        0.76     0.999878       578275      8192.00
        0.77     0.999884       578284      8623.16
        0.77     0.999890       578284      9102.22
        0.77     0.999896       578284      9637.65
        0.78     0.999902       578289     10240.00
        0.78     0.999908       578295     10922.67
        0.78     0.999915       578295     11702.86
        0.79     0.999921       578298     12603.08
        0.80     0.999927       578302     13653.33
        0.81     0.999933       578305     14894.55
        0.81     0.999939       578310     16384.00
        0.81     0.999942       578310     17246.32
        0.82     0.999945       578313     18204.44
        0.82     0.999948       578313     19275.29
        0.83     0.999951       578317     20480.00
        0.83     0.999954       578317     21845.33
        0.84     0.999957       578323     23405.71
        0.84     0.999960       578323     25206.15
        0.84     0.999963       578323     27306.67
        0.85     0.999966       578325     29789.09
        0.85     0.999969       578328     32768.00
        0.85     0.999971       578328     34492.63
        0.85     0.999973       578328     36408.89
        0.85     0.999974       578328     38550.59
        0.86     0.999976       578330     40960.00
        0.86     0.999977       578330     43690.67
        0.87     0.999979       578331     46811.43
        0.88     0.999980       578332     50412.31
        0.89     0.999982       578334     54613.33
        0.89     0.999983       578334     59578.18
        0.90     0.999985       578335     65536.00
        0.90     0.999986       578335     68985.26
        0.90     0.999986       578336     72817.78
        0.90     0.999987       578336     77101.18
        0.90     0.999988       578336     81920.00
        0.91     0.999989       578339     87381.33
        0.91     0.999989       578339     93622.86
        0.91     0.999990       578339    100824.62
        0.91     0.999991       578339    109226.67
        0.91     0.999992       578339    119156.36
        0.91     0.999992       578339    131072.00
        0.91     0.999993       578339    137970.53
        0.92     0.999993       578340    145635.56
        0.92     0.999994       578340    154202.35
        0.92     0.999994       578340    163840.00
        0.92     0.999994       578340    174762.67
        0.92     0.999995       578340    187245.71
        0.93     0.999995       578342    201649.23
        0.93     0.999995       578342    218453.33
        0.93     0.999996       578342    238312.73
        0.93     0.999996       578342    262144.00
        0.93     0.999996       578342    275941.05
        0.93     0.999997       578342    291271.11
        0.93     0.999997       578342    308404.71
        0.93     0.999997       578342    327680.00
        0.93     0.999997       578342    349525.33
        0.93     0.999997       578342    374491.43
        0.93     0.999998       578342    403298.46
        0.93     0.999998       578342    436906.67
        0.93     0.999998       578342    476625.45
        0.93     0.999998       578342    524288.00
        0.93     0.999998       578342    551882.11
        0.97     0.999998       578343    582542.22
        0.97     1.000000       578343          inf
#[Mean    =        0.415, StdDeviation   =        0.094]
#[Max     =        0.967, Total count    =       578343]
#[Buckets =           20, SubBuckets     =          256]
