       Value   Percentile   TotalCount 1/(1-Percentile)

        0.10     0.000000           10         1.00
        0.23     0.050000       885080         1.05
        0.26     0.100000      1869740         1.11
        0.29     0.150000      2685690         1.18
        0.36     0.200000      3458390         1.25
        0.78     0.250000      4346190         1.33
        0.86     0.300000      5178300         1.43
        0.97     0.350000      6048810         1.54
        1.02     0.400000      6984590         1.67
        1.05     0.450000      8095600         1.82
        1.05     0.500000      8687720         2.00
        1.06     0.525000      9383760         2.11
        1.07     0.550000     10118660         2.22
        1.07     0.575000     10118660         2.35
        1.08     0.600000     10842930         2.50
        1.08     0.625000     10842930         2.67
        1.09     0.650000     11501000         2.86
        1.09     0.675000     12082850         3.08
        1.09     0.700000     12082850         3.33
        1.10     0.725000     12575700         3.64
        1.11     0.750000     12971070         4.00
        1.12     0.762500     13276450         4.21
        1.13     0.775000     13513970         4.44
        1.14     0.787500     13693400         4.71
        1.14     0.800000     13836660         5.00
        1.16     0.812500     14052150         5.33
        1.18     0.825000     14270880         5.71
        1.22     0.837500     14466270         6.15
        1.25     0.850000     14663300         6.67
        1.29     0.862500     14897720         7.27
        1.33     0.875000     15120720         8.00
        1.34     0.881250     15240820         8.42
        1.35     0.887500     15298900         8.89
        1.37     0.893750     15408590         9.41
        1.38     0.900000     15514690        10.00
        1.40     0.906250     15617250        10.67
        1.42     0.912500     15759890        11.43
        1.44     0.918750     15850310        12.31
        1.46     0.925000     15933350        13.33
        1.48     0.931250     16047660        14.55
        1.51     0.937500     16181320        16.00
        1.52     0.940625     16211950        16.84
        1.53     0.943750     16273050        17.78
        1.55     0.946875     16330200        18.82
        1.57     0.950000     16383820        20.00
        1.58     0.953125     16437120        21.33
        1.60     0.956250     16487800        22.86
        1.61     0.959375     16533610        24.62
        1.64     0.962500     16593120        26.67
        1.66     0.965625     16643840        29.09
        1.70     0.968750     16692090        32.00
        1.72     0.970313     16718670        33.68
        1.75     0.971875     16746410        35.56
        1.79     0.973437     16770290        37.65
        1.85     0.975000     16796660        40.00
        1.94     0.976562     16822430        42.67
        2.04     0.978125     16848480        45.71
        2.21     0.979688     16876070        49.23
        2.42     0.981250     16902840        53.33
        2.70     0.982812     16929470        58.18
        3.28     0.984375     16956010        64.00
        3.71     0.985156     16969760        67.37
        4.25     0.985938     16983280        71.11
        4.93     0.986719     16996320        75.29
        5.73     0.987500     17009650        80.00
        6.50     0.988281     17023190        85.33
        7.04     0.989062     17036820        91.43
        7.62     0.989844     17050400        98.46
        8.13     0.990625     17064170       106.67
        8.77     0.991406     17077840       116.36
        9.34     0.992188     17090780       128.00
        9.73     0.992578     17097590       134.74
       10.11     0.992969     17104360       142.22
       10.75     0.993359     17110820       150.59
       11.58     0.993750     17117450       160.00
       13.12     0.994141     17124130       170.67
       15.10     0.994531     17130930       182.86
       16.38     0.994922     17138560       196.92
       16.89     0.995313     17144710       213.33
       18.43     0.995703     17151470       232.73
       20.22     0.996094     17157830       256.00
       20.48     0.996289     17161910       269.47
       20.73     0.996484     17165090       284.44
       21.12     0.996680     17167980       301.18
       22.27     0.996875     17171420       320.00
       23.68     0.997070     17174690       341.33
       24.32     0.997266     17192500       365.71
       24.32     0.997461     17192500       393.85
       24.32     0.997656     17192500       426.67
       24.32     0.997852     17192500       465.45
       24.32     0.998047     17192500       512.00
       24.45     0.998145     17203110       538.95
       24.45     0.998242     17203110       568.89
       24.45     0.998340     17203110       602.35
       24.45     0.998437     17203110       640.00
       24.45     0.998535     17203110       682.67
       24.45     0.998633     17203110       731.43
       24.45     0.998730     17203110       787.69
       24.70     0.998828     17205250       853.33
       24.83     0.998926     17206760       930.91
       25.34     0.999023     17208190      1024.00
       25.86     0.999072     17209050      1077.89
       26.50     0.999121     17209890      1137.78
       27.26     0.999170     17210800      1204.71
       27.77     0.999219     17211540      1280.00
       28.29     0.999268     17214210      1365.33
       28.29     0.999316     17214210      1462.86
       28.29     0.999365     17214210      1575.38
       28.41     0.999414     17216480      1706.67
       28.41     0.999463     17216480      1861.82
       28.54     0.999512     17216730      2048.00
       28.67     0.999536     17217200      2155.79
       28.80     0.999561     17217830      2275.56
       28.80     0.999585     17217830      2409.41
       29.05     0.999609     17218440      2560.00
       29.18     0.999634     17218670      2730.67
       29.70     0.999658     17219150      2925.71
       30.08     0.999683     17219600      3150.77
       30.46     0.999707     17219910      3413.33
       31.10     0.999731     17220350      3723.64
       32.00     0.999756     17220750      4096.00
       32.26     0.999768     17221510      4311.58
       32.26     0.999780     17221510      4551.11
       32.26     0.999792     17221510      4818.82
       32.38     0.999805     17222960      5120.00
       32.38     0.999817     17222960      5461.33
       32.38     0.999829     17222960      5851.43
       32.38     0.999841     17222960      6301.54
       32.38     0.999854     17222960      6826.67
       32.38     0.999866     17222960      7447.27
       32.38     0.999878     17222960      8192.00
       32.38     0.999884     17222960      8623.16
       32.51     0.999890     17223250      9102.22
       32.51     0.999896     17223250      9637.65
       32.64     0.999902     17223450     10240.00
       32.64     0.999908     17223450     10922.67
       32.77     0.999915     17223720     11702.86
       32.77     0.999921     17223720     12603.08
       32.77     0.999927     17223720     13653.33
       33.02     0.999933     17223980     14894.55
       33.02     0.999939     17223980     16384.00
       33.02     0.999942     17223980     17246.32
       33.28     0.999945     17224020     18204.44
       33.53     0.999948     17224150     19275.29
       33.53     0.999951     17224150     20480.00
       33.79     0.999954     17224210     21845.33
       34.05     0.999957     17224230     23405.71
       34.30     0.999960     17224280     25206.15
       36.09     0.999963     17224320     27306.67
       36.35     0.999966     17224500     29789.09
       36.35     0.999969     17224500     32768.00
       36.35     0.999971     17224500     34492.63
       36.35     0.999973     17224500     36408.89
       36.61     0.999974     17224580     38550.59
       36.61     0.999976     17224580     40960.00
       36.61     0.999977     17224580     43690.67
       36.86     0.999979     17224620     46811.43
       36.86     0.999980     17224620     50412.31
       37.38     0.999982     17224650     54613.33
       37.63     0.999983     17224690     59578.18
       37.63     0.999985     17224690     65536.00
       38.14     0.999986     17224710     68985.26
       40.45     0.999986     17224860     72817.78
       40.45     0.999987     17224860     77101.18
       40.45     0.999988     17224860     81920.00
       40.45     0.999989     17224860     87381.33
       40.45     0.999989     17224860     93622.86
       40.45     0.999990     17224860    100824.62
       40.45     0.999991     17224860    109226.67
       40.45     0.999992     17224860    119156.36
       40.45     0.999992     17224860    131072.00
       40.45     0.999993     17224860    137970.53
       40.45     0.999993     17224860    145635.56
       40.45     0.999994     17224860    154202.35
       40.45     0.999994     17224860    163840.00
       40.45     0.999994     17224860    174762.67
       40.45     0.999995     17224860    187245.71
       40.70     0.999995     17224900    201649.23
       40.70     0.999995     17224900    218453.33
       40.70     0.999996     17224900    238312.73
       40.70     0.999996     17224900    262144.00
       40.70     0.999996     17224900    275941.05
       40.70     0.999997     17224900    291271.11
       40.70     0.999997     17224900    308404.71
       40.70     0.999997     17224900    327680.00
       40.96     0.999997     17224920    349525.33
       40.96     0.999997     17224920    374491.43
       40.96     0.999998     17224920    403298.46
       40.96     0.999998     17224920    436906.67
       40.96     0.999998     17224920    476625.45
       40.96     0.999998     17224920    524288.00
       40.96     0.999998     17224920    551882.11
       41.22     0.999998     17224950    582542.22
       41.22     1.000000     17224950          inf
#[Mean    =        1.109, StdDeviation   =        1.827]
#[Max     =       41.215, Total count    =     17224950]
#[Buckets =           20, SubBuckets     =          256]
