       Value   Percentile   TotalCount 1/(1-Percentile)

        0.20     0.000000            1         1.00
        0.31     0.050000        27664         1.05
        0.33     0.100000        60306         1.11
        0.37     0.150000        77713         1.18
        0.39     0.200000       106864         1.25
        0.41     0.250000       147094         1.33
        0.41     0.300000       167567         1.43
        0.42     0.350000       188037         1.54
        0.43     0.400000       206125         1.67
        0.46     0.450000       237202         1.82
        0.47     0.500000       275654         2.00
        0.47     0.525000       275654         2.11
        0.48     0.550000       302833         2.22
        0.48     0.575000       302833         2.35
        0.49     0.600000       331900         2.50
        0.49     0.625000       331900         2.67
        0.49     0.650000       361730         2.86
        0.49     0.675000       361730         3.08
        0.49     0.700000       361730         3.33
        0.50     0.725000       390679         3.64
        0.50     0.750000       390679         4.00
        0.51     0.762500       414134         4.21
        0.51     0.775000       414134         4.44
        0.51     0.787500       414134         4.71
        0.51     0.800000       414134         5.00
        0.52     0.812500       428618         5.33
        0.52     0.825000       428618         5.71
        0.53     0.837500       435603         6.15
        0.54     0.850000       438279         6.67
        0.64     0.862500       444890         7.27
        0.66     0.875000       454530         8.00
        0.66     0.881250       454530         8.42
        0.66     0.887500       463724         8.89
        0.66     0.893750       463724         9.41
        0.66     0.900000       463724        10.00
        0.67     0.906250       475504        10.67
        0.67     0.912500       475504        11.43
        0.67     0.918750       475504        12.31
        0.68     0.925000       487879        13.33
        0.68     0.931250       487879        14.55
        0.68     0.937500       487879        16.00
        0.68     0.940625       487879        16.84
        0.68     0.943750       487879        17.78
        0.68     0.946875       487879        18.82
        0.69     0.950000       498407        20.00
        0.69     0.953125       498407        21.33
        0.69     0.956250       498407        22.86
        0.69     0.959375       498407        24.62
        0.69     0.962500       498407        26.67
        0.69     0.965625       498407        29.09
        0.69     0.968750       498407        32.00
        0.69     0.970313       506005        33.68
        0.69     0.971875       506005        35.56
        0.69     0.973437       506005        37.65
        0.69     0.975000       506005        40.00
        0.69     0.976562       506005        42.67
        0.69     0.978125       506005        45.71
        0.69     0.979688       506005        49.23
        0.69     0.981250       506005        53.33
        0.69     0.982812       506005        58.18
        0.70     0.984375       510467        64.00
        0.70     0.985156       510467        67.37
        0.70     0.985938       510467        71.11
        0.70     0.986719       510467        75.29
        0.70     0.987500       510467        80.00
        0.70     0.988281       510467        85.33
        0.70     0.989062       510467        91.43
        0.70     0.989844       510467        98.46
        0.70     0.990625       510467       106.67
        0.70     0.991406       510467       116.36
        0.70     0.992188       510467       128.00
        0.71     0.992578       512684       134.74
        0.71     0.992969       512684       142.22
        0.71     0.993359       512684       150.59
        0.71     0.993750       512684       160.00
        0.71     0.994141       512684       170.67
        0.71     0.994531       512684       182.86
        0.71     0.994922       512684       196.92
        0.71     0.995313       512684       213.33
        0.71     0.995703       512684       232.73
        0.71     0.996094       512684       256.00
        0.71     0.996289       512684       269.47
        0.71     0.996484       512684       284.44
        0.71     0.996680       512684       301.18
        0.72     0.996875       513641       320.00
        0.72     0.997070       513641       341.33
        0.72     0.997266       513641       365.71
        0.72     0.997461       513641       393.85
        0.72     0.997656       513641       426.67
        0.72     0.997852       513641       465.45
        0.72     0.998047       513641       512.00
        0.72     0.998145       513641       538.95
        0.72     0.998242       513641       568.89
        0.72     0.998340       513641       602.35
        0.72     0.998437       513641       640.00
        0.72     0.998535       513641       682.67
        0.73     0.998633       513974       731.43
        0.73     0.998730       513974       787.69
        0.73     0.998828       513974       853.33
        0.73     0.998926       513974       930.91
        0.73     0.999023       513974      1024.00
        0.73     0.999072       513974      1077.89
        0.73     0.999121       513974      1137.78
        0.73     0.999170       513974      1204.71
        0.73     0.999219       513974      1280.00
        0.73     0.999268       513974      1365.33
        0.73     0.999316       514103      1462.86
        0.73     0.999365       514103      1575.38
        0.73     0.999414       514103      1706.67
        0.73     0.999463       514103      1861.82
        0.73     0.999512       514103      2048.00
        0.74     0.999536       514154      2155.79
        0.74     0.999561       514154      2275.56
        0.74     0.999585       514154      2409.41
        0.74     0.999609       514154      2560.00
        0.75     0.999634       514184      2730.67
        0.75     0.999658       514184      2925.71
        0.75     0.999683       514184      3150.77
        0.76     0.999707       514196      3413.33
        0.77     0.999731       514211      3723.64
        0.78     0.999756       514222      4096.00
        0.78     0.999768       514229      4311.58
        0.79     0.999780       514241      4551.11
        0.79     0.999792       514241      4818.82
        0.80     0.999805       514250      5120.00
        0.81     0.999817       514263      5461.33
        0.81     0.999829       514263      5851.43
        0.81     0.999841       514271      6301.54
        0.81     0.999854       514271      6826.67
        0.82     0.999866       514280      7447.27
        0.83     0.999878       514285      8192.00
        0.84     0.999884       514287      8623.16
        0.85     0.999890       514291      9102.22
        0.85     0.999896       514295      9637.65
        0.85     0.999902       514295     10240.00
        0.86     0.999908       514298     10922.67
        0.88     0.999915       514305     11702.86
        0.88     0.999921       514305     12603.08
        0.89     0.999927       514309     13653.33
        0.90     0.999933       514311     14894.55
        0.91     0.999939       514314     16384.00
        0.92     0.999942       514318     17246.32
        0.92     0.999945       514318     18204.44
        0.93     0.999948       514321     19275.29
        0.93     0.999951       514321     20480.00
        0.94     0.999954       514324     21845.33
        0.94     0.999957       514324     23405.71
        0.94     0.999960       514325     25206.15
        0.96     0.999963       514330     27306.67
        0.96     0.999966       514330     29789.09
        0.96     0.999969       514330     32768.00
        0.97     0.999971       514333     34492.63
        0.97     0.999973       514333     36408.89
        0.97     0.999974       514333     38550.59
        0.97     0.999976       514333     40960.00
        0.97     0.999977       514334     43690.67
        0.98     0.999979       514335     46811.43
        0.98     0.999980       514335     50412.31
        1.00     0.999982       514336     54613.33
        1.01     0.999983       514337     59578.18
        1.02     0.999985       514338     65536.00
        1.02     0.999986       514338     68985.26
        1.02     0.999986       514338     72817.78
        1.05     0.999987       514339     77101.18
        1.05     0.999988       514339     81920.00
        1.08     0.999989       514340     87381.33
        1.08     0.999989       514340     93622.86
        1.08     0.999990       514340    100824.62
        1.09     0.999991       514341    109226.67
        1.09     0.999992       514341    119156.36
        1.18     0.999992       514342    131072.00
        1.18     0.999993       514342    137970.53
        1.18     0.999993       514342    145635.56
        1.18     0.999994       514342    154202.35
        1.18     0.999994       514342    163840.00
        1.33     0.999994       514344    174762.67
        1.33     0.999995       514344    187245.71
        1.33     0.999995       514344    201649.23
        1.33     0.999995       514344    218453.33
        1.33     0.999996       514344    238312.73
        1.33     0.999996       514344    262144.00
        1.33     0.999996       514344    275941.05
        1.33     0.999997       514344    291271.11
        1.33     0.999997       514344    308404.71
        1.33     0.999997       514344    327680.00
        1.33     0.999997       514344    349525.33
        1.33     0.999997       514344    374491.43
        1.33     0.999998       514344    403298.46
        1.33     0.999998       514344    436906.67
        1.33     0.999998       514344    476625.45
        1.50     0.999998       514345    524288.00
        1.50     1.000000       514345          inf
#[Mean    =        0.466, StdDeviation   =        0.105]
#[Max     =        1.503, Total count    =       514345]
#[Buckets =           20, SubBuckets     =          256]
