       Value   Percentile   TotalCount 1/(1-Percentile)

        0.20     0.000000            1         1.00
        0.46     0.050000        18954         1.05
        0.49     0.100000        36971         1.11
        0.54     0.150000        54359         1.18
        0.57     0.200000        70873         1.25
        0.59     0.250000        87621         1.33
        0.61     0.300000       109193         1.43
        0.62     0.350000       129309         1.54
        0.64     0.400000       144465         1.67
        0.66     0.450000       160036         1.82
        0.69     0.500000       178962         2.00
        0.69     0.525000       187312         2.11
        0.70     0.550000       196851         2.22
        0.71     0.575000       207021         2.35
        0.72     0.600000       217744         2.50
        0.73     0.625000       228618         2.67
        0.73     0.650000       228618         2.86
        0.73     0.675000       239329         3.08
        0.74     0.700000       249758         3.33
        0.75     0.725000       259280         3.64
        0.76     0.750000       267652         4.00
        0.76     0.762500       267652         4.21
        0.77     0.775000       275149         4.44
        0.77     0.787500       275149         4.71
        0.78     0.800000       281421         5.00
        0.78     0.812500       286353         5.33
        0.79     0.825000       290160         5.71
        0.80     0.837500       293002         6.15
        0.81     0.850000       296519         6.67
        0.89     0.862500       300874         7.27
        0.92     0.875000       305126         8.00
        0.94     0.881250       309688         8.42
        0.94     0.887500       309688         8.89
        0.94     0.893750       312721         9.41
        0.95     0.900000       316213        10.00
        0.95     0.906250       316213        10.67
        0.96     0.912500       319894        11.43
        0.97     0.918750       323713        12.31
        0.97     0.925000       323713        13.33
        0.97     0.931250       327700        14.55
        0.97     0.937500       327700        16.00
        0.98     0.940625       331537        16.84
        0.98     0.943750       331537        17.78
        0.98     0.946875       331537        18.82
        0.98     0.950000       331537        20.00
        0.99     0.953125       335153        21.33
        0.99     0.956250       335153        22.86
        0.99     0.959375       335153        24.62
        1.00     0.962500       338348        26.67
        1.00     0.965625       338348        29.09
        1.00     0.968750       338348        32.00
        1.00     0.970313       338348        33.68
        1.01     0.971875       341094        35.56
        1.01     0.973437       341094        37.65
        1.01     0.975000       341094        40.00
        1.01     0.976562       341094        42.67
        1.01     0.978125       341094        45.71
        1.01     0.979688       343223        49.23
        1.01     0.981250       343223        53.33
        1.01     0.982812       343223        58.18
        1.01     0.984375       343223        64.00
        1.02     0.985156       344898        67.37
        1.02     0.985938       344898        71.11
        1.02     0.986719       344898        75.29
        1.02     0.987500       344898        80.00
        1.02     0.988281       344898        85.33
        1.02     0.989062       344898        91.43
        1.03     0.989844       346116        98.46
        1.03     0.990625       346116       106.67
        1.03     0.991406       346116       116.36
        1.03     0.992188       346116       128.00
        1.03     0.992578       346116       134.74
        1.03     0.992969       346116       142.22
        1.04     0.993359       346964       150.59
        1.04     0.993750       346964       160.00
        1.04     0.994141       346964       170.67
        1.04     0.994531       346964       182.86
        1.04     0.994922       346964       196.92
        1.04     0.995313       346964       213.33
        1.05     0.995703       347521       232.73
        1.05     0.996094       347521       256.00
        1.05     0.996289       347521       269.47
        1.05     0.996484       347521       284.44
        1.05     0.996680       347521       301.18
        1.05     0.996875       347521       320.00
        1.05     0.997070       347896       341.33
        1.05     0.997266       347896       365.71
        1.05     0.997461       347896       393.85
        1.05     0.997656       347896       426.67
        1.05     0.997852       347896       465.45
        1.05     0.998047       347896       512.00
        1.06     0.998145       348130       538.95
        1.06     0.998242       348130       568.89
        1.06     0.998340       348130       602.35
        1.06     0.998437       348130       640.00
        1.06     0.998535       348130       682.67
        1.06     0.998633       348130       731.43
        1.06     0.998730       348130       787.69
        1.07     0.998828       348251       853.33
        1.07     0.998926       348251       930.91
        1.07     0.999023       348251      1024.00
        1.07     0.999072       348251      1077.89
        1.08     0.999121       348342      1137.78
        1.08     0.999170       348342      1204.71
        1.08     0.999219       348342      1280.00
        1.08     0.999268       348342      1365.33
        1.08     0.999316       348342      1462.86
        1.08     0.999365       348342      1575.38
        1.09     0.999414       348390      1706.67
        1.09     0.999463       348390      1861.82
        1.09     0.999512       348390      2048.00
        1.09     0.999536       348424      2155.79
        1.09     0.999561       348424      2275.56
        1.09     0.999585       348424      2409.41
        1.09     0.999609       348424      2560.00
        1.10     0.999634       348441      2730.67
        1.10     0.999658       348441      2925.71
        1.11     0.999683       348451      3150.77
        1.13     0.999707       348462      3413.33
        1.14     0.999731       348468      3723.64
        1.16     0.999756       348477      4096.00
        1.17     0.999768       348480      4311.58
        1.18     0.999780       348485      4551.11
        1.19     0.999792       348491      4818.82
        1.20     0.999805       348494      5120.00
        1.22     0.999817       348500      5461.33
        1.22     0.999829       348503      5851.43
        1.23     0.999841       348505      6301.54
        1.25     0.999854       348510      6826.67
        1.29     0.999866       348515      7447.27
        1.30     0.999878       348519      8192.00
        1.31     0.999884       348521      8623.16
        1.32     0.999890       348522      9102.22
        1.34     0.999896       348524      9637.65
        1.36     0.999902       348528     10240.00
        1.37     0.999908       348530     10922.67
        1.38     0.999915       348531     11702.86
        1.42     0.999921       348534     12603.08
        1.43     0.999927       348535     13653.33
        1.45     0.999933       348537     14894.55
        1.53     0.999939       348539     16384.00
        1.56     0.999942       348540     17246.32
        1.59     0.999945       348541     18204.44
        1.60     0.999948       348542     19275.29
        1.66     0.999951       348543     20480.00
        2.32     0.999954       348545     21845.33
        2.45     0.999957       348546     23405.71
        2.50     0.999960       348547     25206.15
        2.73     0.999963       348549     27306.67
        2.73     0.999966       348549     29789.09
        2.88     0.999969       348551     32768.00
        2.88     0.999971       348551     34492.63
        2.88     0.999973       348551     36408.89
        2.88     0.999974       348551     38550.59
        3.06     0.999976       348552     40960.00
        3.09     0.999977       348554     43690.67
        3.09     0.999979       348554     46811.43
        3.09     0.999980       348554     50412.31
        3.09     0.999982       348554     54613.33
        3.28     0.999983       348556     59578.18
        3.28     0.999985       348556     65536.00
        3.28     0.999986       348556     68985.26
        3.28     0.999986       348556     72817.78
        3.28     0.999987       348556     77101.18
        3.28     0.999988       348556     81920.00
        6.59     0.999989       348557     87381.33
        6.59     0.999989       348557     93622.86
        6.59     0.999990       348557    100824.62
        6.59     0.999991       348557    109226.67
        6.72     0.999992       348558    119156.36
        6.72     0.999992       348558    131072.00
        6.72     0.999993       348558    137970.53
        6.72     0.999993       348558    145635.56
        6.72     0.999994       348558    154202.35
        6.72     0.999994       348558    163840.00
        6.82     0.999994       348560    174762.67
        6.82     1.000000       348560          inf
#[Mean    =        0.688, StdDeviation   =        0.150]
#[Max     =        6.815, Total count    =       348560]
#[Buckets =           20, SubBuckets     =          256]
