       Value   Percentile   TotalCount 1/(1-Percentile)

        0.19     0.000000            5         1.00
        0.30     0.050000        31911         1.05
        0.32     0.100000        65473         1.11
        0.36     0.150000        82666         1.18
        0.38     0.200000       120307         1.25
        0.39     0.250000       142690         1.33
        0.40     0.300000       165359         1.43
        0.41     0.350000       187880         1.54
        0.42     0.400000       223564         1.67
        0.44     0.450000       243635         1.82
        0.46     0.500000       281826         2.00
        0.46     0.525000       281826         2.11
        0.46     0.550000       310229         2.22
        0.46     0.575000       310229         2.35
        0.47     0.600000       340724         2.50
        0.47     0.625000       340724         2.67
        0.48     0.650000       372236         2.86
        0.48     0.675000       372236         3.08
        0.48     0.700000       372236         3.33
        0.49     0.725000       402586         3.64
        0.49     0.750000       402586         4.00
        0.49     0.762500       427605         4.21
        0.49     0.775000       427605         4.44
        0.49     0.787500       427605         4.71
        0.49     0.800000       427605         5.00
        0.50     0.812500       443484         5.33
        0.50     0.825000       443484         5.71
        0.51     0.837500       450927         6.15
        0.52     0.850000       453669         6.67
        0.61     0.862500       459041         7.27
        0.63     0.875000       465900         8.00
        0.64     0.881250       473729         8.42
        0.64     0.887500       473729         8.89
        0.65     0.893750       484745         9.41
        0.65     0.900000       484745        10.00
        0.65     0.906250       484745        10.67
        0.66     0.912500       497471        11.43
        0.66     0.918750       497471        12.31
        0.66     0.925000       497471        13.33
        0.66     0.931250       497471        14.55
        0.66     0.937500       509642        16.00
        0.66     0.940625       509642        16.84
        0.66     0.943750       509642        17.78
        0.66     0.946875       509642        18.82
        0.66     0.950000       509642        20.00
        0.66     0.953125       509642        21.33
        0.66     0.956250       509642        22.86
        0.67     0.959375       519318        24.62
        0.67     0.962500       519318        26.67
        0.67     0.965625       519318        29.09
        0.67     0.968750       519318        32.00
        0.67     0.970313       519318        33.68
        0.67     0.971875       519318        35.56
        0.67     0.973437       519318        37.65
        0.67     0.975000       519318        40.00
        0.67     0.976562       519318        42.67
        0.68     0.978125       525567        45.71
        0.68     0.979688       525567        49.23
        0.68     0.981250       525567        53.33
        0.68     0.982812       525567        58.18
        0.68     0.984375       525567        64.00
        0.68     0.985156       525567        67.37
        0.68     0.985938       525567        71.11
        0.68     0.986719       525567        75.29
        0.68     0.987500       525567        80.00
        0.68     0.988281       525567        85.33
        0.68     0.989062       525567        91.43
        0.69     0.989844       528900        98.46
        0.69     0.990625       528900       106.67
        0.69     0.991406       528900       116.36
        0.69     0.992188       528900       128.00
        0.69     0.992578       528900       134.74
        0.69     0.992969       528900       142.22
        0.69     0.993359       528900       150.59
        0.69     0.993750       528900       160.00
        0.69     0.994141       528900       170.67
        0.69     0.994531       528900       182.86
        0.69     0.994922       528900       196.92
        0.69     0.995313       528900       213.33
        0.69     0.995703       530440       232.73
        0.69     0.996094       530440       256.00
        0.69     0.996289       530440       269.47
        0.69     0.996484       530440       284.44
        0.69     0.996680       530440       301.18
        0.69     0.996875       530440       320.00
        0.69     0.997070       530440       341.33
        0.69     0.997266       530440       365.71
        0.69     0.997461       530440       393.85
        0.69     0.997656       530440       426.67
        0.69     0.997852       530440       465.45
        0.69     0.998047       530440       512.00
        0.69     0.998145       530440       538.95
        0.69     0.998242       530440       568.89
        0.69     0.998340       530440       602.35
        0.69     0.998437       530440       640.00
        0.70     0.998535       530957       682.67
        0.70     0.998633       530957       731.43
        0.70     0.998730       530957       787.69
        0.70     0.998828       530957       853.33
        0.70     0.998926       530957       930.91
        0.70     0.999023       530957      1024.00
        0.70     0.999072       530957      1077.89
        0.70     0.999121       530957      1137.78
        0.70     0.999170       530957      1204.71
        0.70     0.999219       530957      1280.00
        0.70     0.999268       530957      1365.33
        0.70     0.999316       530957      1462.86
        0.70     0.999365       530957      1575.38
        0.70     0.999414       530957      1706.67
        0.70     0.999463       530957      1861.82
        0.71     0.999512       531113      2048.00
        0.71     0.999536       531113      2155.79
        0.71     0.999561       531113      2275.56
        0.71     0.999585       531113      2409.41
        0.71     0.999609       531113      2560.00
        0.71     0.999634       531113      2730.67
        0.71     0.999658       531113      2925.71
        0.71     0.999683       531113      3150.77
        0.71     0.999707       531113      3413.33
        0.71     0.999731       531113      3723.64
        0.71     0.999756       531113      4096.00
        0.71     0.999768       531113      4311.58
        0.72     0.999780       531174      4551.11
        0.72     0.999792       531174      4818.82
        0.72     0.999805       531174      5120.00
        0.72     0.999817       531174      5461.33
        0.72     0.999829       531174      5851.43
        0.72     0.999841       531174      6301.54
        0.72     0.999854       531174      6826.67
        0.72     0.999866       531174      7447.27
        0.72     0.999878       531174      8192.00
        0.72     0.999884       531174      8623.16
        0.73     0.999890       531191      9102.22
        0.73     0.999896       531191      9637.65
        0.73     0.999902       531191     10240.00
        0.73     0.999908       531191     10922.67
        0.73     0.999915       531191     11702.86
        0.73     0.999921       531203     12603.08
        0.73     0.999927       531203     13653.33
        0.73     0.999933       531203     14894.55
        0.73     0.999939       531203     16384.00
        0.74     0.999942       531211     17246.32
        0.74     0.999945       531211     18204.44
        0.74     0.999948       531211     19275.29
        0.74     0.999951       531211     20480.00
        0.74     0.999954       531211     21845.33
        0.75     0.999957       531213     23405.71
        0.76     0.999960       531219     25206.15
        0.76     0.999963       531219     27306.67
        0.76     0.999966       531219     29789.09
        0.76     0.999969       531219     32768.00
        0.78     0.999971       531223     34492.63
        0.78     0.999973       531223     36408.89
        0.78     0.999974       531223     38550.59
        0.78     0.999976       531223     40960.00
        0.78     0.999977       531223     43690.67
        0.78     0.999979       531227     46811.43
        0.78     0.999980       531227     50412.31
        0.78     0.999982       531227     54613.33
        0.78     0.999983       531227     59578.18
        0.78     0.999985       531227     65536.00
        0.79     0.999986       531229     68985.26
        0.79     0.999986       531229     72817.78
        0.79     0.999987       531229     77101.18
        0.79     0.999988       531229     81920.00
        0.79     0.999989       531229     87381.33
        0.81     0.999989       531231     93622.86
        0.81     0.999990       531231    100824.62
        0.81     0.999991       531231    109226.67
        0.81     0.999992       531231    119156.36
        0.81     0.999992       531231    131072.00
        0.85     0.999993       531232    137970.53
        0.85     0.999993       531232    145635.56
        0.85     0.999994       531232    154202.35
        0.85     0.999994       531232    163840.00
        0.85     0.999994       531232    174762.67
        0.87     0.999995       531233    187245.71
        0.87     0.999995       531233    201649.23
        0.87     0.999995       531233    218453.33
        0.87     0.999996       531233    238312.73
        0.87     0.999996       531233    262144.00
        0.88     0.999996       531234    275941.05
        0.88     0.999997       531234    291271.11
        0.88     0.999997       531234    308404.71
        0.88     0.999997       531234    327680.00
        0.88     0.999997       531234    349525.33
        0.88     0.999997       531234    374491.43
        0.88     0.999998       531234    403298.46
        0.88     0.999998       531234    436906.67
        0.88     0.999998       531234    476625.45
        0.88     0.999998       531234    524288.00
        0.94     0.999998       531235    551882.11
        0.94     1.000000       531235          inf
#[Mean    =        0.452, StdDeviation   =        0.101]
#[Max     =        0.935, Total count    =       531235]
#[Buckets =           20, SubBuckets     =          256]
