       Value   Percentile   TotalCount 1/(1-Percentile)

        0.17     0.000000            1         1.00
        0.29     0.050000        38252         1.05
        0.30     0.100000        56520         1.11
        0.34     0.150000        82331         1.18
        0.37     0.200000       115257         1.25
        0.38     0.250000       137034         1.33
        0.39     0.300000       182890         1.43
        0.40     0.350000       205124         1.54
        0.41     0.400000       222326         1.67
        0.43     0.450000       262135         1.82
        0.44     0.500000       286227         2.00
        0.45     0.525000       316135         2.11
        0.45     0.550000       316135         2.22
        0.45     0.575000       316135         2.35
        0.46     0.600000       347734         2.50
        0.46     0.625000       347734         2.67
        0.46     0.650000       379678         2.86
        0.46     0.675000       379678         3.08
        0.47     0.700000       410243         3.33
        0.47     0.725000       410243         3.64
        0.47     0.750000       410243         4.00
        0.48     0.762500       434314         4.21
        0.48     0.775000       434314         4.44
        0.48     0.787500       434314         4.71
        0.49     0.800000       449761         5.00
        0.49     0.812500       449761         5.33
        0.49     0.825000       457683         5.71
        0.50     0.837500       461506         6.15
        0.52     0.850000       465312         6.67
        0.60     0.862500       473053         7.27
        0.61     0.875000       483132         8.00
        0.61     0.881250       483132         8.42
        0.62     0.887500       493114         8.89
        0.62     0.893750       493114         9.41
        0.62     0.900000       493114        10.00
        0.63     0.906250       505562        10.67
        0.63     0.912500       505562        11.43
        0.63     0.918750       505562        12.31
        0.64     0.925000       518006        13.33
        0.64     0.931250       518006        14.55
        0.64     0.937500       518006        16.00
        0.64     0.940625       518006        16.84
        0.64     0.943750       518006        17.78
        0.64     0.946875       518006        18.82
        0.65     0.950000       528547        20.00
        0.65     0.953125       528547        21.33
        0.65     0.956250       528547        22.86
        0.65     0.959375       528547        24.62
        0.65     0.962500       528547        26.67
        0.65     0.965625       528547        29.09
        0.66     0.968750       535912        32.00
        0.66     0.970313       535912        33.68
        0.66     0.971875       535912        35.56
        0.66     0.973437       535912        37.65
        0.66     0.975000       535912        40.00
        0.66     0.976562       535912        42.67
        0.66     0.978125       535912        45.71
        0.66     0.979688       535912        49.23
        0.66     0.981250       540184        53.33
        0.66     0.982812       540184        58.18
        0.66     0.984375       540184        64.00
        0.66     0.985156       540184        67.37
        0.66     0.985938       540184        71.11
        0.66     0.986719       540184        75.29
        0.66     0.987500       540184        80.00
        0.67     0.988281       542487        85.33
        0.67     0.989062       542487        91.43
        0.67     0.989844       542487        98.46
        0.67     0.990625       542487       106.67
        0.67     0.991406       542487       116.36
        0.68     0.992188       543670       128.00
        0.68     0.992578       543670       134.74
        0.68     0.992969       543670       142.22
        0.68     0.993359       543670       150.59
        0.68     0.993750       543670       160.00
        0.69     0.994141       544352       170.67
        0.69     0.994531       544352       182.86
        0.69     0.994922       544352       196.92
        0.69     0.995313       544352       213.33
        0.69     0.995703       544771       232.73
        0.70     0.996094       545098       256.00
        0.70     0.996289       545098       269.47
        0.70     0.996484       545098       284.44
        0.70     0.996680       545098       301.18
        0.71     0.996875       545381       320.00
        0.71     0.997070       545381       341.33
        0.72     0.997266       545611       365.71
        0.72     0.997461       545611       393.85
        0.73     0.997656       545855       426.67
        0.73     0.997852       545855       465.45
        0.73     0.998047       545855       512.00
        0.73     0.998145       546061       538.95
        0.73     0.998242       546061       568.89
        0.73     0.998340       546061       602.35
        0.73     0.998437       546061       640.00
        0.74     0.998535       546238       682.67
        0.74     0.998633       546238       731.43
        0.74     0.998730       546238       787.69
        0.75     0.998828       546400       853.33
        0.75     0.998926       546400       930.91
        0.75     0.999023       546400      1024.00
        0.76     0.999072       546545      1077.89
        0.76     0.999121       546545      1137.78
        0.76     0.999170       546545      1204.71
        0.76     0.999219       546545      1280.00
        0.76     0.999268       546545      1365.33
        0.76     0.999316       546545      1462.86
        0.77     0.999365       546643      1575.38
        0.77     0.999414       546643      1706.67
        0.77     0.999463       546643      1861.82
        0.78     0.999512       546720      2048.00
        0.78     0.999536       546720      2155.79
        0.78     0.999561       546720      2275.56
        0.78     0.999585       546720      2409.41
        0.78     0.999609       546720      2560.00
        0.78     0.999634       546720      2730.67
        0.78     0.999658       546781      2925.71
        0.78     0.999683       546781      3150.77
        0.78     0.999707       546781      3413.33
        0.78     0.999731       546781      3723.64
        0.78     0.999756       546781      4096.00
        0.79     0.999768       546812      4311.58
        0.79     0.999780       546812      4551.11
        0.79     0.999792       546812      4818.82
        0.79     0.999805       546812      5120.00
        0.79     0.999817       546812      5461.33
        0.80     0.999829       546827      5851.43
        0.80     0.999841       546827      6301.54
        0.81     0.999854       546833      6826.67
        0.83     0.999866       546839      7447.27
        0.88     0.999878       546846      8192.00
        0.89     0.999884       546850      8623.16
        0.92     0.999890       546854      9102.22
        1.06     0.999896       546856      9637.65
        1.52     0.999902       546859     10240.00
        1.61     0.999908       546862     10922.67
        2.37     0.999915       546866     11702.86
        2.38     0.999921       546870     12603.08
        2.42     0.999927       546872     13653.33
        2.45     0.999933       546879     14894.55
        2.45     0.999939       546879     16384.00
        2.50     0.999942       546882     17246.32
        2.50     0.999945       546882     18204.44
        2.59     0.999948       546885     19275.29
        2.61     0.999951       546889     20480.00
        2.61     0.999954       546889     21845.33
        2.61     0.999957       546889     23405.71
        2.64     0.999960       546892     25206.15
        2.64     0.999963       546892     27306.67
        2.65     0.999966       546895     29789.09
        2.67     0.999969       546896     32768.00
        2.78     0.999971       546897     34492.63
        2.78     0.999973       546897     36408.89
        2.80     0.999974       546898     38550.59
        2.83     0.999976       546899     40960.00
        3.06     0.999977       546900     43690.67
        3.57     0.999979       546901     46811.43
        3.63     0.999980       546902     50412.31
        3.63     0.999982       546902     54613.33
        3.66     0.999983       546904     59578.18
        3.66     0.999985       546904     65536.00
        3.68     0.999986       546905     68985.26
        3.68     0.999986       546905     72817.78
        3.68     0.999987       546905     77101.18
        3.71     0.999988       546907     81920.00
        3.71     0.999989       546907     87381.33
        3.71     0.999989       546907     93622.86
        3.71     0.999990       546907    100824.62
        3.71     0.999991       546907    109226.67
        3.76     0.999992       546908    119156.36
        3.76     0.999992       546908    131072.00
        3.77     0.999993       546909    137970.53
        3.77     0.999993       546909    145635.56
        3.77     0.999994       546909    154202.35
        3.77     0.999994       546909    163840.00
        3.77     0.999994       546909    174762.67
        3.79     0.999995       546910    187245.71
        3.79     0.999995       546910    201649.23
        3.79     0.999995       546910    218453.33
        3.79     0.999996       546910    238312.73
        3.79     0.999996       546910    262144.00
        3.84     0.999996       546911    275941.05
        3.84     0.999997       546911    291271.11
        3.84     0.999997       546911    308404.71
        3.84     0.999997       546911    327680.00
        3.84     0.999997       546911    349525.33
        3.84     0.999997       546911    374491.43
        3.84     0.999998       546911    403298.46
        3.84     0.999998       546911    436906.67
        3.84     0.999998       546911    476625.45
        3.84     0.999998       546911    524288.00
        3.92     0.999998       546912    551882.11
        3.92     1.000000       546912          inf
#[Mean    =        0.439, StdDeviation   =        0.103]
#[Max     =        3.919, Total count    =       546912]
#[Buckets =           20, SubBuckets     =          256]
