       Value   Percentile   TotalCount 1/(1-Percentile)

        0.19     0.000000            1         1.00
        0.41     0.050000        21800         1.05
        0.45     0.100000        43833         1.11
        0.49     0.150000        61371         1.18
        0.52     0.200000        88299         1.25
        0.53     0.250000       100597         1.33
        0.54     0.300000       128254         1.43
        0.55     0.350000       141259         1.54
        0.57     0.400000       160877         1.67
        0.59     0.450000       181061         1.82
        0.61     0.500000       197689         2.00
        0.61     0.525000       208297         2.11
        0.62     0.550000       220205         2.22
        0.63     0.575000       233436         2.35
        0.64     0.600000       247203         2.50
        0.64     0.625000       247203         2.67
        0.65     0.650000       261001         2.86
        0.66     0.675000       274310         3.08
        0.66     0.700000       274310         3.33
        0.66     0.725000       286532         3.64
        0.67     0.750000       297665         4.00
        0.68     0.762500       307341         4.21
        0.68     0.775000       307341         4.44
        0.69     0.787500       315219         4.71
        0.69     0.800000       315219         5.00
        0.69     0.812500       321370         5.33
        0.70     0.825000       325994         5.71
        0.71     0.837500       329449         6.15
        0.73     0.850000       333333         6.67
        0.79     0.862500       338071         7.27
        0.82     0.875000       344408         8.00
        0.83     0.881250       347503         8.42
        0.84     0.887500       351201         8.89
        0.84     0.893750       351201         9.41
        0.85     0.900000       355510        10.00
        0.85     0.906250       355510        10.67
        0.85     0.912500       360227        11.43
        0.85     0.918750       360227        12.31
        0.86     0.925000       365158        13.33
        0.86     0.931250       365158        14.55
        0.87     0.937500       370114        16.00
        0.87     0.940625       370114        16.84
        0.87     0.943750       370114        17.78
        0.88     0.946875       374861        18.82
        0.88     0.950000       374861        20.00
        0.88     0.953125       374861        21.33
        0.88     0.956250       374861        22.86
        0.89     0.959375       379174        24.62
        0.89     0.962500       379174        26.67
        0.89     0.965625       379174        29.09
        0.90     0.968750       382814        32.00
        0.90     0.970313       382814        33.68
        0.90     0.971875       382814        35.56
        0.90     0.973437       382814        37.65
        0.90     0.975000       382814        40.00
        0.90     0.976562       382814        42.67
        0.90     0.978125       385726        45.71
        0.90     0.979688       385726        49.23
        0.90     0.981250       385726        53.33
        0.90     0.982812       385726        58.18
        0.90     0.984375       385726        64.00
        0.91     0.985156       387755        67.37
        0.91     0.985938       387755        71.11
        0.91     0.986719       387755        75.29
        0.91     0.987500       387755        80.00
        0.91     0.988281       387755        85.33
        0.91     0.989062       387755        91.43
        0.92     0.989844       389204        98.46
        0.92     0.990625       389204       106.67
        0.92     0.991406       389204       116.36
        0.92     0.992188       389204       128.00
        0.92     0.992578       389204       134.74
        0.92     0.992969       389204       142.22
        0.93     0.993359       390142       150.59
        0.93     0.993750       390142       160.00
        0.93     0.994141       390142       170.67
        0.93     0.994531       390142       182.86
        0.93     0.994922       390142       196.92
        0.93     0.995313       390142       213.33
        0.93     0.995703       390142       232.73
        0.94     0.996094       390778       256.00
        0.94     0.996289       390778       269.47
        0.94     0.996484       390778       284.44
        0.94     0.996680       390778       301.18
        0.94     0.996875       390778       320.00
        0.94     0.997070       390778       341.33
        0.94     0.997266       390778       365.71
        0.94     0.997461       391143       393.85
        0.94     0.997656       391143       426.67
        0.94     0.997852       391143       465.45
        0.94     0.998047       391143       512.00
        0.94     0.998145       391143       538.95
        0.94     0.998242       391143       568.89
        0.95     0.998340       391382       602.35
        0.95     0.998437       391382       640.00
        0.95     0.998535       391382       682.67
        0.95     0.998633       391382       731.43
        0.95     0.998730       391382       787.69
        0.95     0.998828       391382       853.33
        0.96     0.998926       391500       930.91
        0.96     0.999023       391500      1024.00
        0.96     0.999072       391500      1077.89
        0.96     0.999121       391500      1137.78
        0.96     0.999170       391500      1204.71
        0.97     0.999219       391575      1280.00
        0.97     0.999268       391575      1365.33
        0.97     0.999316       391575      1462.86
        0.97     0.999365       391575      1575.38
        0.97     0.999414       391611      1706.67
        0.97     0.999463       391611      1861.82
        0.98     0.999512       391641      2048.00
        0.98     0.999536       391641      2155.79
        0.99     0.999561       391664      2275.56
        0.99     0.999585       391664      2409.41
        0.99     0.999609       391664      2560.00
        1.00     0.999634       391674      2730.67
        1.01     0.999658       391682      2925.71
        1.02     0.999683       391697      3150.77
        1.03     0.999707       391704      3413.33
        1.04     0.999731       391709      3723.64
        1.06     0.999756       391723      4096.00
        1.07     0.999768       391733      4311.58
        1.07     0.999780       391733      4551.11
        1.07     0.999792       391733      4818.82
        1.09     0.999805       391739      5120.00
        1.10     0.999817       391743      5461.33
        1.13     0.999829       391749      5851.43
        1.14     0.999841       391752      6301.54
        1.15     0.999854       391757      6826.67
        1.18     0.999866       391762      7447.27
        1.20     0.999878       391767      8192.00
        1.21     0.999884       391770      8623.16
        1.22     0.999890       391773      9102.22
        1.22     0.999896       391775      9637.65
        1.23     0.999902       391777     10240.00
        1.24     0.999908       391780     10922.67
        1.25     0.999915       391781     11702.86
        1.26     0.999921       391783     12603.08
        1.29     0.999927       391786     13653.33
        1.30     0.999933       391788     14894.55
        1.34     0.999939       391793     16384.00
        1.34     0.999942       391793     17246.32
        1.34     0.999945       391793     18204.44
        1.35     0.999948       391795     19275.29
        1.35     0.999951       391795     20480.00
        1.36     0.999954       391797     21845.33
        1.37     0.999957       391798     23405.71
        1.38     0.999960       391800     25206.15
        1.38     0.999963       391800     27306.67
        1.38     0.999966       391801     29789.09
        1.40     0.999969       391803     32768.00
        1.40     0.999971       391803     34492.63
        1.41     0.999973       391805     36408.89
        1.41     0.999974       391805     38550.59
        1.41     0.999976       391805     40960.00
        1.42     0.999977       391806     43690.67
        1.42     0.999979       391806     46811.43
        1.44     0.999980       391807     50412.31
        1.44     0.999982       391807     54613.33
        1.47     0.999983       391809     59578.18
        1.47     0.999985       391809     65536.00
        1.47     0.999986       391809     68985.26
        1.47     0.999986       391809     72817.78
        1.47     0.999987       391809     77101.18
        1.50     0.999988       391810     81920.00
        1.50     0.999989       391810     87381.33
        1.50     0.999989       391810     93622.86
        1.50     0.999990       391811    100824.62
        1.50     0.999991       391811    109226.67
        1.50     0.999992       391811    119156.36
        1.53     0.999992       391813    131072.00
        1.53     0.999993       391813    137970.53
        1.53     0.999993       391813    145635.56
        1.53     0.999994       391813    154202.35
        1.53     0.999994       391813    163840.00
        1.53     0.999994       391813    174762.67
        1.53     0.999995       391813    187245.71
        1.53     0.999995       391813    201649.23
        1.53     0.999995       391813    218453.33
        1.53     0.999996       391813    238312.73
        1.53     0.999996       391813    262144.00
        1.53     0.999996       391813    275941.05
        1.53     0.999997       391813    291271.11
        1.53     0.999997       391813    308404.71
        1.53     0.999997       391813    327680.00
        1.53     0.999997       391813    349525.33
        1.53     0.999997       391813    374491.43
        1.54     0.999998       391814    403298.46
        1.54     1.000000       391814          inf
#[Mean    =        0.612, StdDeviation   =        0.131]
#[Max     =        1.543, Total count    =       391814]
#[Buckets =           20, SubBuckets     =          256]
