       Value   Percentile   TotalCount 1/(1-Percentile)

        0.18     0.000000            1         1.00
        0.46     0.050000        22049         1.05
        0.48     0.100000        36283         1.11
        0.53     0.150000        54419         1.18
        0.57     0.200000        76107         1.25
        0.58     0.250000        93711         1.33
        0.60     0.300000       114605         1.43
        0.61     0.350000       124754         1.54
        0.63     0.400000       148480         1.67
        0.65     0.450000       159871         1.82
        0.67     0.500000       178108         2.00
        0.69     0.525000       195183         2.11
        0.69     0.550000       205179         2.22
        0.69     0.575000       205179         2.35
        0.70     0.600000       215697         2.50
        0.71     0.625000       226678         2.67
        0.72     0.650000       237795         2.86
        0.73     0.675000       248864         3.08
        0.73     0.700000       248864         3.33
        0.73     0.725000       259594         3.64
        0.74     0.750000       269210         4.00
        0.75     0.762500       277664         4.21
        0.75     0.775000       277664         4.44
        0.76     0.787500       284680         4.71
        0.76     0.800000       284680         5.00
        0.77     0.812500       290291         5.33
        0.78     0.825000       294718         5.71
        0.78     0.837500       297963         6.15
        0.80     0.850000       301839         6.67
        0.87     0.862500       306599         7.27
        0.91     0.875000       312597         8.00
        0.92     0.881250       314982         8.42
        0.93     0.887500       317762         8.89
        0.93     0.893750       317762         9.41
        0.94     0.900000       321117        10.00
        0.94     0.906250       324770        10.67
        0.94     0.912500       324770        11.43
        0.95     0.918750       328751        12.31
        0.95     0.925000       328751        13.33
        0.96     0.931250       332716        14.55
        0.97     0.937500       336929        16.00
        0.97     0.940625       336929        16.84
        0.97     0.943750       336929        17.78
        0.97     0.946875       336929        18.82
        0.97     0.950000       340763        20.00
        0.97     0.953125       340763        21.33
        0.97     0.956250       340763        22.86
        0.97     0.959375       340763        24.62
        0.98     0.962500       344110        26.67
        0.98     0.965625       344110        29.09
        0.98     0.968750       344110        32.00
        0.99     0.970313       347077        33.68
        0.99     0.971875       347077        35.56
        0.99     0.973437       347077        37.65
        0.99     0.975000       347077        40.00
        0.99     0.976562       347077        42.67
        1.00     0.978125       349414        45.71
        1.00     0.979688       349414        49.23
        1.00     0.981250       349414        53.33
        1.00     0.982812       349414        58.18
        1.01     0.984375       351208        64.00
        1.01     0.985156       351208        67.37
        1.01     0.985938       351208        71.11
        1.01     0.986719       351208        75.29
        1.01     0.987500       351208        80.00
        1.01     0.988281       351208        85.33
        1.01     0.989062       351208        91.43
        1.01     0.989844       352475        98.46
        1.01     0.990625       352475       106.67
        1.01     0.991406       352475       116.36
        1.01     0.992188       352475       128.00
        1.01     0.992578       352475       134.74
        1.02     0.992969       353356       142.22
        1.02     0.993359       353356       150.59
        1.02     0.993750       353356       160.00
        1.02     0.994141       353356       170.67
        1.02     0.994531       353356       182.86
        1.02     0.994922       353356       196.92
        1.03     0.995313       353968       213.33
        1.03     0.995703       353968       232.73
        1.03     0.996094       353968       256.00
        1.03     0.996289       353968       269.47
        1.03     0.996484       353968       284.44
        1.03     0.996680       353968       301.18
        1.03     0.996875       353968       320.00
        1.04     0.997070       354372       341.33
        1.04     0.997266       354372       365.71
        1.04     0.997461       354372       393.85
        1.04     0.997656       354372       426.67
        1.04     0.997852       354372       465.45
        1.05     0.998047       354623       512.00
        1.05     0.998145       354623       538.95
        1.05     0.998242       354623       568.89
        1.05     0.998340       354623       602.35
        1.05     0.998437       354623       640.00
        1.05     0.998535       354623       682.67
        1.05     0.998633       354623       731.43
        1.05     0.998730       354623       787.69
        1.05     0.998828       354785       853.33
        1.05     0.998926       354785       930.91
        1.05     0.999023       354785      1024.00
        1.05     0.999072       354785      1077.89
        1.05     0.999121       354785      1137.78
        1.05     0.999170       354785      1204.71
        1.06     0.999219       354875      1280.00
        1.06     0.999268       354875      1365.33
        1.06     0.999316       354875      1462.86
        1.06     0.999365       354875      1575.38
        1.06     0.999414       354875      1706.67
        1.07     0.999463       354939      1861.82
        1.07     0.999512       354939      2048.00
        1.07     0.999536       354939      2155.79
        1.07     0.999561       354939      2275.56
        1.07     0.999585       354939      2409.41
        1.07     0.999609       354939      2560.00
        1.08     0.999634       354971      2730.67
        1.08     0.999658       354971      2925.71
        1.08     0.999683       354971      3150.77
        1.08     0.999707       354971      3413.33
        1.09     0.999731       354992      3723.64
        1.09     0.999756       354992      4096.00
        1.09     0.999768       354992      4311.58
        1.09     0.999780       355008      4551.11
        1.09     0.999792       355008      4818.82
        1.09     0.999805       355008      5120.00
        1.09     0.999817       355008      5461.33
        1.10     0.999829       355013      5851.43
        1.11     0.999841       355019      6301.54
        1.12     0.999854       355024      6826.67
        1.13     0.999866       355029      7447.27
        1.13     0.999878       355029      8192.00
        1.14     0.999884       355035      8623.16
        1.14     0.999890       355035      9102.22
        1.14     0.999896       355037      9637.65
        1.15     0.999902       355039     10240.00
        1.16     0.999908       355040     10922.67
        1.18     0.999915       355042     11702.86
        1.18     0.999921       355045     12603.08
        1.19     0.999927       355047     13653.33
        1.20     0.999933       355051     14894.55
        1.20     0.999939       355051     16384.00
        1.21     0.999942       355052     17246.32
        1.22     0.999945       355053     18204.44
        1.22     0.999948       355054     19275.29
        1.23     0.999951       355055     20480.00
        1.24     0.999954       355056     21845.33
        1.30     0.999957       355057     23405.71
        1.32     0.999960       355058     25206.15
        1.33     0.999963       355060     27306.67
        1.35     0.999966       355061     29789.09
        1.39     0.999969       355062     32768.00
        1.39     0.999971       355062     34492.63
        1.40     0.999973       355063     36408.89
        1.40     0.999974       355063     38550.59
        1.43     0.999976       355064     40960.00
        1.43     0.999977       355064     43690.67
        1.47     0.999979       355065     46811.43
        1.47     0.999980       355065     50412.31
        1.49     0.999982       355066     54613.33
        1.57     0.999983       355067     59578.18
        1.57     0.999985       355067     65536.00
        1.57     0.999986       355067     68985.26
        1.69     0.999986       355068     72817.78
        1.69     0.999987       355068     77101.18
        1.69     0.999988       355068     81920.00
        1.69     0.999989       355068     87381.33
        1.72     0.999989       355069     93622.86
        1.72     0.999990       355069    100824.62
        1.72     0.999991       355069    109226.67
        1.81     0.999992       355070    119156.36
        1.81     0.999992       355070    131072.00
        1.81     0.999993       355070    137970.53
        1.81     0.999993       355070    145635.56
        1.81     0.999994       355070    154202.35
        1.81     0.999994       355070    163840.00
        1.81     0.999994       355070    174762.67
        2.08     0.999995       355071    187245.71
        2.08     0.999995       355071    201649.23
        2.08     0.999995       355071    218453.33
        2.08     0.999996       355071    238312.73
        2.08     0.999996       355071    262144.00
        2.08     0.999996       355071    275941.05
        2.08     0.999997       355071    291271.11
        2.08     0.999997       355071    308404.71
        2.08     0.999997       355071    327680.00
        2.08     0.999997       355071    349525.33
        2.10     0.999997       355072    374491.43
        2.10     1.000000       355072          inf
#[Mean    =        0.675, StdDeviation   =        0.148]
#[Max     =        2.095, Total count    =       355072]
#[Buckets =           20, SubBuckets     =          256]
