       Value   Percentile   TotalCount 1/(1-Percentile)

        0.07     0.000000           15         1.00
        0.17     0.050000       658320         1.05
        0.45     0.100000      1182815         1.11
        0.61     0.150000      1840140         1.18
        0.63     0.200000      2416130         1.25
        0.66     0.250000      2963720         1.33
        0.69     0.300000      3602820         1.43
        0.76     0.350000      4138335         1.54
        0.81     0.400000      4728115         1.67
        0.83     0.450000      5418585         1.82
        0.85     0.500000      6116010         2.00
        0.85     0.525000      6529890         2.11
        0.85     0.550000      6529890         2.22
        0.86     0.575000      6979450         2.35
        0.87     0.600000      7453170         2.50
        0.87     0.625000      7453170         2.67
        0.88     0.650000      7941995         2.86
        0.89     0.675000      8429250         3.08
        0.89     0.700000      8429250         3.33
        0.90     0.725000      8895720         3.64
        0.90     0.750000      8895720         4.00
        0.90     0.762500      9325245         4.21
        0.90     0.775000      9325245         4.44
        0.90     0.787500      9325245         4.71
        0.91     0.800000      9701865         5.00
        0.91     0.812500      9701865         5.33
        0.92     0.825000     10012445         5.71
        0.92     0.837500     10012445         6.15
        0.92     0.850000     10012445         6.67
        0.93     0.862500     10251880         7.27
        0.94     0.875000     10428855         8.00
        0.94     0.881250     10428855         8.42
        0.94     0.887500     10555095         8.89
        0.94     0.893750     10555095         9.41
        0.95     0.900000     10642950        10.00
        0.96     0.906250     10705410        10.67
        0.97     0.912500     10753425        11.43
        0.98     0.918750     10825155        12.31
        1.01     0.925000     10908625        13.33
        1.03     0.931250     10980030        14.55
        1.05     0.937500     11036640        16.00
        1.08     0.940625     11077290        16.84
        1.11     0.943750     11113320        17.78
        1.15     0.946875     11153070        18.82
        1.18     0.950000     11190570        20.00
        1.21     0.953125     11228750        21.33
        1.22     0.956250     11259635        22.86
        1.24     0.959375     11294835        24.62
        1.25     0.962500     11335755        26.67
        1.27     0.965625     11381025        29.09
        1.28     0.968750     11404275        32.00
        1.29     0.970313     11428600        33.68
        1.29     0.971875     11452440        35.56
        1.30     0.973437     11475875        37.65
        1.31     0.975000     11499210        40.00
        1.31     0.976562     11499210        42.67
        1.32     0.978125     11521130        45.71
        1.33     0.979688     11542430        49.23
        1.33     0.981250     11562130        53.33
        1.34     0.982812     11579625        58.18
        1.35     0.984375     11595805        64.00
        1.36     0.985156     11610120        67.37
        1.36     0.985938     11610120        71.11
        1.37     0.986719     11622080        75.29
        1.38     0.987500     11631995        80.00
        1.38     0.988281     11639910        85.33
        1.39     0.989062     11646205        91.43
        1.41     0.989844     11654275        98.46
        1.44     0.990625     11662055       106.67
        1.50     0.991406     11670825       116.36
        1.57     0.992188     11679840       128.00
        1.64     0.992578     11685015       134.74
        1.71     0.992969     11689585       142.22
        1.78     0.993359     11693875       150.59
        1.90     0.993750     11698365       160.00
        2.02     0.994141     11702885       170.67
        2.24     0.994531     11707555       182.86
        2.53     0.994922     11712130       196.92
        2.91     0.995313     11716800       213.33
        3.39     0.995703     11721225       232.73
        3.97     0.996094     11725895       256.00
        4.35     0.996289     11728175       269.47
        4.67     0.996484     11730425       284.44
        5.21     0.996680     11732850       301.18
        5.60     0.996875     11735095       320.00
        6.08     0.997070     11737300       341.33
        6.62     0.997266     11739660       365.71
        7.07     0.997461     11741985       393.85
        7.52     0.997656     11744370       426.67
        7.93     0.997852     11746585       465.45
        8.45     0.998047     11748990       512.00
        8.77     0.998145     11750005       538.95
        9.21     0.998242     11751345       568.89
        9.54     0.998340     11752360       602.35
       10.05     0.998437     11753555       640.00
       10.62     0.998535     11754540       682.67
       11.52     0.998633     11755715       731.43
       12.48     0.998730     11756890       787.69
       13.82     0.998828     11758030       853.33
       14.85     0.998926     11759265       930.91
       16.00     0.999023     11760375      1024.00
       16.25     0.999072     11760920      1077.89
       16.51     0.999121     11761775      1137.78
       16.64     0.999170     11762040      1204.71
       17.15     0.999219     11762620      1280.00
       17.79     0.999268     11763230      1365.33
       18.30     0.999316     11763870      1462.86
       18.94     0.999365     11764310      1575.38
       19.97     0.999414     11764885      1706.67
       20.35     0.999463     11765480      1861.82
       20.61     0.999512     11766130      2048.00
       20.99     0.999536     11766385      2155.79
       21.63     0.999561     11766625      2275.56
       22.40     0.999585     11766930      2409.41
       23.04     0.999609     11767250      2560.00
       23.81     0.999634     11767485      2730.67
       24.19     0.999658     11768650      2925.71
       24.19     0.999683     11768650      3150.77
       24.19     0.999707     11768650      3413.33
       24.19     0.999731     11768650      3723.64
       24.32     0.999756     11769405      4096.00
       24.32     0.999768     11769405      4311.58
       24.32     0.999780     11769405      4551.11
       24.32     0.999792     11769405      4818.82
       24.45     0.999805     11769570      5120.00
       24.57     0.999817     11769730      5461.33
       24.83     0.999829     11769785      5851.43
       25.21     0.999841     11769935      6301.54
       25.34     0.999854     11770095      6826.67
       25.60     0.999866     11770330      7447.27
       25.73     0.999878     11770450      8192.00
       25.73     0.999884     11770450      8623.16
       25.86     0.999890     11770510      9102.22
       25.98     0.999896     11770565      9637.65
       26.62     0.999902     11770675     10240.00
       26.88     0.999908     11770730     10922.67
       27.26     0.999915     11770785     11702.86
       28.16     0.999921     11770910     12603.08
       28.29     0.999927     11771075     13653.33
       28.29     0.999933     11771075     14894.55
       28.29     0.999939     11771075     16384.00
       28.41     0.999942     11771115     17246.32
       28.54     0.999945     11771190     18204.44
       28.54     0.999948     11771190     19275.29
       28.67     0.999951     11771215     20480.00
       28.80     0.999954     11771305     21845.33
       28.80     0.999957     11771305     23405.71
       28.93     0.999960     11771415     25206.15
       28.93     0.999963     11771415     27306.67
       28.93     0.999966     11771415     29789.09
       29.05     0.999969     11771425     32768.00
       29.18     0.999971     11771470     34492.63
       29.18     0.999973     11771470     36408.89
       29.31     0.999974     11771480     38550.59
       29.70     0.999976     11771505     40960.00
       29.82     0.999977     11771530     43690.67
       29.82     0.999979     11771530     46811.43
       31.36     0.999980     11771585     50412.31
       31.36     0.999982     11771585     54613.33
       31.36     0.999983     11771585     59578.18
       31.61     0.999985     11771625     65536.00
       31.61     0.999986     11771625     68985.26
       31.61     0.999986     11771625     72817.78
       32.13     0.999987     11771635     77101.18
       32.26     0.999988     11771745     81920.00
       32.26     0.999989     11771745     87381.33
       32.26     0.999989     11771745     93622.86
       32.26     0.999990     11771745    100824.62
       32.26     0.999991     11771745    109226.67
       32.26     0.999992     11771745    119156.36
       32.26     0.999992     11771745    131072.00
       32.26     0.999993     11771745    137970.53
       32.26     0.999993     11771745    145635.56
       32.26     0.999994     11771745    154202.35
       32.26     0.999994     11771745    163840.00
       32.26     0.999994     11771745    174762.67
       32.26     0.999995     11771745    187245.71
       32.26     0.999995     11771745    201649.23
       32.26     0.999995     11771745    218453.33
       32.26     0.999996     11771745    238312.73
       32.26     0.999996     11771745    262144.00
       32.26     0.999996     11771745    275941.05
       32.26     0.999997     11771745    291271.11
       32.26     0.999997     11771745    308404.71
       32.26     0.999997     11771745    327680.00
       36.09     0.999997     11771750    349525.33
       36.09     0.999997     11771750    374491.43
       36.35     0.999998     11771780    403298.46
       36.35     1.000000     11771780          inf
#[Mean    =        0.814, StdDeviation   =        0.820]
#[Max     =       36.351, Total count    =     11771780]
#[Buckets =           20, SubBuckets     =          256]
