       Value   Percentile   TotalCount 1/(1-Percentile)

        0.27     0.000000            1         1.00
        1.23     0.050000         8275         1.05
        1.27     0.100000        18094         1.11
        1.29     0.150000        26112         1.18
        1.32     0.200000        35775         1.25
        1.33     0.250000        43411         1.33
        1.35     0.300000        52029         1.43
        1.37     0.350000        61421         1.54
        1.38     0.400000        66261         1.67
        1.39     0.450000        75807         1.82
        1.41     0.500000        84839         2.00
        1.42     0.525000        89245         2.11
        1.42     0.550000        93561         2.22
        1.43     0.575000        97614         2.35
        1.44     0.600000       101656         2.50
        1.45     0.625000       105566         2.67
        1.46     0.650000       109338         2.86
        1.46     0.675000       112911         3.08
        1.47     0.700000       116312         3.33
        1.48     0.725000       119444         3.64
        1.50     0.750000       125034         4.00
        1.50     0.762500       125034         4.21
        1.50     0.775000       127423         4.44
        1.51     0.787500       129506         4.71
        1.52     0.800000       131431         5.00
        1.53     0.812500       133077         5.33
        1.54     0.825000       135670         5.71
        1.56     0.837500       137396         6.15
        1.58     0.850000       138833         6.67
        1.76     0.862500       140775         7.27
        1.86     0.875000       143110         8.00
        1.88     0.881250       143950         8.42
        1.90     0.887500       144973         8.89
        1.91     0.893750       146039         9.41
        1.93     0.900000       147133        10.00
        1.94     0.906250       148292        10.67
        1.96     0.912500       149356        11.43
        1.98     0.918750       150287        12.31
        1.99     0.925000       151101        13.33
        2.02     0.931250       152099        14.55
        2.04     0.937500       153098        16.00
        2.06     0.940625       154204        16.84
        2.06     0.943750       154204        17.78
        2.08     0.946875       155063        18.82
        2.08     0.950000       155063        20.00
        2.10     0.953125       156034        21.33
        2.11     0.956250       157134        22.86
        2.11     0.959375       157134        24.62
        2.11     0.962500       157134        26.67
        2.13     0.965625       158214        29.09
        2.13     0.968750       158214        32.00
        2.14     0.970313       159226        33.68
        2.14     0.971875       159226        35.56
        2.14     0.973437       159226        37.65
        2.14     0.975000       159226        40.00
        2.16     0.976562       160135        42.67
        2.16     0.978125       160135        45.71
        2.16     0.979688       160135        49.23
        2.17     0.981250       160976        53.33
        2.17     0.982812       160976        58.18
        2.17     0.984375       160976        64.00
        2.17     0.985156       160976        67.37
        2.17     0.985938       160976        71.11
        2.19     0.986719       161548        75.29
        2.19     0.987500       161548        80.00
        2.19     0.988281       161548        85.33
        2.19     0.989062       161548        91.43
        2.19     0.989844       161548        98.46
        2.21     0.990625       162015       106.67
        2.21     0.991406       162015       116.36
        2.21     0.992188       162015       128.00
        2.21     0.992578       162015       134.74
        2.22     0.992969       162306       142.22
        2.22     0.993359       162306       150.59
        2.22     0.993750       162306       160.00
        2.22     0.994141       162306       170.67
        2.22     0.994531       162306       182.86
        2.24     0.994922       162501       196.92
        2.24     0.995313       162501       213.33
        2.24     0.995703       162501       232.73
        2.25     0.996094       162621       256.00
        2.25     0.996289       162621       269.47
        2.27     0.996484       162710       284.44
        2.27     0.996680       162710       301.18
        2.27     0.996875       162710       320.00
        2.29     0.997070       162759       341.33
        2.29     0.997266       162759       365.71
        2.30     0.997461       162793       393.85
        2.32     0.997656       162814       426.67
        2.35     0.997852       162846       465.45
        2.42     0.998047       162878       512.00
        2.45     0.998145       162904       538.95
        2.46     0.998242       162910       568.89
        2.50     0.998340       162928       602.35
        2.53     0.998437       162950       640.00
        2.54     0.998535       162961       682.67
        2.59     0.998633       162984       731.43
        2.62     0.998730       162993       787.69
        2.69     0.998828       163009       853.33
        2.75     0.998926       163022       930.91
        2.85     0.999023       163038      1024.00
        2.90     0.999072       163045      1077.89
        2.94     0.999121       163053      1137.78
        2.99     0.999170       163062      1204.71
        3.09     0.999219       163071      1280.00
        3.12     0.999268       163079      1365.33
        3.17     0.999316       163085      1462.86
        3.21     0.999365       163095      1575.38
        3.26     0.999414       163102      1706.67
        3.34     0.999463       163109      1861.82
        3.39     0.999512       163118      2048.00
        3.41     0.999536       163121      2155.79
        3.42     0.999561       163125      2275.56
        3.44     0.999585       163134      2409.41
        3.44     0.999609       163134      2560.00
        3.46     0.999634       163140      2730.67
        3.47     0.999658       163144      2925.71
        3.49     0.999683       163147      3150.77
        3.52     0.999707       163151      3413.33
        3.54     0.999731       163153      3723.64
        3.63     0.999756       163157      4096.00
        3.66     0.999768       163159      4311.58
        3.81     0.999780       163162      4551.11
        3.87     0.999792       163163      4818.82
        3.94     0.999805       163165      5120.00
        3.98     0.999817       163167      5461.33
        4.00     0.999829       163169      5851.43
        4.03     0.999841       163171      6301.54
        4.16     0.999854       163175      6826.67
        4.16     0.999866       163175      7447.27
        4.19     0.999878       163178      8192.00
        4.19     0.999884       163178      8623.16
        4.25     0.999890       163179      9102.22
        4.29     0.999896       163180      9637.65
        4.96     0.999902       163182     10240.00
        4.96     0.999908       163182     10922.67
        4.99     0.999915       163183     11702.86
        5.02     0.999921       163184     12603.08
        5.12     0.999927       163185     13653.33
        5.15     0.999933       163187     14894.55
        5.15     0.999939       163187     16384.00
        5.15     0.999942       163187     17246.32
        5.44     0.999945       163188     18204.44
        5.44     0.999948       163188     19275.29
        9.09     0.999951       163189     20480.00
        9.09     0.999954       163189     21845.33
        9.21     0.999957       163190     23405.71
        9.21     0.999960       163190     25206.15
        9.79     0.999963       163191     27306.67
        9.79     0.999966       163191     29789.09
        9.92     0.999969       163192     32768.00
        9.92     0.999971       163192     34492.63
        9.92     0.999973       163192     36408.89
        9.92     0.999974       163192     38550.59
       11.07     0.999976       163193     40960.00
       11.07     0.999977       163193     43690.67
       11.07     0.999979       163193     46811.43
       11.07     0.999980       163193     50412.31
       11.65     0.999982       163194     54613.33
       11.65     0.999983       163194     59578.18
       11.65     0.999985       163194     65536.00
       11.65     0.999986       163194     68985.26
       11.65     0.999986       163194     72817.78
       11.65     0.999987       163194     77101.18
       11.84     0.999988       163195     81920.00
       11.84     0.999989       163195     87381.33
       11.84     0.999989       163195     93622.86
       11.84     0.999990       163195    100824.62
       11.84     0.999991       163195    109226.67
       11.84     0.999992       163195    119156.36
       11.84     0.999992       163195    131072.00
       11.84     0.999993       163195    137970.53
       11.84     0.999993       163195    145635.56
       11.84     0.999994       163195    154202.35
       12.03     0.999994       163196    163840.00
       12.03     1.000000       163196          inf
#[Mean    =        1.470, StdDeviation   =        0.260]
#[Max     =       12.031, Total count    =       163196]
#[Buckets =           20, SubBuckets     =          256]
