       Value   Percentile   TotalCount 1/(1-Percentile)

        0.15     0.000000            2         1.00
        0.36     0.050000        30217         1.05
        0.38     0.100000        78288         1.11
        0.38     0.150000       118803         1.18
        0.38     0.200000       118803         1.25
        0.39     0.250000       171426         1.33
        0.40     0.300000       233526         1.43
        0.40     0.350000       233526         1.54
        0.41     0.400000       300567         1.67
        0.41     0.450000       300567         1.82
        0.41     0.500000       300567         2.00
        0.41     0.525000       365826         2.11
        0.41     0.550000       365826         2.22
        0.41     0.575000       365826         2.35
        0.41     0.600000       365826         2.50
        0.42     0.625000       423569         2.67
        0.42     0.650000       423569         2.86
        0.42     0.675000       423569         3.08
        0.42     0.700000       423569         3.33
        0.43     0.725000       471429         3.64
        0.43     0.750000       471429         4.00
        0.43     0.762500       471429         4.21
        0.43     0.775000       471429         4.44
        0.43     0.787500       471429         4.71
        0.43     0.800000       471429         5.00
        0.44     0.812500       508763         5.33
        0.44     0.825000       508763         5.71
        0.44     0.837500       508763         6.15
        0.44     0.850000       508763         6.67
        0.44     0.862500       508763         7.27
        0.45     0.875000       536791         8.00
        0.45     0.881250       536791         8.42
        0.45     0.887500       536791         8.89
        0.45     0.893750       536791         9.41
        0.45     0.900000       536791        10.00
        0.45     0.906250       536791        10.67
        0.45     0.912500       536791        11.43
        0.46     0.918750       556343        12.31
        0.46     0.925000       556343        13.33
        0.46     0.931250       556343        14.55
        0.46     0.937500       556343        16.00
        0.46     0.940625       556343        16.84
        0.46     0.943750       556343        17.78
        0.46     0.946875       569205        18.82
        0.46     0.950000       569205        20.00
        0.46     0.953125       569205        21.33
        0.46     0.956250       569205        22.86
        0.46     0.959375       569205        24.62
        0.46     0.962500       569205        26.67
        0.46     0.965625       569205        29.09
        0.47     0.968750       577159        32.00
        0.47     0.970313       577159        33.68
        0.47     0.971875       577159        35.56
        0.47     0.973437       577159        37.65
        0.47     0.975000       577159        40.00
        0.47     0.976562       577159        42.67
        0.47     0.978125       577159        45.71
        0.47     0.979688       577159        49.23
        0.47     0.981250       577159        53.33
        0.48     0.982812       581669        58.18
        0.48     0.984375       581669        64.00
        0.48     0.985156       581669        67.37
        0.48     0.985938       581669        71.11
        0.48     0.986719       581669        75.29
        0.48     0.987500       581669        80.00
        0.48     0.988281       581669        85.33
        0.48     0.989062       581669        91.43
        0.49     0.989844       584224        98.46
        0.49     0.990625       584224       106.67
        0.49     0.991406       584224       116.36
        0.49     0.992188       584224       128.00
        0.49     0.992578       584224       134.74
        0.49     0.992969       584224       142.22
        0.49     0.993359       584224       150.59
        0.49     0.993750       584224       160.00
        0.49     0.994141       584224       170.67
        0.49     0.994531       585552       182.86
        0.49     0.994922       585552       196.92
        0.49     0.995313       585552       213.33
        0.49     0.995703       585552       232.73
        0.49     0.996094       585552       256.00
        0.49     0.996289       585552       269.47
        0.50     0.996484       586249       284.44
        0.50     0.996680       586249       301.18
        0.50     0.996875       586249       320.00
        0.50     0.997070       586249       341.33
        0.50     0.997266       586249       365.71
        0.50     0.997461       586249       393.85
        0.51     0.997656       586635       426.67
        0.51     0.997852       586635       465.45
        0.51     0.998047       586635       512.00
        0.51     0.998145       586635       538.95
        0.51     0.998242       586635       568.89
        0.52     0.998340       586862       602.35
        0.52     0.998437       586862       640.00
        0.52     0.998535       586862       682.67
        0.52     0.998633       586862       731.43
        0.53     0.998730       587025       787.69
        0.53     0.998828       587025       853.33
        0.53     0.998926       587025       930.91
        0.54     0.999023       587105      1024.00
        0.54     0.999072       587105      1077.89
        0.54     0.999121       587154      1137.78
        0.55     0.999170       587187      1204.71
        0.55     0.999219       587187      1280.00
        0.57     0.999268       587235      1365.33
        0.57     0.999316       587254      1462.86
        0.59     0.999365       587282      1575.38
        0.61     0.999414       587317      1706.67
        0.61     0.999463       587332      1861.82
        0.65     0.999512       587363      2048.00
        0.66     0.999536       587375      2155.79
        0.68     0.999561       587388      2275.56
        0.70     0.999585       587409      2409.41
        0.72     0.999609       587417      2560.00
        0.74     0.999634       587438      2730.67
        0.75     0.999658       587446      2925.71
        0.77     0.999683       587468      3150.77
        0.78     0.999707       587482      3413.33
        0.79     0.999731       587494      3723.64
        0.81     0.999756       587505      4096.00
        0.82     0.999768       587514      4311.58
        0.83     0.999780       587519      4551.11
        0.87     0.999792       587525      4818.82
        0.90     0.999805       587533      5120.00
        0.91     0.999817       587545      5461.33
        0.92     0.999829       587553      5851.43
        0.92     0.999841       587553      6301.54
        0.93     0.999854       587561      6826.67
        0.94     0.999866       587574      7447.27
        0.94     0.999878       587586      8192.00
        0.94     0.999884       587586      8623.16
        0.94     0.999890       587586      9102.22
        0.94     0.999896       587586      9637.65
        0.95     0.999902       587596     10240.00
        0.95     0.999908       587596     10922.67
        0.95     0.999915       587596     11702.86
        0.96     0.999921       587603     12603.08
        0.96     0.999927       587603     13653.33
        0.97     0.999933       587609     14894.55
        0.97     0.999939       587621     16384.00
        0.97     0.999942       587621     17246.32
        0.97     0.999945       587621     18204.44
        0.97     0.999948       587621     19275.29
        0.97     0.999951       587621     20480.00
        0.97     0.999954       587621     21845.33
        0.97     0.999957       587621     23405.71
        0.98     0.999960       587627     25206.15
        0.98     0.999963       587627     27306.67
        0.98     0.999966       587627     29789.09
        0.99     0.999969       587630     32768.00
        0.99     0.999971       587630     34492.63
        0.99     0.999973       587630     36408.89
        1.00     0.999974       587637     38550.59
        1.00     0.999976       587637     40960.00
        1.00     0.999977       587637     43690.67
        1.00     0.999979       587637     46811.43
        1.00     0.999980       587637     50412.31
        1.00     0.999982       587637     54613.33
        1.00     0.999983       587637     59578.18
        1.01     0.999985       587638     65536.00
        1.01     0.999986       587638     68985.26
        1.01     0.999986       587638     72817.78
        1.01     0.999987       587641     77101.18
        1.01     0.999988       587641     81920.00
        1.01     0.999989       587641     87381.33
        1.01     0.999989       587641     93622.86
        1.01     0.999990       587641    100824.62
        1.01     0.999991       587641    109226.67
        1.02     0.999992       587642    119156.36
        1.02     0.999992       587642    131072.00
        1.02     0.999993       587642    137970.53
        1.02     0.999993       587642    145635.56
        1.03     0.999994       587643    154202.35
        1.03     0.999994       587643    163840.00
        1.03     0.999994       587643    174762.67
        1.03     0.999995       587643    187245.71
        1.05     0.999995       587644    201649.23
        1.05     0.999995       587644    218453.33
        1.05     0.999996       587644    238312.73
        1.05     0.999996       587644    262144.00
        1.05     0.999996       587644    275941.05
        1.05     0.999997       587644    291271.11
        1.07     0.999997       587645    308404.71
        1.07     0.999997       587645    327680.00
        1.07     0.999997       587645    349525.33
        1.07     0.999997       587645    374491.43
        1.07     0.999998       587645    403298.46
        1.07     0.999998       587645    436906.67
        1.07     0.999998       587645    476625.45
        1.07     0.999998       587645    524288.00
        1.07     0.999998       587645    551882.11
        1.07     0.999998       587645    582542.22
        1.19     0.999998       587646    616809.41
        1.19     1.000000       587646          inf
#[Mean    =        0.408, StdDeviation   =        0.032]
#[Max     =        1.191, Total count    =       587646]
#[Buckets =           20, SubBuckets     =          256]
