       Value   Percentile   TotalCount 1/(1-Percentile)

        0.17     0.000000            2         1.00
        0.26     0.050000        48736         1.05
        0.27     0.100000        69986         1.11
        0.31     0.150000        97689         1.18
        0.33     0.200000       133656         1.25
        0.34     0.250000       162141         1.33
        0.34     0.300000       190944         1.43
        0.35     0.350000       220180         1.54
        0.37     0.400000       259352         1.67
        0.38     0.450000       296030         1.82
        0.39     0.500000       330258         2.00
        0.39     0.525000       330258         2.11
        0.40     0.550000       371151         2.22
        0.40     0.575000       371151         2.35
        0.40     0.600000       371151         2.50
        0.41     0.625000       412446         2.67
        0.41     0.650000       412446         2.86
        0.41     0.675000       450755         3.08
        0.41     0.700000       450755         3.33
        0.41     0.725000       450755         3.64
        0.42     0.750000       482312         4.00
        0.42     0.762500       482312         4.21
        0.42     0.775000       482312         4.44
        0.43     0.787500       502490         4.71
        0.43     0.800000       502490         5.00
        0.43     0.812500       502490         5.33
        0.44     0.825000       512812         5.71
        0.45     0.837500       517925         6.15
        0.47     0.850000       524478         6.67
        0.54     0.862500       532357         7.27
        0.55     0.875000       547317         8.00
        0.55     0.881250       547317         8.42
        0.55     0.887500       547317         8.89
        0.56     0.893750       561491         9.41
        0.56     0.900000       561491        10.00
        0.56     0.906250       561491        10.67
        0.57     0.912500       577424        11.43
        0.57     0.918750       577424        12.31
        0.57     0.925000       577424        13.33
        0.57     0.931250       577424        14.55
        0.57     0.937500       577424        16.00
        0.57     0.940625       591971        16.84
        0.57     0.943750       591971        17.78
        0.57     0.946875       591971        18.82
        0.57     0.950000       591971        20.00
        0.57     0.953125       591971        21.33
        0.57     0.956250       591971        22.86
        0.57     0.959375       591971        24.62
        0.58     0.962500       601934        26.67
        0.58     0.965625       601934        29.09
        0.58     0.968750       601934        32.00
        0.58     0.970313       601934        33.68
        0.58     0.971875       601934        35.56
        0.58     0.973437       601934        37.65
        0.58     0.975000       601934        40.00
        0.58     0.976562       601934        42.67
        0.59     0.978125       607453        45.71
        0.59     0.979688       607453        49.23
        0.59     0.981250       607453        53.33
        0.59     0.982812       607453        58.18
        0.59     0.984375       607453        64.00
        0.59     0.985156       607453        67.37
        0.59     0.985938       607453        71.11
        0.59     0.986719       607453        75.29
        0.60     0.987500       610174        80.00
        0.60     0.988281       610174        85.33
        0.60     0.989062       610174        91.43
        0.60     0.989844       610174        98.46
        0.60     0.990625       610174       106.67
        0.60     0.991406       610174       116.36
        0.61     0.992188       611554       128.00
        0.61     0.992578       611554       134.74
        0.61     0.992969       611554       142.22
        0.61     0.993359       611554       150.59
        0.61     0.993750       612339       160.00
        0.61     0.994141       612339       170.67
        0.61     0.994531       612339       182.86
        0.61     0.994922       612339       196.92
        0.62     0.995313       612950       213.33
        0.62     0.995703       612950       232.73
        0.63     0.996094       613433       256.00
        0.63     0.996289       613433       269.47
        0.63     0.996484       613433       284.44
        0.63     0.996680       613433       301.18
        0.64     0.996875       613787       320.00
        0.64     0.997070       613787       341.33
        0.64     0.997266       613787       365.71
        0.65     0.997461       614093       393.85
        0.65     0.997656       614093       426.67
        0.66     0.997852       614333       465.45
        0.66     0.998047       614333       512.00
        0.66     0.998145       614333       538.95
        0.66     0.998242       614570       568.89
        0.66     0.998340       614570       602.35
        0.66     0.998437       614570       640.00
        0.66     0.998535       614570       682.67
        0.67     0.998633       614759       731.43
        0.67     0.998730       614759       787.69
        0.67     0.998828       614759       853.33
        0.68     0.998926       614927       930.91
        0.68     0.999023       614927      1024.00
        0.68     0.999072       614927      1077.89
        0.68     0.999121       614927      1137.78
        0.68     0.999170       614927      1204.71
        0.69     0.999219       615069      1280.00
        0.69     0.999268       615069      1365.33
        0.69     0.999316       615069      1462.86
        0.69     0.999365       615069      1575.38
        0.69     0.999414       615182      1706.67
        0.69     0.999463       615182      1861.82
        0.69     0.999512       615182      2048.00
        0.69     0.999536       615182      2155.79
        0.69     0.999561       615182      2275.56
        0.69     0.999585       615182      2409.41
        0.70     0.999609       615249      2560.00
        0.70     0.999634       615249      2730.67
        0.70     0.999658       615249      2925.71
        0.70     0.999683       615249      3150.77
        0.71     0.999707       615305      3413.33
        0.71     0.999731       615305      3723.64
        0.71     0.999756       615305      4096.00
        0.71     0.999768       615305      4311.58
        0.71     0.999780       615305      4551.11
        0.71     0.999792       615305      4818.82
        0.72     0.999805       615329      5120.00
        0.72     0.999817       615329      5461.33
        0.72     0.999829       615329      5851.43
        0.73     0.999841       615347      6301.54
        0.73     0.999854       615347      6826.67
        0.73     0.999866       615352      7447.27
        0.74     0.999878       615357      8192.00
        0.76     0.999884       615359      8623.16
        0.77     0.999890       615363      9102.22
        0.78     0.999896       615368      9637.65
        0.80     0.999902       615370     10240.00
        0.85     0.999908       615374     10922.67
        0.97     0.999915       615378     11702.86
        1.35     0.999921       615382     12603.08
        1.55     0.999927       615385     13653.33
        2.35     0.999933       615389     14894.55
        2.43     0.999939       615394     16384.00
        2.45     0.999942       615395     17246.32
        2.46     0.999945       615397     18204.44
        2.51     0.999948       615399     19275.29
        2.53     0.999951       615400     20480.00
        2.58     0.999954       615402     21845.33
        2.61     0.999957       615404     23405.71
        2.80     0.999960       615406     25206.15
        2.91     0.999963       615408     27306.67
        3.01     0.999966       615411     29789.09
        3.04     0.999969       615412     32768.00
        3.07     0.999971       615413     34492.63
        3.09     0.999973       615414     36408.89
        3.12     0.999974       615415     38550.59
        3.12     0.999976       615415     40960.00
        3.23     0.999977       615416     43690.67
        3.25     0.999979       615417     46811.43
        3.28     0.999980       615418     50412.31
        3.31     0.999982       615419     54613.33
        3.33     0.999983       615421     59578.18
        3.33     0.999985       615421     65536.00
        3.34     0.999986       615422     68985.26
        3.34     0.999986       615422     72817.78
        3.38     0.999987       615424     77101.18
        3.38     0.999988       615424     81920.00
        3.38     0.999989       615424     87381.33
        3.38     0.999989       615424     93622.86
        3.38     0.999990       615424    100824.62
        3.49     0.999991       615426    109226.67
        3.49     0.999992       615426    119156.36
        3.49     0.999992       615426    131072.00
        3.49     0.999993       615426    137970.53
        3.49     0.999993       615426    145635.56
        3.50     0.999994       615427    154202.35
        3.50     0.999994       615427    163840.00
        3.50     0.999994       615427    174762.67
        3.50     0.999995       615427    187245.71
        3.50     0.999995       615427    201649.23
        3.71     0.999995       615429    218453.33
        3.71     0.999996       615429    238312.73
        3.71     0.999996       615429    262144.00
        3.71     0.999996       615429    275941.05
        3.71     0.999997       615429    291271.11
        3.71     0.999997       615429    308404.71
        3.71     0.999997       615429    327680.00
        3.71     0.999997       615429    349525.33
        3.71     0.999997       615429    374491.43
        3.71     0.999998       615429    403298.46
        3.71     0.999998       615429    436906.67
        3.71     0.999998       615429    476625.45
        3.71     0.999998       615429    524288.00
        3.71     0.999998       615429    551882.11
        3.71     0.999998       615429    582542.22
        3.73     0.999998       615430    616809.41
        3.73     1.000000       615430          inf
#[Mean    =        0.390, StdDeviation   =        0.092]
#[Max     =        3.727, Total count    =       615430]
#[Buckets =           20, SubBuckets     =          256]
