       Value   Percentile   TotalCount 1/(1-Percentile)

        0.25     0.000000            1         1.00
        1.23     0.050000         8730         1.05
        1.26     0.100000        16735         1.11
        1.29     0.150000        24705         1.18
        1.31     0.200000        34136         1.25
        1.33     0.250000        41222         1.33
        1.34     0.300000        49055         1.43
        1.36     0.350000        57932         1.54
        1.38     0.400000        67154         1.67
        1.39     0.450000        76438         1.82
        1.41     0.500000        85357         2.00
        1.42     0.525000        89637         2.11
        1.42     0.550000        93869         2.22
        1.43     0.575000        97948         2.35
        1.44     0.600000       101999         2.50
        1.45     0.625000       105845         2.67
        1.46     0.650000       109466         2.86
        1.46     0.675000       113067         3.08
        1.47     0.700000       116493         3.33
        1.48     0.725000       119649         3.64
        1.50     0.750000       125125         4.00
        1.50     0.762500       125125         4.21
        1.50     0.775000       127534         4.44
        1.51     0.787500       129693         4.71
        1.52     0.800000       131624         5.00
        1.53     0.812500       133324         5.33
        1.54     0.825000       135879         5.71
        1.56     0.837500       137609         6.15
        1.58     0.850000       139019         6.67
        1.73     0.862500       140959         7.27
        1.85     0.875000       143256         8.00
        1.87     0.881250       144314         8.42
        1.89     0.887500       145274         8.89
        1.90     0.893750       146305         9.41
        1.92     0.900000       147507        10.00
        1.93     0.906250       148118        10.67
        1.94     0.912500       149286        11.43
        1.96     0.918750       150332        12.31
        1.98     0.925000       151239        13.33
        2.00     0.931250       152336        14.55
        2.03     0.937500       153424        16.00
        2.05     0.940625       153991        16.84
        2.06     0.943750       154628        17.78
        2.08     0.946875       155405        18.82
        2.08     0.950000       155405        20.00
        2.10     0.953125       156283        21.33
        2.10     0.956250       156283        22.86
        2.11     0.959375       157289        24.62
        2.13     0.962500       158309        26.67
        2.13     0.965625       158309        29.09
        2.14     0.968750       159335        32.00
        2.14     0.970313       159335        33.68
        2.14     0.971875       159335        35.56
        2.14     0.973437       159335        37.65
        2.16     0.975000       160282        40.00
        2.16     0.976562       160282        42.67
        2.16     0.978125       160282        45.71
        2.16     0.979688       160282        49.23
        2.17     0.981250       161112        53.33
        2.17     0.982812       161112        58.18
        2.17     0.984375       161112        64.00
        2.17     0.985156       161112        67.37
        2.19     0.985938       161741        71.11
        2.19     0.986719       161741        75.29
        2.19     0.987500       161741        80.00
        2.19     0.988281       161741        85.33
        2.19     0.989062       161741        91.43
        2.21     0.989844       162215        98.46
        2.21     0.990625       162215       106.67
        2.21     0.991406       162215       116.36
        2.21     0.992188       162215       128.00
        2.21     0.992578       162215       134.74
        2.22     0.992969       162537       142.22
        2.22     0.993359       162537       150.59
        2.22     0.993750       162537       160.00
        2.22     0.994141       162537       170.67
        2.22     0.994531       162537       182.86
        2.24     0.994922       162737       196.92
        2.24     0.995313       162737       213.33
        2.24     0.995703       162737       232.73
        2.25     0.996094       162857       256.00
        2.25     0.996289       162857       269.47
        2.25     0.996484       162857       284.44
        2.27     0.996680       162928       301.18
        2.27     0.996875       162928       320.00
        2.29     0.997070       162973       341.33
        2.30     0.997266       163008       365.71
        2.32     0.997461       163023       393.85
        2.33     0.997656       163045       426.67
        2.37     0.997852       163087       465.45
        2.40     0.998047       163110       512.00
        2.42     0.998145       163120       538.95
        2.45     0.998242       163138       568.89
        2.48     0.998340       163155       602.35
        2.54     0.998437       163172       640.00
        2.59     0.998535       163185       682.67
        2.64     0.998633       163201       731.43
        2.70     0.998730       163217       787.69
        2.73     0.998828       163234       853.33
        2.80     0.998926       163254       930.91
        2.85     0.999023       163265      1024.00
        2.88     0.999072       163272      1077.89
        2.90     0.999121       163280      1137.78
        2.94     0.999170       163289      1204.71
        2.99     0.999219       163296      1280.00
        3.04     0.999268       163305      1365.33
        3.09     0.999316       163313      1462.86
        3.15     0.999365       163321      1575.38
        3.21     0.999414       163330      1706.67
        3.26     0.999463       163337      1861.82
        3.33     0.999512       163349      2048.00
        3.33     0.999536       163349      2155.79
        3.36     0.999561       163354      2275.56
        3.41     0.999585       163357      2409.41
        3.42     0.999609       163360      2560.00
        3.46     0.999634       163368      2730.67
        3.46     0.999658       163368      2925.71
        3.49     0.999683       163375      3150.77
        3.50     0.999707       163376      3413.33
        3.54     0.999731       163380      3723.64
        3.60     0.999756       163386      4096.00
        3.60     0.999768       163386      4311.58
        3.63     0.999780       163388      4551.11
        3.66     0.999792       163390      4818.82
        3.76     0.999805       163392      5120.00
        3.82     0.999817       163394      5461.33
        3.84     0.999829       163396      5851.43
        4.03     0.999841       163398      6301.54
        4.13     0.999854       163400      6826.67
        4.19     0.999866       163402      7447.27
        4.42     0.999878       163404      8192.00
        4.74     0.999884       163405      8623.16
        4.77     0.999890       163407      9102.22
        4.77     0.999896       163407      9637.65
        4.83     0.999902       163408     10240.00
        4.93     0.999908       163409     10922.67
        5.02     0.999915       163410     11702.86
        5.50     0.999921       163411     12603.08
        8.83     0.999927       163412     13653.33
        9.09     0.999933       163413     14894.55
        9.47     0.999939       163414     16384.00
        9.47     0.999942       163414     17246.32
        9.54     0.999945       163415     18204.44
        9.54     0.999948       163415     19275.29
        9.60     0.999951       163416     20480.00
        9.60     0.999954       163416     21845.33
        9.73     0.999957       163417     23405.71
        9.73     0.999960       163417     25206.15
        9.86     0.999963       163418     27306.67
        9.86     0.999966       163418     29789.09
        9.98     0.999969       163420     32768.00
        9.98     0.999971       163420     34492.63
        9.98     0.999973       163420     36408.89
        9.98     0.999974       163420     38550.59
        9.98     0.999976       163420     40960.00
        9.98     0.999977       163420     43690.67
        9.98     0.999979       163420     46811.43
        9.98     0.999980       163420     50412.31
       10.30     0.999982       163421     54613.33
       10.30     0.999983       163421     59578.18
       10.30     0.999985       163421     65536.00
       10.30     0.999986       163421     68985.26
       10.30     0.999986       163421     72817.78
       10.30     0.999987       163421     77101.18
       10.37     0.999988       163422     81920.00
       10.37     0.999989       163422     87381.33
       10.37     0.999989       163422     93622.86
       10.37     0.999990       163422    100824.62
       10.37     0.999991       163422    109226.67
       10.37     0.999992       163422    119156.36
       10.37     0.999992       163422    131072.00
       10.37     0.999993       163422    137970.53
       10.37     0.999993       163422    145635.56
       10.37     0.999994       163422    154202.35
       10.88     0.999994       163423    163840.00
       10.88     1.000000       163423          inf
#[Mean    =        1.468, StdDeviation   =        0.259]
#[Max     =       10.879, Total count    =       163423]
#[Buckets =           20, SubBuckets     =          256]
