       Value   Percentile   TotalCount 1/(1-Percentile)

        0.26     0.000000            1         1.00
        1.24     0.050000         8133         1.05
        1.28     0.100000        17710         1.11
        1.30     0.150000        25639         1.18
        1.33     0.200000        35224         1.25
        1.34     0.250000        42688         1.33
        1.36     0.300000        51030         1.43
        1.38     0.350000        59989         1.54
        1.39     0.400000        69087         1.67
        1.40     0.450000        73755         1.82
        1.42     0.500000        82999         2.00
        1.42     0.525000        87367         2.11
        1.43     0.550000        91640         2.22
        1.44     0.575000        95796         2.35
        1.45     0.600000        99785         2.50
        1.46     0.625000       103680         2.67
        1.46     0.650000       107462         2.86
        1.47     0.675000       111020         3.08
        1.48     0.700000       114359         3.33
        1.49     0.725000       117501         3.64
        1.50     0.750000       123135         4.00
        1.51     0.762500       125570         4.21
        1.52     0.775000       127768         4.44
        1.52     0.787500       127768         4.71
        1.53     0.800000       129654         5.00
        1.54     0.812500       132793         5.33
        1.55     0.825000       134087         5.71
        1.57     0.837500       136000         6.15
        1.60     0.850000       137926         6.67
        1.77     0.862500       139790         7.27
        1.87     0.875000       142063         8.00
        1.90     0.881250       143258         8.42
        1.91     0.887500       144240         8.89
        1.93     0.893750       145297         9.41
        1.94     0.900000       146420        10.00
        1.95     0.906250       146998        10.67
        1.97     0.912500       148076        11.43
        1.98     0.918750       149146        12.31
        2.00     0.925000       150050        13.33
        2.02     0.931250       151218        14.55
        2.05     0.937500       152215        16.00
        2.06     0.940625       152869        16.84
        2.08     0.943750       153577        17.78
        2.08     0.946875       153577        18.82
        2.10     0.950000       154394        20.00
        2.11     0.953125       155303        21.33
        2.11     0.956250       155303        22.86
        2.13     0.959375       156249        24.62
        2.13     0.962500       156249        26.67
        2.14     0.965625       157236        29.09
        2.14     0.968750       157236        32.00
        2.16     0.970313       158172        33.68
        2.16     0.971875       158172        35.56
        2.16     0.973437       158172        37.65
        2.16     0.975000       158172        40.00
        2.17     0.976562       159060        42.67
        2.17     0.978125       159060        45.71
        2.17     0.979688       159060        49.23
        2.17     0.981250       159060        53.33
        2.19     0.982812       159767        58.18
        2.19     0.984375       159767        64.00
        2.19     0.985156       159767        67.37
        2.21     0.985938       160408        71.11
        2.21     0.986719       160408        75.29
        2.21     0.987500       160408        80.00
        2.21     0.988281       160408        85.33
        2.21     0.989062       160408        91.43
        2.22     0.989844       160872        98.46
        2.22     0.990625       160872       106.67
        2.22     0.991406       160872       116.36
        2.22     0.992188       160872       128.00
        2.22     0.992578       160872       134.74
        2.24     0.992969       161171       142.22
        2.24     0.993359       161171       150.59
        2.24     0.993750       161171       160.00
        2.24     0.994141       161171       170.67
        2.25     0.994531       161359       182.86
        2.25     0.994922       161359       196.92
        2.25     0.995313       161359       213.33
        2.27     0.995703       161489       232.73
        2.27     0.996094       161489       256.00
        2.27     0.996289       161489       269.47
        2.29     0.996484       161559       284.44
        2.29     0.996680       161559       301.18
        2.29     0.996875       161559       320.00
        2.30     0.997070       161597       341.33
        2.32     0.997266       161631       365.71
        2.33     0.997461       161658       393.85
        2.37     0.997656       161686       426.67
        2.42     0.997852       161720       465.45
        2.46     0.998047       161750       512.00
        2.48     0.998145       161761       538.95
        2.51     0.998242       161775       568.89
        2.56     0.998340       161791       602.35
        2.59     0.998437       161807       640.00
        2.62     0.998535       161823       682.67
        2.67     0.998633       161838       731.43
        2.70     0.998730       161854       787.69
        2.78     0.998828       161876       853.33
        2.83     0.998926       161892       930.91
        2.90     0.999023       161906      1024.00
        2.91     0.999072       161909      1077.89
        2.94     0.999121       161917      1137.78
        3.01     0.999170       161925      1204.71
        3.12     0.999219       161933      1280.00
        3.21     0.999268       161941      1365.33
        3.28     0.999316       161950      1462.86
        3.31     0.999365       161957      1575.38
        3.38     0.999414       161967      1706.67
        3.39     0.999463       161972      1861.82
        3.42     0.999512       161982      2048.00
        3.44     0.999536       161984      2155.79
        3.49     0.999561       161991      2275.56
        3.50     0.999585       161992      2409.41
        3.55     0.999609       161997      2560.00
        3.58     0.999634       162002      2730.67
        3.60     0.999658       162004      2925.71
        3.66     0.999683       162008      3150.77
        3.79     0.999707       162012      3413.33
        4.00     0.999731       162017      3723.64
        4.06     0.999756       162022      4096.00
        4.06     0.999768       162022      4311.58
        4.13     0.999780       162025      4551.11
        4.16     0.999792       162027      4818.82
        4.19     0.999805       162028      5120.00
        4.25     0.999817       162030      5461.33
        4.80     0.999829       162032      5851.43
        5.50     0.999841       162034      6301.54
        5.63     0.999854       162036      6826.67
        5.76     0.999866       162038      7447.27
        7.90     0.999878       162040      8192.00
        8.19     0.999884       162041      8623.16
        8.32     0.999890       162042      9102.22
        8.51     0.999896       162043      9637.65
        8.70     0.999902       162045     10240.00
        8.70     0.999908       162045     10922.67
        8.77     0.999915       162046     11702.86
        8.89     0.999921       162048     12603.08
        8.89     0.999927       162048     13653.33
        9.09     0.999933       162050     14894.55
        9.09     0.999939       162050     16384.00
        9.09     0.999942       162050     17246.32
        9.28     0.999945       162051     18204.44
        9.28     0.999948       162051     19275.29
        9.41     0.999951       162054     20480.00
        9.41     0.999954       162054     21845.33
        9.41     0.999957       162054     23405.71
        9.41     0.999960       162054     25206.15
        9.41     0.999963       162054     27306.67
        9.41     0.999966       162054     29789.09
        9.92     0.999969       162055     32768.00
        9.92     0.999971       162055     34492.63
        9.92     0.999973       162055     36408.89
        9.92     0.999974       162055     38550.59
        9.98     0.999976       162056     40960.00
        9.98     0.999977       162056     43690.67
        9.98     0.999979       162056     46811.43
        9.98     0.999980       162056     50412.31
       10.62     0.999982       162057     54613.33
       10.62     0.999983       162057     59578.18
       10.62     0.999985       162057     65536.00
       10.62     0.999986       162057     68985.26
       10.62     0.999986       162057     72817.78
       10.62     0.999987       162057     77101.18
       10.94     0.999988       162058     81920.00
       10.94     0.999989       162058     87381.33
       10.94     0.999989       162058     93622.86
       10.94     0.999990       162058    100824.62
       10.94     0.999991       162058    109226.67
       10.94     0.999992       162058    119156.36
       10.94     0.999992       162058    131072.00
       10.94     0.999993       162058    137970.53
       10.94     0.999993       162058    145635.56
       10.94     0.999994       162058    154202.35
       12.10     0.999994       162059    163840.00
       12.10     1.000000       162059          inf
#[Mean    =        1.480, StdDeviation   =        0.268]
#[Max     =       12.095, Total count    =       162059]
#[Buckets =           20, SubBuckets     =          256]
