       Value   Percentile   TotalCount 1/(1-Percentile)

        0.20     0.000000            1         1.00
        0.33     0.050000        44255         1.05
        0.34     0.100000        79402         1.11
        0.34     0.150000       133174         1.18
        0.34     0.200000       133174         1.25
        0.35     0.250000       203675         1.33
        0.35     0.300000       203675         1.43
        0.36     0.350000       286587         1.54
        0.36     0.400000       286587         1.67
        0.37     0.450000       372196         1.82
        0.37     0.500000       372196         2.00
        0.37     0.525000       372196         2.11
        0.37     0.550000       372196         2.22
        0.38     0.575000       450291         2.35
        0.38     0.600000       450291         2.50
        0.38     0.625000       450291         2.67
        0.38     0.650000       450291         2.86
        0.38     0.675000       450291         3.08
        0.38     0.700000       514907         3.33
        0.38     0.725000       514907         3.64
        0.38     0.750000       514907         4.00
        0.38     0.762500       514907         4.21
        0.38     0.775000       514907         4.44
        0.39     0.787500       565083         4.71
        0.39     0.800000       565083         5.00
        0.39     0.812500       565083         5.33
        0.39     0.825000       565083         5.71
        0.39     0.837500       565083         6.15
        0.39     0.850000       565083         6.67
        0.40     0.862500       601212         7.27
        0.40     0.875000       601212         8.00
        0.40     0.881250       601212         8.42
        0.40     0.887500       601212         8.89
        0.40     0.893750       601212         9.41
        0.40     0.900000       601212        10.00
        0.40     0.906250       601212        10.67
        0.40     0.912500       601212        11.43
        0.41     0.918750       625695        12.31
        0.41     0.925000       625695        13.33
        0.41     0.931250       625695        14.55
        0.41     0.937500       625695        16.00
        0.41     0.940625       625695        16.84
        0.41     0.943750       625695        17.78
        0.41     0.946875       625695        18.82
        0.41     0.950000       625695        20.00
        0.41     0.953125       640669        21.33
        0.41     0.956250       640669        22.86
        0.41     0.959375       640669        24.62
        0.41     0.962500       640669        26.67
        0.41     0.965625       640669        29.09
        0.41     0.968750       640669        32.00
        0.41     0.970313       640669        33.68
        0.41     0.971875       640669        35.56
        0.41     0.973437       640669        37.65
        0.41     0.975000       640669        40.00
        0.42     0.976562       648665        42.67
        0.42     0.978125       648665        45.71
        0.42     0.979688       648665        49.23
        0.42     0.981250       648665        53.33
        0.42     0.982812       648665        58.18
        0.42     0.984375       648665        64.00
        0.42     0.985156       648665        67.37
        0.42     0.985938       648665        71.11
        0.42     0.986719       648665        75.29
        0.43     0.987500       652714        80.00
        0.43     0.988281       652714        85.33
        0.43     0.989062       652714        91.43
        0.43     0.989844       652714        98.46
        0.43     0.990625       652714       106.67
        0.43     0.991406       652714       116.36
        0.43     0.992188       652714       128.00
        0.43     0.992578       652714       134.74
        0.43     0.992969       652714       142.22
        0.43     0.993359       652714       150.59
        0.44     0.993750       654660       160.00
        0.44     0.994141       654660       170.67
        0.44     0.994531       654660       182.86
        0.44     0.994922       654660       196.92
        0.44     0.995313       654660       213.33
        0.44     0.995703       654660       232.73
        0.44     0.996094       654660       256.00
        0.44     0.996289       654660       269.47
        0.44     0.996484       654660       284.44
        0.45     0.996680       655571       301.18
        0.45     0.996875       655571       320.00
        0.45     0.997070       655571       341.33
        0.45     0.997266       655571       365.71
        0.45     0.997461       655571       393.85
        0.45     0.997656       655571       426.67
        0.45     0.997852       655571       465.45
        0.46     0.998047       655990       512.00
        0.46     0.998145       655990       538.95
        0.46     0.998242       655990       568.89
        0.46     0.998340       655990       602.35
        0.46     0.998437       655990       640.00
        0.46     0.998535       655990       682.67
        0.46     0.998633       656191       731.43
        0.46     0.998730       656191       787.69
        0.46     0.998828       656191       853.33
        0.47     0.998926       656295       930.91
        0.47     0.999023       656295      1024.00
        0.48     0.999072       656358      1077.89
        0.48     0.999121       656358      1137.78
        0.49     0.999170       656405      1204.71
        0.49     0.999219       656405      1280.00
        0.49     0.999268       656433      1365.33
        0.50     0.999316       656464      1462.86
        0.52     0.999365       656500      1575.38
        0.54     0.999414       656537      1706.67
        0.55     0.999463       656561      1861.82
        0.58     0.999512       656596      2048.00
        0.60     0.999536       656612      2155.79
        0.61     0.999561       656632      2275.56
        0.62     0.999585       656647      2409.41
        0.63     0.999609       656659      2560.00
        0.66     0.999634       656676      2730.67
        0.67     0.999658       656690      2925.71
        0.69     0.999683       656709      3150.77
        0.69     0.999707       656720      3413.33
        0.71     0.999731       656740      3723.64
        0.73     0.999756       656758      4096.00
        0.73     0.999768       656766      4311.58
        0.74     0.999780       656776      4551.11
        0.74     0.999792       656776      4818.82
        0.76     0.999805       656787      5120.00
        0.81     0.999817       656792      5461.33
        0.83     0.999829       656803      5851.43
        0.85     0.999841       656809      6301.54
        0.85     0.999854       656816      6826.67
        0.86     0.999866       656826      7447.27
        0.88     0.999878       656838      8192.00
        0.88     0.999884       656838      8623.16
        0.89     0.999890       656851      9102.22
        0.89     0.999896       656851      9637.65
        0.89     0.999902       656851     10240.00
        0.90     0.999908       656867     10922.67
        0.90     0.999915       656867     11702.86
        0.90     0.999921       656867     12603.08
        0.90     0.999927       656867     13653.33
        0.90     0.999933       656874     14894.55
        0.90     0.999939       656874     16384.00
        0.90     0.999942       656874     17246.32
        0.91     0.999945       656880     18204.44
        0.91     0.999948       656880     19275.29
        0.91     0.999951       656880     20480.00
        0.92     0.999954       656889     21845.33
        0.92     0.999957       656889     23405.71
        0.92     0.999960       656889     25206.15
        0.92     0.999963       656889     27306.67
        0.93     0.999966       656892     29789.09
        0.93     0.999969       656892     32768.00
        0.94     0.999971       656896     34492.63
        0.94     0.999973       656896     36408.89
        0.94     0.999974       656896     38550.59
        0.94     0.999976       656896     40960.00
        0.94     0.999977       656898     43690.67
        0.94     0.999979       656898     46811.43
        0.95     0.999980       656901     50412.31
        0.95     0.999982       656901     54613.33
        0.95     0.999983       656901     59578.18
        0.96     0.999985       656903     65536.00
        0.96     0.999986       656903     68985.26
        0.96     0.999986       656903     72817.78
        0.97     0.999987       656904     77101.18
        0.97     0.999988       656904     81920.00
        0.98     0.999989       656905     87381.33
        0.98     0.999989       656905     93622.86
        1.01     0.999990       656906    100824.62
        1.01     0.999991       656906    109226.67
        1.08     0.999992       656907    119156.36
        1.08     0.999992       656907    131072.00
        1.16     0.999993       656908    137970.53
        1.16     0.999993       656908    145635.56
        1.16     0.999994       656908    154202.35
        1.16     0.999994       656908    163840.00
        8.03     0.999994       656909    174762.67
        8.03     0.999995       656909    187245.71
        8.03     0.999995       656909    201649.23
        8.03     0.999995       656909    218453.33
        8.13     0.999996       656910    238312.73
        8.13     0.999996       656910    262144.00
        8.13     0.999996       656910    275941.05
        8.13     0.999997       656910    291271.11
        8.13     0.999997       656910    308404.71
        8.13     0.999997       656910    327680.00
        8.19     0.999997       656912    349525.33
        8.19     1.000000       656912          inf
#[Mean    =        0.365, StdDeviation   =        0.034]
#[Max     =        8.191, Total count    =       656912]
#[Buckets =           20, SubBuckets     =          256]
