       Value   Percentile   TotalCount 1/(1-Percentile)

        0.19     0.000000            1         1.00
        0.34     0.050000        28857         1.05
        0.35     0.100000        57090         1.11
        0.40     0.150000        74977         1.18
        0.42     0.200000       106560         1.25
        0.43     0.250000       124133         1.33
        0.45     0.300000       159679         1.43
        0.46     0.350000       177343         1.54
        0.46     0.400000       192640         1.67
        0.49     0.450000       219251         1.82
        0.50     0.500000       249473         2.00
        0.51     0.525000       271894         2.11
        0.51     0.550000       271894         2.22
        0.52     0.575000       296847         2.35
        0.52     0.600000       296847         2.50
        0.53     0.625000       322644         2.67
        0.53     0.650000       322644         2.86
        0.54     0.675000       348270         3.08
        0.54     0.700000       348270         3.33
        0.54     0.725000       348270         3.64
        0.54     0.750000       371886         4.00
        0.54     0.762500       371886         4.21
        0.54     0.775000       371886         4.44
        0.55     0.787500       390461         4.71
        0.55     0.800000       390461         5.00
        0.55     0.812500       390461         5.33
        0.56     0.825000       401502         5.71
        0.57     0.837500       406849         6.15
        0.57     0.850000       409079         6.67
        0.69     0.862500       415097         7.27
        0.70     0.875000       423962         8.00
        0.70     0.881250       423962         8.42
        0.71     0.887500       432235         8.89
        0.71     0.893750       432235         9.41
        0.71     0.900000       432235        10.00
        0.72     0.906250       442287        10.67
        0.72     0.912500       442287        11.43
        0.72     0.918750       442287        12.31
        0.73     0.925000       453132        13.33
        0.73     0.931250       453132        14.55
        0.73     0.937500       453132        16.00
        0.73     0.940625       453132        16.84
        0.73     0.943750       453132        17.78
        0.73     0.946875       462751        18.82
        0.73     0.950000       462751        20.00
        0.73     0.953125       462751        21.33
        0.73     0.956250       462751        22.86
        0.73     0.959375       462751        24.62
        0.73     0.962500       462751        26.67
        0.74     0.965625       469977        29.09
        0.74     0.968750       469977        32.00
        0.74     0.970313       469977        33.68
        0.74     0.971875       469977        35.56
        0.74     0.973437       469977        37.65
        0.74     0.975000       469977        40.00
        0.74     0.976562       469977        42.67
        0.74     0.978125       469977        45.71
        0.74     0.979688       469977        49.23
        0.75     0.981250       474551        53.33
        0.75     0.982812       474551        58.18
        0.75     0.984375       474551        64.00
        0.75     0.985156       474551        67.37
        0.75     0.985938       474551        71.11
        0.75     0.986719       474551        75.29
        0.75     0.987500       474551        80.00
        0.75     0.988281       474551        85.33
        0.75     0.989062       474551        91.43
        0.75     0.989844       474551        98.46
        0.76     0.990625       477188       106.67
        0.76     0.991406       477188       116.36
        0.76     0.992188       477188       128.00
        0.76     0.992578       477188       134.74
        0.76     0.992969       477188       142.22
        0.76     0.993359       477188       150.59
        0.76     0.993750       477188       160.00
        0.76     0.994141       477188       170.67
        0.76     0.994531       477188       182.86
        0.76     0.994922       477188       196.92
        0.76     0.995313       477188       213.33
        0.77     0.995703       478470       232.73
        0.77     0.996094       478470       256.00
        0.77     0.996289       478470       269.47
        0.77     0.996484       478470       284.44
        0.77     0.996680       478470       301.18
        0.77     0.996875       478470       320.00
        0.77     0.997070       478470       341.33
        0.77     0.997266       478470       365.71
        0.77     0.997461       478470       393.85
        0.77     0.997656       478470       426.67
        0.77     0.997852       478470       465.45
        0.78     0.998047       479044       512.00
        0.78     0.998145       479044       538.95
        0.78     0.998242       479044       568.89
        0.78     0.998340       479044       602.35
        0.78     0.998437       479044       640.00
        0.78     0.998535       479044       682.67
        0.78     0.998633       479044       731.43
        0.78     0.998730       479044       787.69
        0.78     0.998828       479044       853.33
        0.78     0.998926       479044       930.91
        0.78     0.999023       479044      1024.00
        0.78     0.999072       479044      1077.89
        0.78     0.999121       479044      1137.78
        0.78     0.999170       479044      1204.71
        0.78     0.999219       479044      1280.00
        0.78     0.999268       479246      1365.33
        0.78     0.999316       479246      1462.86
        0.78     0.999365       479246      1575.38
        0.78     0.999414       479246      1706.67
        0.78     0.999463       479246      1861.82
        0.78     0.999512       479246      2048.00
        0.78     0.999536       479246      2155.79
        0.78     0.999561       479246      2275.56
        0.78     0.999585       479246      2409.41
        0.78     0.999609       479246      2560.00
        0.78     0.999634       479246      2730.67
        0.79     0.999658       479320      2925.71
        0.79     0.999683       479320      3150.77
        0.79     0.999707       479320      3413.33
        0.79     0.999731       479320      3723.64
        0.79     0.999756       479320      4096.00
        0.79     0.999768       479320      4311.58
        0.79     0.999780       479320      4551.11
        0.79     0.999792       479320      4818.82
        0.80     0.999805       479350      5120.00
        0.80     0.999817       479350      5461.33
        0.80     0.999829       479350      5851.43
        0.80     0.999841       479350      6301.54
        0.80     0.999854       479350      6826.67
        0.81     0.999866       479363      7447.27
        0.81     0.999878       479363      8192.00
        0.81     0.999884       479363      8623.16
        0.81     0.999890       479369      9102.22
        0.81     0.999896       479369      9637.65
        0.82     0.999902       479375     10240.00
        0.82     0.999908       479375     10922.67
        0.83     0.999915       479381     11702.86
        0.83     0.999921       479381     12603.08
        0.84     0.999927       479384     13653.33
        0.85     0.999933       479389     14894.55
        0.85     0.999939       479389     16384.00
        0.85     0.999942       479392     17246.32
        0.85     0.999945       479392     18204.44
        0.88     0.999948       479395     19275.29
        0.88     0.999951       479395     20480.00
        0.89     0.999954       479397     21845.33
        0.90     0.999957       479399     23405.71
        0.90     0.999960       479399     25206.15
        0.91     0.999963       479401     27306.67
        0.92     0.999966       479403     29789.09
        0.94     0.999969       479404     32768.00
        0.97     0.999971       479405     34492.63
        0.97     0.999973       479405     36408.89
        0.98     0.999974       479406     38550.59
        0.99     0.999976       479409     40960.00
        0.99     0.999977       479409     43690.67
        0.99     0.999979       479409     46811.43
        0.99     0.999980       479409     50412.31
        1.00     0.999982       479411     54613.33
        1.00     0.999983       479411     59578.18
        1.00     0.999985       479411     65536.00
        1.09     0.999986       479412     68985.26
        1.09     0.999986       479412     72817.78
        1.09     0.999987       479412     77101.18
        1.17     0.999988       479413     81920.00
        1.17     0.999989       479413     87381.33
        1.17     0.999989       479413     93622.86
        1.29     0.999990       479414    100824.62
        1.29     0.999991       479414    109226.67
        1.29     0.999992       479414    119156.36
        1.32     0.999992       479415    131072.00
        1.32     0.999993       479415    137970.53
        1.32     0.999993       479415    145635.56
        1.32     0.999994       479415    154202.35
        1.33     0.999994       479416    163840.00
        1.33     0.999994       479416    174762.67
        1.33     0.999995       479416    187245.71
        1.33     0.999995       479416    201649.23
        1.33     0.999995       479416    218453.33
        1.33     0.999996       479416    238312.73
        1.34     0.999996       479417    262144.00
        1.34     0.999996       479417    275941.05
        1.34     0.999997       479417    291271.11
        1.34     0.999997       479417    308404.71
        1.34     0.999997       479417    327680.00
        1.34     0.999997       479417    349525.33
        1.34     0.999997       479417    374491.43
        1.34     0.999998       479417    403298.46
        1.34     0.999998       479417    436906.67
        1.34     0.999998       479417    476625.45
        1.50     0.999998       479418    524288.00
        1.50     1.000000       479418          inf
#[Mean    =        0.500, StdDeviation   =        0.112]
#[Max     =        1.495, Total count    =       479418]
#[Buckets =           20, SubBuckets     =          256]
