       Value   Percentile   TotalCount 1/(1-Percentile)

        0.17     0.000000            1         1.00
        0.27     0.050000        39191         1.05
        0.28     0.100000        60207         1.11
        0.32     0.150000        90948         1.18
        0.34     0.200000       137919         1.25
        0.35     0.250000       164475         1.33
        0.36     0.300000       191485         1.43
        0.37     0.350000       217737         1.54
        0.38     0.400000       238880         1.67
        0.39     0.450000       267149         1.82
        0.41     0.500000       318407         2.00
        0.41     0.525000       318407         2.11
        0.41     0.550000       355128         2.22
        0.41     0.575000       355128         2.35
        0.42     0.600000       392195         2.50
        0.42     0.625000       392195         2.67
        0.42     0.650000       392195         2.86
        0.43     0.675000       428019         3.08
        0.43     0.700000       428019         3.33
        0.44     0.725000       459457         3.64
        0.44     0.750000       459457         4.00
        0.44     0.762500       459457         4.21
        0.44     0.775000       459457         4.44
        0.45     0.787500       481321         4.71
        0.45     0.800000       481321         5.00
        0.45     0.812500       481321         5.33
        0.46     0.825000       493133         5.71
        0.46     0.837500       498775         6.15
        0.48     0.850000       503540         6.67
        0.55     0.862500       512330         7.27
        0.57     0.875000       522022         8.00
        0.57     0.881250       522022         8.42
        0.57     0.887500       532080         8.89
        0.57     0.893750       532080         9.41
        0.58     0.900000       545546        10.00
        0.58     0.906250       545546        10.67
        0.58     0.912500       545546        11.43
        0.58     0.918750       545546        12.31
        0.59     0.925000       559968        13.33
        0.59     0.931250       559968        14.55
        0.59     0.937500       559968        16.00
        0.59     0.940625       559968        16.84
        0.59     0.943750       559968        17.78
        0.60     0.946875       572040        18.82
        0.60     0.950000       572040        20.00
        0.60     0.953125       572040        21.33
        0.60     0.956250       572040        22.86
        0.60     0.959375       572040        24.62
        0.60     0.962500       572040        26.67
        0.60     0.965625       572040        29.09
        0.61     0.968750       580637        32.00
        0.61     0.970313       580637        33.68
        0.61     0.971875       580637        35.56
        0.61     0.973437       580637        37.65
        0.61     0.975000       580637        40.00
        0.61     0.976562       580637        42.67
        0.61     0.978125       580637        45.71
        0.61     0.979688       580637        49.23
        0.61     0.981250       585482        53.33
        0.61     0.982812       585482        58.18
        0.61     0.984375       585482        64.00
        0.61     0.985156       585482        67.37
        0.61     0.985938       585482        71.11
        0.61     0.986719       585482        75.29
        0.61     0.987500       585482        80.00
        0.61     0.988281       585482        85.33
        0.62     0.989062       587868        91.43
        0.62     0.989844       587868        98.46
        0.62     0.990625       587868       106.67
        0.62     0.991406       587868       116.36
        0.62     0.992188       587868       128.00
        0.63     0.992578       589062       134.74
        0.63     0.992969       589062       142.22
        0.63     0.993359       589062       150.59
        0.63     0.993750       589062       160.00
        0.63     0.994141       589062       170.67
        0.63     0.994531       589062       182.86
        0.64     0.994922       589761       196.92
        0.64     0.995313       589761       213.33
        0.64     0.995703       589761       232.73
        0.65     0.996094       590236       256.00
        0.65     0.996289       590236       269.47
        0.65     0.996484       590236       284.44
        0.66     0.996680       590585       301.18
        0.66     0.996875       590585       320.00
        0.66     0.997070       590585       341.33
        0.66     0.997266       590871       365.71
        0.66     0.997461       590871       393.85
        0.67     0.997656       591138       426.67
        0.67     0.997852       591138       465.45
        0.68     0.998047       591361       512.00
        0.68     0.998145       591361       538.95
        0.68     0.998242       591361       568.89
        0.68     0.998340       591361       602.35
        0.69     0.998437       591535       640.00
        0.69     0.998535       591535       682.67
        0.69     0.998633       591535       731.43
        0.69     0.998730       591705       787.69
        0.69     0.998828       591705       853.33
        0.69     0.998926       591705       930.91
        0.70     0.999023       591846      1024.00
        0.70     0.999072       591846      1077.89
        0.70     0.999121       591846      1137.78
        0.70     0.999170       591846      1204.71
        0.70     0.999219       591846      1280.00
        0.71     0.999268       591948      1365.33
        0.71     0.999316       591948      1462.86
        0.71     0.999365       591948      1575.38
        0.72     0.999414       592044      1706.67
        0.72     0.999463       592044      1861.82
        0.72     0.999512       592044      2048.00
        0.72     0.999536       592044      2155.79
        0.72     0.999561       592044      2275.56
        0.73     0.999585       592118      2409.41
        0.73     0.999609       592118      2560.00
        0.73     0.999634       592118      2730.67
        0.73     0.999658       592118      2925.71
        0.73     0.999683       592118      3150.77
        0.73     0.999707       592163      3413.33
        0.73     0.999731       592163      3723.64
        0.73     0.999756       592163      4096.00
        0.73     0.999768       592163      4311.58
        0.74     0.999780       592200      4551.11
        0.74     0.999792       592200      4818.82
        0.74     0.999805       592200      5120.00
        0.74     0.999817       592200      5461.33
        0.74     0.999829       592200      5851.43
        0.75     0.999841       592219      6301.54
        0.75     0.999854       592219      6826.67
        0.75     0.999866       592219      7447.27
        0.76     0.999878       592225      8192.00
        0.78     0.999884       592229      8623.16
        0.80     0.999890       592231      9102.22
        0.81     0.999896       592236      9637.65
        0.85     0.999902       592239     10240.00
        0.86     0.999908       592242     10922.67
        1.38     0.999915       592246     11702.86
        1.48     0.999921       592250     12603.08
        2.11     0.999927       592253     13653.33
        2.25     0.999933       592258     14894.55
        2.27     0.999939       592262     16384.00
        2.27     0.999942       592262     17246.32
        2.33     0.999945       592265     18204.44
        2.37     0.999948       592267     19275.29
        2.38     0.999951       592269     20480.00
        2.38     0.999954       592269     21845.33
        2.54     0.999957       592272     23405.71
        2.58     0.999960       592273     25206.15
        2.64     0.999963       592275     27306.67
        2.69     0.999966       592277     29789.09
        2.70     0.999969       592278     32768.00
        2.72     0.999971       592280     34492.63
        2.72     0.999973       592280     36408.89
        2.77     0.999974       592281     38550.59
        2.83     0.999976       592282     40960.00
        2.94     0.999977       592283     43690.67
        2.99     0.999979       592284     46811.43
        3.33     0.999980       592285     50412.31
        3.42     0.999982       592286     54613.33
        3.44     0.999983       592288     59578.18
        3.44     0.999985       592288     65536.00
        3.44     0.999986       592288     68985.26
        3.44     0.999986       592288     72817.78
        3.46     0.999987       592289     77101.18
        3.46     0.999988       592289     81920.00
        3.47     0.999989       592292     87381.33
        3.47     0.999989       592292     93622.86
        3.47     0.999990       592292    100824.62
        3.47     0.999991       592292    109226.67
        3.47     0.999992       592292    119156.36
        3.47     0.999992       592292    131072.00
        3.47     0.999993       592292    137970.53
        3.47     0.999993       592292    145635.56
        3.49     0.999994       592293    154202.35
        3.49     0.999994       592293    163840.00
        3.49     0.999994       592293    174762.67
        3.49     0.999995       592293    187245.71
        3.57     0.999995       592294    201649.23
        3.57     0.999995       592294    218453.33
        3.57     0.999996       592294    238312.73
        3.57     0.999996       592294    262144.00
        3.57     0.999996       592294    275941.05
        3.57     0.999997       592294    291271.11
        3.62     0.999997       592295    308404.71
        3.62     0.999997       592295    327680.00
        3.62     0.999997       592295    349525.33
        3.62     0.999997       592295    374491.43
        3.62     0.999998       592295    403298.46
        3.62     0.999998       592295    436906.67
        3.62     0.999998       592295    476625.45
        3.62     0.999998       592295    524288.00
        3.62     0.999998       592295    551882.11
        3.62     0.999998       592295    582542.22
        3.76     0.999998       592296    616809.41
        3.76     1.000000       592296          inf
#[Mean    =        0.405, StdDeviation   =        0.095]
#[Max     =        3.759, Total count    =       592296]
#[Buckets =           20, SubBuckets     =          256]
