       Value   Percentile   TotalCount 1/(1-Percentile)

        0.17     0.000000            1         1.00
        0.26     0.050000        32181         1.05
        0.28     0.100000        71375         1.11
        0.32     0.150000        97171         1.18
        0.34     0.200000       133276         1.25
        0.34     0.250000       159612         1.33
        0.35     0.300000       186284         1.43
        0.36     0.350000       213584         1.54
        0.38     0.400000       251500         1.67
        0.39     0.450000       285575         1.82
        0.40     0.500000       316847         2.00
        0.40     0.525000       316847         2.11
        0.41     0.550000       354859         2.22
        0.41     0.575000       354859         2.35
        0.41     0.600000       393649         2.50
        0.41     0.625000       393649         2.67
        0.41     0.650000       393649         2.86
        0.42     0.675000       429998         3.08
        0.42     0.700000       429998         3.33
        0.43     0.725000       461428         3.64
        0.43     0.750000       461428         4.00
        0.43     0.762500       461428         4.21
        0.44     0.775000       483707         4.44
        0.44     0.787500       483707         4.71
        0.44     0.800000       483707         5.00
        0.45     0.812500       496071         5.33
        0.45     0.825000       496071         5.71
        0.46     0.837500       505834         6.15
        0.49     0.850000       511859         6.67
        0.55     0.862500       522081         7.27
        0.56     0.875000       529506         8.00
        0.57     0.881250       541244         8.42
        0.57     0.887500       541244         8.89
        0.57     0.893750       541244         9.41
        0.57     0.900000       541244        10.00
        0.57     0.906250       555667        10.67
        0.57     0.912500       555667        11.43
        0.57     0.918750       555667        12.31
        0.58     0.925000       570291        13.33
        0.58     0.931250       570291        14.55
        0.58     0.937500       570291        16.00
        0.58     0.940625       570291        16.84
        0.58     0.943750       570291        17.78
        0.58     0.946875       570291        18.82
        0.59     0.950000       581827        20.00
        0.59     0.953125       581827        21.33
        0.59     0.956250       581827        22.86
        0.59     0.959375       581827        24.62
        0.59     0.962500       581827        26.67
        0.59     0.965625       581827        29.09
        0.60     0.968750       589162        32.00
        0.60     0.970313       589162        33.68
        0.60     0.971875       589162        35.56
        0.60     0.973437       589162        37.65
        0.60     0.975000       589162        40.00
        0.60     0.976562       589162        42.67
        0.60     0.978125       589162        45.71
        0.60     0.979688       589162        49.23
        0.61     0.981250       593157        53.33
        0.61     0.982812       593157        58.18
        0.61     0.984375       593157        64.00
        0.61     0.985156       593157        67.37
        0.61     0.985938       593157        71.11
        0.61     0.986719       593157        75.29
        0.61     0.987500       595198        80.00
        0.61     0.988281       595198        85.33
        0.61     0.989062       595198        91.43
        0.61     0.989844       595198        98.46
        0.62     0.990625       596381       106.67
        0.62     0.991406       596381       116.36
        0.62     0.992188       596381       128.00
        0.63     0.992578       597153       134.74
        0.63     0.992969       597153       142.22
        0.63     0.993359       597153       150.59
        0.63     0.993750       597153       160.00
        0.64     0.994141       597835       170.67
        0.64     0.994531       597835       182.86
        0.64     0.994922       597835       196.92
        0.65     0.995313       598343       213.33
        0.65     0.995703       598343       232.73
        0.66     0.996094       598751       256.00
        0.66     0.996289       598751       269.47
        0.66     0.996484       599132       284.44
        0.66     0.996680       599132       301.18
        0.66     0.996875       599132       320.00
        0.66     0.997070       599132       341.33
        0.67     0.997266       599479       365.71
        0.67     0.997461       599479       393.85
        0.67     0.997656       599479       426.67
        0.68     0.997852       599755       465.45
        0.68     0.998047       599755       512.00
        0.69     0.998145       599977       538.95
        0.69     0.998242       599977       568.89
        0.69     0.998340       599977       602.35
        0.69     0.998437       599977       640.00
        0.69     0.998535       600173       682.67
        0.69     0.998633       600173       731.43
        0.69     0.998730       600173       787.69
        0.69     0.998828       600173       853.33
        0.70     0.998926       600316       930.91
        0.70     0.999023       600316      1024.00
        0.71     0.999072       600436      1077.89
        0.71     0.999121       600436      1137.78
        0.71     0.999170       600436      1204.71
        0.71     0.999219       600436      1280.00
        0.71     0.999268       600436      1365.33
        0.72     0.999316       600524      1462.86
        0.72     0.999365       600524      1575.38
        0.72     0.999414       600524      1706.67
        0.73     0.999463       600582      1861.82
        0.73     0.999512       600582      2048.00
        0.73     0.999536       600623      2155.79
        0.73     0.999561       600623      2275.56
        0.74     0.999585       600640      2409.41
        0.75     0.999609       600650      2560.00
        0.76     0.999634       600658      2730.67
        0.78     0.999658       600681      2925.71
        0.78     0.999683       600694      3150.77
        0.79     0.999707       600704      3413.33
        0.81     0.999731       600720      3723.64
        0.82     0.999756       600733      4096.00
        0.83     0.999768       600738      4311.58
        0.85     0.999780       600745      4551.11
        0.87     0.999792       600751      4818.82
        0.90     0.999805       600758      5120.00
        0.93     0.999817       600767      5461.33
        0.94     0.999829       600775      5851.43
        0.95     0.999841       600781      6301.54
        0.97     0.999854       600789      6826.67
        0.99     0.999866       600797      7447.27
        1.01     0.999878       600804      8192.00
        1.01     0.999884       600806      8623.16
        1.03     0.999890       600811      9102.22
        1.04     0.999896       600813      9637.65
        1.12     0.999902       600817     10240.00
        1.35     0.999908       600820     10922.67
        1.46     0.999915       600824     11702.86
        1.56     0.999921       600828     12603.08
        1.71     0.999927       600831     13653.33
        2.43     0.999933       600836     14894.55
        2.59     0.999939       600840     16384.00
        2.61     0.999942       600841     17246.32
        2.64     0.999945       600843     18204.44
        2.65     0.999948       600845     19275.29
        2.69     0.999951       600847     20480.00
        2.70     0.999954       600848     21845.33
        2.72     0.999957       600850     23405.71
        2.99     0.999960       600852     25206.15
        3.02     0.999963       600853     27306.67
        3.10     0.999966       600855     29789.09
        3.17     0.999969       600858     32768.00
        3.17     0.999971       600858     34492.63
        3.20     0.999973       600859     36408.89
        3.21     0.999974       600860     38550.59
        3.36     0.999976       600861     40960.00
        3.42     0.999977       600862     43690.67
        3.46     0.999979       600863     46811.43
        3.50     0.999980       600865     50412.31
        3.50     0.999982       600865     54613.33
        3.50     0.999983       600865     59578.18
        3.54     0.999985       600866     65536.00
        3.57     0.999986       600868     68985.26
        3.57     0.999986       600868     72817.78
        3.57     0.999987       600868     77101.18
        3.57     0.999988       600868     81920.00
        3.62     0.999989       600870     87381.33
        3.62     0.999989       600870     93622.86
        3.62     0.999990       600870    100824.62
        3.62     0.999991       600870    109226.67
        3.62     0.999992       600870    119156.36
        3.68     0.999992       600871    131072.00
        3.68     0.999993       600871    137970.53
        3.68     0.999993       600871    145635.56
        3.69     0.999994       600872    154202.35
        3.69     0.999994       600872    163840.00
        3.69     0.999994       600872    174762.67
        3.69     0.999995       600872    187245.71
        3.71     0.999995       600873    201649.23
        3.71     0.999995       600873    218453.33
        3.71     0.999996       600873    238312.73
        3.71     0.999996       600873    262144.00
        3.71     0.999996       600873    275941.05
        3.71     0.999997       600873    291271.11
        3.85     0.999997       600874    308404.71
        3.85     0.999997       600874    327680.00
        3.85     0.999997       600874    349525.33
        3.85     0.999997       600874    374491.43
        3.85     0.999998       600874    403298.46
        3.85     0.999998       600874    436906.67
        3.85     0.999998       600874    476625.45
        3.85     0.999998       600874    524288.00
        3.85     0.999998       600874    551882.11
        3.85     0.999998       600874    582542.22
        3.92     0.999998       600875    616809.41
        3.92     1.000000       600875          inf
#[Mean    =        0.399, StdDeviation   =        0.095]
#[Max     =        3.919, Total count    =       600875]
#[Buckets =           20, SubBuckets     =          256]
