       Value   Percentile   TotalCount 1/(1-Percentile)

        0.14     0.000000            1         1.00
        0.34     0.050000        61322         1.05
        0.35     0.100000       111693         1.11
        0.35     0.150000       111693         1.18
        0.36     0.200000       183752         1.25
        0.36     0.250000       183752         1.33
        0.37     0.300000       274390         1.43
        0.37     0.350000       274390         1.54
        0.37     0.400000       274390         1.67
        0.38     0.450000       374021         1.82
        0.38     0.500000       374021         2.00
        0.38     0.525000       374021         2.11
        0.38     0.550000       374021         2.22
        0.38     0.575000       374021         2.35
        0.38     0.600000       466060         2.50
        0.38     0.625000       466060         2.67
        0.38     0.650000       466060         2.86
        0.38     0.675000       466060         3.08
        0.38     0.700000       466060         3.33
        0.39     0.725000       537283         3.64
        0.39     0.750000       537283         4.00
        0.39     0.762500       537283         4.21
        0.39     0.775000       537283         4.44
        0.39     0.787500       537283         4.71
        0.39     0.800000       537283         5.00
        0.39     0.812500       537283         5.33
        0.39     0.825000       537283         5.71
        0.40     0.837500       583925         6.15
        0.40     0.850000       583925         6.67
        0.40     0.862500       583925         7.27
        0.40     0.875000       583925         8.00
        0.40     0.881250       583925         8.42
        0.40     0.887500       583925         8.89
        0.40     0.893750       583925         9.41
        0.40     0.900000       583925        10.00
        0.40     0.906250       583925        10.67
        0.41     0.912500       611428        11.43
        0.41     0.918750       611428        12.31
        0.41     0.925000       611428        13.33
        0.41     0.931250       611428        14.55
        0.41     0.937500       611428        16.00
        0.41     0.940625       611428        16.84
        0.41     0.943750       611428        17.78
        0.41     0.946875       611428        18.82
        0.41     0.950000       626358        20.00
        0.41     0.953125       626358        21.33
        0.41     0.956250       626358        22.86
        0.41     0.959375       626358        24.62
        0.41     0.962500       626358        26.67
        0.41     0.965625       626358        29.09
        0.41     0.968750       626358        32.00
        0.41     0.970313       626358        33.68
        0.41     0.971875       626358        35.56
        0.42     0.973437       634353        37.65
        0.42     0.975000       634353        40.00
        0.42     0.976562       634353        42.67
        0.42     0.978125       634353        45.71
        0.42     0.979688       634353        49.23
        0.42     0.981250       634353        53.33
        0.42     0.982812       634353        58.18
        0.42     0.984375       634353        64.00
        0.42     0.985156       634353        67.37
        0.43     0.985938       638403        71.11
        0.43     0.986719       638403        75.29
        0.43     0.987500       638403        80.00
        0.43     0.988281       638403        85.33
        0.43     0.989062       638403        91.43
        0.43     0.989844       638403        98.46
        0.43     0.990625       638403       106.67
        0.43     0.991406       638403       116.36
        0.44     0.992188       640654       128.00
        0.44     0.992578       640654       134.74
        0.44     0.992969       640654       142.22
        0.44     0.993359       640654       150.59
        0.44     0.993750       640654       160.00
        0.44     0.994141       640654       170.67
        0.44     0.994531       640654       182.86
        0.44     0.994922       640654       196.92
        0.45     0.995313       641845       213.33
        0.45     0.995703       641845       232.73
        0.45     0.996094       641845       256.00
        0.45     0.996289       641845       269.47
        0.45     0.996484       641845       284.44
        0.45     0.996680       641845       301.18
        0.45     0.996875       641845       320.00
        0.46     0.997070       642538       341.33
        0.46     0.997266       642538       365.71
        0.46     0.997461       642538       393.85
        0.46     0.997656       642538       426.67
        0.46     0.997852       642538       465.45
        0.46     0.998047       642538       512.00
        0.46     0.998145       642896       538.95
        0.46     0.998242       642896       568.89
        0.46     0.998340       642896       602.35
        0.46     0.998437       642896       640.00
        0.46     0.998535       642896       682.67
        0.46     0.998633       642896       731.43
        0.47     0.998730       643098       787.69
        0.47     0.998828       643098       853.33
        0.47     0.998926       643098       930.91
        0.48     0.999023       643220      1024.00
        0.48     0.999072       643220      1077.89
        0.48     0.999121       643220      1137.78
        0.48     0.999170       643220      1204.71
        0.49     0.999219       643297      1280.00
        0.49     0.999268       643297      1365.33
        0.49     0.999316       643352      1462.86
        0.49     0.999365       643352      1575.38
        0.50     0.999414       643380      1706.67
        0.52     0.999463       643415      1861.82
        0.54     0.999512       643443      2048.00
        0.54     0.999536       643462      2155.79
        0.55     0.999561       643476      2275.56
        0.56     0.999585       643486      2409.41
        0.57     0.999609       643497      2560.00
        0.65     0.999634       643514      2730.67
        0.67     0.999658       643530      2925.71
        0.69     0.999683       643546      3150.77
        0.70     0.999707       643564      3413.33
        0.71     0.999731       643576      3723.64
        0.73     0.999756       643598      4096.00
        0.73     0.999768       643606      4311.58
        0.74     0.999780       643612      4551.11
        0.75     0.999792       643617      4818.82
        0.77     0.999805       643624      5120.00
        0.81     0.999817       643633      5461.33
        0.83     0.999829       643643      5851.43
        0.84     0.999841       643649      6301.54
        0.85     0.999854       643664      6826.67
        0.85     0.999866       643664      7447.27
        0.85     0.999878       643672      8192.00
        0.86     0.999884       643685      8623.16
        0.86     0.999890       643685      9102.22
        0.86     0.999896       643685      9637.65
        0.87     0.999902       643697     10240.00
        0.87     0.999908       643697     10922.67
        0.87     0.999915       643697     11702.86
        0.87     0.999921       643697     12603.08
        0.88     0.999927       643711     13653.33
        0.88     0.999933       643711     14894.55
        0.88     0.999939       643711     16384.00
        0.88     0.999942       643711     17246.32
        0.89     0.999945       643715     18204.44
        0.89     0.999948       643715     19275.29
        0.90     0.999951       643723     20480.00
        0.90     0.999954       643723     21845.33
        0.90     0.999957       643723     23405.71
        0.90     0.999960       643723     25206.15
        0.90     0.999963       643730     27306.67
        0.90     0.999966       643730     29789.09
        0.90     0.999969       643730     32768.00
        0.90     0.999971       643730     34492.63
        0.91     0.999973       643737     36408.89
        0.91     0.999974       643737     38550.59
        0.91     0.999976       643737     40960.00
        0.91     0.999977       643737     43690.67
        0.91     0.999979       643737     46811.43
        0.91     0.999980       643737     50412.31
        0.91     0.999982       643737     54613.33
        0.92     0.999983       643741     59578.18
        0.92     0.999985       643741     65536.00
        0.92     0.999986       643741     68985.26
        0.92     0.999986       643741     72817.78
        0.92     0.999987       643741     77101.18
        0.92     0.999988       643741     81920.00
        0.92     0.999989       643741     87381.33
        0.93     0.999989       643743     93622.86
        0.93     0.999990       643743    100824.62
        0.93     0.999991       643743    109226.67
        0.93     0.999992       643743    119156.36
        0.94     0.999992       643745    131072.00
        0.94     0.999993       643745    137970.53
        0.94     0.999993       643745    145635.56
        0.94     0.999994       643745    154202.35
        0.94     0.999994       643745    163840.00
        0.94     0.999994       643745    174762.67
        0.94     0.999995       643745    187245.71
        0.94     0.999995       643745    201649.23
        0.94     0.999995       643746    218453.33
        0.94     0.999996       643746    238312.73
        0.94     0.999996       643746    262144.00
        0.94     0.999996       643746    275941.05
        0.94     0.999997       643746    291271.11
        0.94     0.999997       643746    308404.71
        0.95     0.999997       643747    327680.00
        0.95     0.999997       643747    349525.33
        0.95     0.999997       643747    374491.43
        0.95     0.999998       643747    403298.46
        0.95     0.999998       643747    436906.67
        0.95     0.999998       643747    476625.45
        0.95     0.999998       643747    524288.00
        0.95     0.999998       643747    551882.11
        0.95     0.999998       643747    582542.22
        0.95     0.999998       643747    616809.41
        0.96     0.999998       643748    655360.00
        0.96     1.000000       643748          inf
#[Mean    =        0.372, StdDeviation   =        0.024]
#[Max     =        0.959, Total count    =       643748]
#[Buckets =           20, SubBuckets     =          256]
