       Value   Percentile   TotalCount 1/(1-Percentile)

        0.25     0.000000            1         1.00
        0.60     0.050000        18980         1.05
        0.62     0.100000        36437         1.11
        0.64     0.150000        54370         1.18
        0.66     0.200000        78440         1.25
        0.66     0.250000        92700         1.33
        0.67     0.300000       108472         1.43
        0.68     0.350000       125677         1.54
        0.69     0.400000       143534         1.67
        0.69     0.450000       162128         1.82
        0.70     0.500000       181067         2.00
        0.70     0.525000       181067         2.11
        0.71     0.550000       199393         2.22
        0.71     0.575000       199393         2.35
        0.72     0.600000       217367         2.50
        0.72     0.625000       217367         2.67
        0.73     0.650000       233921         2.86
        0.73     0.675000       233921         3.08
        0.73     0.700000       249173         3.33
        0.73     0.725000       249173         3.64
        0.74     0.750000       263076         4.00
        0.74     0.762500       263076         4.21
        0.75     0.775000       275443         4.44
        0.75     0.787500       275443         4.71
        0.75     0.800000       275443         5.00
        0.76     0.812500       286419         5.33
        0.76     0.825000       286419         5.71
        0.77     0.837500       295764         6.15
        0.77     0.850000       295764         6.67
        0.77     0.862500       295764         7.27
        0.78     0.875000       303948         8.00
        0.78     0.881250       303948         8.42
        0.78     0.887500       303948         8.89
        0.78     0.893750       310700         9.41
        0.78     0.900000       310700        10.00
        0.78     0.906250       310700        10.67
        0.79     0.912500       316428        11.43
        0.79     0.918750       316428        12.31
        0.80     0.925000       321177        13.33
        0.80     0.931250       321177        14.55
        0.80     0.937500       321177        16.00
        0.81     0.940625       325092        16.84
        0.81     0.943750       325092        17.78
        0.81     0.946875       325092        18.82
        0.81     0.950000       325092        20.00
        0.81     0.953125       328368        21.33
        0.81     0.956250       328368        22.86
        0.81     0.959375       328368        24.62
        0.82     0.962500       330891        26.67
        0.82     0.965625       330891        29.09
        0.83     0.968750       333027        32.00
        0.83     0.970313       333027        33.68
        0.83     0.971875       333027        35.56
        0.84     0.973437       334786        37.65
        0.84     0.975000       334786        40.00
        0.84     0.976562       334786        42.67
        0.84     0.978125       334786        45.71
        0.85     0.979688       336206        49.23
        0.85     0.981250       336206        53.33
        0.85     0.982812       337388        58.18
        0.85     0.984375       337388        64.00
        0.85     0.985156       337388        67.37
        0.85     0.985938       337388        71.11
        0.86     0.986719       338362        75.29
        0.86     0.987500       338362        80.00
        0.86     0.988281       338362        85.33
        0.87     0.989062       339110        91.43
        0.87     0.989844       339110        98.46
        0.87     0.990625       339110       106.67
        0.88     0.991406       339705       116.36
        0.88     0.992188       339705       128.00
        0.88     0.992578       339705       134.74
        0.89     0.992969       340189       142.22
        0.89     0.993359       340189       150.59
        0.89     0.993750       340189       160.00
        0.89     0.994141       340189       170.67
        0.90     0.994531       340591       182.86
        0.90     0.994922       340591       196.92
        0.90     0.995313       340591       213.33
        0.90     0.995703       340864       232.73
        0.90     0.996094       340864       256.00
        0.91     0.996289       341108       269.47
        0.91     0.996484       341108       284.44
        0.91     0.996680       341108       301.18
        0.91     0.996875       341108       320.00
        0.92     0.997070       341299       341.33
        0.92     0.997266       341299       365.71
        0.93     0.997461       341459       393.85
        0.93     0.997656       341459       426.67
        0.93     0.997852       341459       465.45
        0.94     0.998047       341572       512.00
        0.94     0.998145       341572       538.95
        0.94     0.998242       341671       568.89
        0.94     0.998340       341671       602.35
        0.94     0.998437       341671       640.00
        0.95     0.998535       341736       682.67
        0.95     0.998633       341736       731.43
        0.96     0.998730       341792       787.69
        0.96     0.998828       341792       853.33
        0.97     0.998926       341834       930.91
        0.97     0.999023       341860      1024.00
        0.97     0.999072       341860      1077.89
        0.98     0.999121       341882      1137.78
        0.99     0.999170       341904      1204.71
        1.00     0.999219       341920      1280.00
        1.01     0.999268       341935      1365.33
        1.01     0.999316       341955      1462.86
        1.02     0.999365       341968      1575.38
        1.03     0.999414       341977      1706.67
        1.04     0.999463       341991      1861.82
        1.06     0.999512       342011      2048.00
        1.07     0.999536       342018      2155.79
        1.08     0.999561       342025      2275.56
        1.09     0.999585       342035      2409.41
        1.10     0.999609       342042      2560.00
        1.11     0.999634       342049      2730.67
        1.13     0.999658       342061      2925.71
        1.14     0.999683       342068      3150.77
        1.14     0.999707       342074      3413.33
        1.17     0.999731       342085      3723.64
        1.18     0.999756       342092      4096.00
        1.18     0.999768       342099      4311.58
        1.18     0.999780       342099      4551.11
        1.20     0.999792       342106      4818.82
        1.21     0.999805       342113      5120.00
        1.21     0.999817       342113      5461.33
        1.22     0.999829       342117      5851.43
        1.22     0.999841       342121      6301.54
        1.24     0.999854       342124      6826.67
        1.25     0.999866       342131      7447.27
        1.25     0.999878       342133      8192.00
        1.26     0.999884       342135      8623.16
        1.28     0.999890       342137      9102.22
        1.30     0.999896       342140      9637.65
        1.31     0.999902       342144     10240.00
        1.31     0.999908       342144     10922.67
        1.32     0.999915       342145     11702.86
        1.35     0.999921       342147     12603.08
        1.38     0.999927       342149     13653.33
        2.77     0.999933       342152     14894.55
        3.01     0.999939       342154     16384.00
        3.06     0.999942       342156     17246.32
        3.06     0.999945       342156     18204.44
        3.15     0.999948       342158     19275.29
        3.15     0.999951       342158     20480.00
        3.17     0.999954       342159     21845.33
        3.26     0.999957       342160     23405.71
        3.31     0.999960       342161     25206.15
        3.39     0.999963       342162     27306.67
        3.82     0.999966       342163     29789.09
        4.22     0.999969       342164     32768.00
        4.25     0.999971       342167     34492.63
        4.25     0.999973       342167     36408.89
        4.25     0.999974       342167     38550.59
        4.25     0.999976       342167     40960.00
        4.25     0.999977       342167     43690.67
        4.25     0.999979       342167     46811.43
        4.38     0.999980       342168     50412.31
        4.38     0.999982       342168     54613.33
        4.51     0.999983       342169     59578.18
        4.51     0.999985       342169     65536.00
        4.70     0.999986       342170     68985.26
        4.70     0.999986       342170     72817.78
        4.70     0.999987       342170     77101.18
        4.70     0.999988       342170     81920.00
        4.74     0.999989       342171     87381.33
        4.74     0.999989       342171     93622.86
        4.74     0.999990       342171    100824.62
        4.74     0.999991       342171    109226.67
        4.77     0.999992       342172    119156.36
        4.77     0.999992       342172    131072.00
        4.77     0.999993       342172    137970.53
        4.77     0.999993       342172    145635.56
        4.77     0.999994       342172    154202.35
        4.77     0.999994       342172    163840.00
        4.93     0.999994       342173    174762.67
        4.93     0.999995       342173    187245.71
        4.93     0.999995       342173    201649.23
        4.93     0.999995       342173    218453.33
        4.93     0.999996       342173    238312.73
        4.93     0.999996       342173    262144.00
        4.93     0.999996       342173    275941.05
        4.93     0.999997       342173    291271.11
        4.93     0.999997       342173    308404.71
        4.93     0.999997       342173    327680.00
        5.02     0.999997       342174    349525.33
        5.02     1.000000       342174          inf
#[Mean    =        0.700, StdDeviation   =        0.072]
#[Max     =        5.023, Total count    =       342174]
#[Buckets =           20, SubBuckets     =          256]
