       Value   Percentile   TotalCount 1/(1-Percentile)

        0.06     0.000000           35         1.00
        0.12     0.050000      1294345         1.05
        0.13     0.100000      1971635         1.11
        0.14     0.150000      2613355         1.18
        0.14     0.200000      3419430         1.25
        0.16     0.250000      4354500         1.33
        0.17     0.300000      5240425         1.43
        0.27     0.350000      5986845         1.54
        0.41     0.400000      6773065         1.67
        0.55     0.450000      8289590         1.82
        0.56     0.500000     12658855         2.00
        0.56     0.525000     12658855         2.11
        0.56     0.550000     12658855         2.22
        0.56     0.575000     12658855         2.35
        0.56     0.600000     12658855         2.50
        0.56     0.625000     12658855         2.67
        0.56     0.650000     12658855         2.86
        0.56     0.675000     12658855         3.08
        0.56     0.700000     12658855         3.33
        0.56     0.725000     12658855         3.64
        0.57     0.750000     14953975         4.00
        0.57     0.762500     14953975         4.21
        0.57     0.775000     14953975         4.44
        0.57     0.787500     14953975         4.71
        0.57     0.800000     14953975         5.00
        0.57     0.812500     14953975         5.33
        0.57     0.825000     14953975         5.71
        0.57     0.837500     14953975         6.15
        0.57     0.850000     14953975         6.67
        0.57     0.862500     14953975         7.27
        0.57     0.875000     14953975         8.00
        0.57     0.881250     14953975         8.42
        0.57     0.887500     15385040         8.89
        0.57     0.893750     15385040         9.41
        0.57     0.900000     15385040        10.00
        0.57     0.906250     15385040        10.67
        0.58     0.912500     15741720        11.43
        0.58     0.918750     15741720        12.31
        0.58     0.925000     15741720        13.33
        0.58     0.931250     15741720        14.55
        0.59     0.937500     15849435        16.00
        0.61     0.940625     15922760        16.84
        0.62     0.943750     15957180        17.78
        0.66     0.946875     16003690        18.82
        0.69     0.950000     16145830        20.00
        0.69     0.953125     16145830        21.33
        0.70     0.956250     16307105        22.86
        0.70     0.959375     16307105        24.62
        0.70     0.962500     16307105        26.67
        0.71     0.965625     16370750        29.09
        0.72     0.968750     16404900        32.00
        0.72     0.970313     16404900        33.68
        0.73     0.971875     16431735        35.56
        0.74     0.973437     16453265        37.65
        0.78     0.975000     16482720        40.00
        0.81     0.976562     16506360        42.67
        0.84     0.978125     16536380        45.71
        0.85     0.979688     16561235        49.23
        0.88     0.981250     16583150        53.33
        0.94     0.982812     16609970        58.18
        1.05     0.984375     16636180        64.00
        1.14     0.985156     16649550        67.37
        1.24     0.985938     16662935        71.11
        1.35     0.986719     16675875        75.29
        1.55     0.987500     16688910        80.00
        1.98     0.988281     16701985        85.33
        2.86     0.989062     16715160        91.43
        3.76     0.989844     16728330        98.46
        4.96     0.990625     16741575       106.67
        6.59     0.991406     16754825       116.36
        7.65     0.992188     16768715       128.00
        7.97     0.992578     16774695       134.74
        8.32     0.992969     16781420       142.22
        8.96     0.993359     16787640       150.59
       10.11     0.993750     16794595       160.00
       12.10     0.994141     16800925       170.67
       13.82     0.994531     16807565       182.86
       15.87     0.994922     16814125       196.92
       16.38     0.995313     16821545       213.33
       17.92     0.995703     16827275       232.73
       20.22     0.996094     16839105       256.00
       20.22     0.996289     16839105       269.47
       20.48     0.996484     16840490       284.44
       21.89     0.996680     16843730       301.18
       23.81     0.996875     16847450       320.00
       24.19     0.997070     16879140       341.33
       24.19     0.997266     16879140       365.71
       24.19     0.997461     16879140       393.85
       24.19     0.997656     16879140       426.67
       24.19     0.997852     16879140       465.45
       24.19     0.998047     16879140       512.00
       24.19     0.998145     16879140       538.95
       24.19     0.998242     16879140       568.89
       24.19     0.998340     16879140       602.35
       24.19     0.998437     16879140       640.00
       24.19     0.998535     16879140       682.67
       24.19     0.998633     16879140       731.43
       24.19     0.998730     16879140       787.69
       24.32     0.998828     16882620       853.33
       24.32     0.998926     16882620       930.91
       24.45     0.999023     16883610      1024.00
       24.70     0.999072     16884700      1077.89
       24.83     0.999121     16885010      1137.78
       25.86     0.999170     16885960      1204.71
       26.50     0.999219     16886675      1280.00
       27.65     0.999268     16887595      1365.33
       28.16     0.999316     16891870      1462.86
       28.16     0.999365     16891870      1575.38
       28.16     0.999414     16891870      1706.67
       28.16     0.999463     16891870      1861.82
       28.16     0.999512     16891870      2048.00
       28.29     0.999536     16894985      2155.79
       28.29     0.999561     16894985      2275.56
       28.29     0.999585     16894985      2409.41
       28.29     0.999609     16894985      2560.00
       28.29     0.999634     16894985      2730.67
       28.29     0.999658     16894985      2925.71
       28.29     0.999683     16894985      3150.77
       28.29     0.999707     16894985      3413.33
       28.41     0.999731     16895335      3723.64
       28.80     0.999756     16895745      4096.00
       29.05     0.999768     16895935      4311.58
       29.44     0.999780     16896135      4551.11
       29.82     0.999792     16896350      4818.82
       30.72     0.999805     16896555      5120.00
       31.61     0.999817     16896790      5461.33
       32.13     0.999829     16897420      5851.43
       32.13     0.999841     16897420      6301.54
       32.13     0.999854     16897420      6826.67
       32.26     0.999866     16898665      7447.27
       32.26     0.999878     16898665      8192.00
       32.26     0.999884     16898665      8623.16
       32.26     0.999890     16898665      9102.22
       32.26     0.999896     16898665      9637.65
       32.26     0.999902     16898665     10240.00
       32.26     0.999908     16898665     10922.67
       32.26     0.999915     16898665     11702.86
       32.26     0.999921     16898665     12603.08
       32.26     0.999927     16898665     13653.33
       32.38     0.999933     16898845     14894.55
       32.38     0.999939     16898845     16384.00
       32.51     0.999942     16898930     17246.32
       32.51     0.999945     16898930     18204.44
       32.64     0.999948     16899010     19275.29
       32.77     0.999951     16899055     20480.00
       33.02     0.999954     16899130     21845.33
       33.02     0.999957     16899130     23405.71
       33.53     0.999960     16899200     25206.15
       33.79     0.999963     16899235     27306.67
       34.56     0.999966     16899315     29789.09
       34.81     0.999969     16899365     32768.00
       34.81     0.999971     16899365     34492.63
       35.07     0.999973     16899395     36408.89
       35.84     0.999974     16899435     38550.59
       35.84     0.999976     16899435     40960.00
       36.09     0.999977     16899465     43690.67
       36.35     0.999979     16899640     46811.43
       36.35     0.999980     16899640     50412.31
       36.35     0.999982     16899640     54613.33
       36.35     0.999983     16899640     59578.18
       36.35     0.999985     16899640     65536.00
       36.35     0.999986     16899640     68985.26
       36.35     0.999986     16899640     72817.78
       36.35     0.999987     16899640     77101.18
       36.35     0.999988     16899640     81920.00
       36.86     0.999989     16899675     87381.33
       36.86     0.999989     16899675     93622.86
       36.86     0.999990     16899675    100824.62
       40.19     0.999991     16899705    109226.67
       40.19     0.999992     16899705    119156.36
       40.45     0.999992     16899755    131072.00
       40.45     0.999993     16899755    137970.53
       40.45     0.999993     16899755    145635.56
       40.45     0.999994     16899755    154202.35
       40.45     0.999994     16899755    163840.00
       40.45     0.999994     16899755    174762.67
       40.45     0.999995     16899755    187245.71
       40.70     0.999995     16899760    201649.23
       41.47     0.999995     16899790    218453.33
       41.47     0.999996     16899790    238312.73
       41.47     0.999996     16899790    262144.00
       41.47     0.999996     16899790    275941.05
       41.47     0.999997     16899790    291271.11
       41.47     0.999997     16899790    308404.71
       41.47     0.999997     16899790    327680.00
       41.73     0.999997     16899800    349525.33
       41.73     0.999997     16899800    374491.43
       41.73     0.999998     16899800    403298.46
       44.29     0.999998     16899830    436906.67
       44.29     0.999998     16899830    476625.45
       44.29     0.999998     16899830    524288.00
       44.29     0.999998     16899830    551882.11
       44.29     0.999998     16899830    582542.22
       44.29     0.999998     16899830    616809.41
       44.29     0.999998     16899830    655360.00
       44.29     0.999999     16899830    699050.67
       44.29     0.999999     16899830    748982.86
       44.29     0.999999     16899830    806596.92
       44.29     0.999999     16899830    873813.33
       44.29     0.999999     16899830    953250.91
       44.29     0.999999     16899830   1048576.00
       44.29     0.999999     16899830   1103764.21
       44.29     0.999999     16899830   1165084.44
       44.29     0.999999     16899830   1233618.82
       44.29     0.999999     16899830   1310720.00
       44.29     0.999999     16899830   1398101.33
       44.29     0.999999     16899830   1497965.71
       44.29     0.999999     16899830   1613193.85
       44.54     0.999999     16899840   1747626.67
       44.54     1.000000     16899840          inf
#[Mean    =        0.565, StdDeviation   =        1.748]
#[Max     =       44.543, Total count    =     16899840]
#[Buckets =           20, SubBuckets     =          256]
