       Value   Percentile   TotalCount 1/(1-Percentile)

        0.18     0.000000            1         1.00
        1.24     0.050000         9486         1.05
        1.27     0.100000        16982         1.11
        1.29     0.150000        24638         1.18
        1.32     0.200000        34108         1.25
        1.33     0.250000        41792         1.33
        1.35     0.300000        50382         1.43
        1.37     0.350000        59984         1.54
        1.38     0.400000        70039         1.67
        1.39     0.450000        75080         1.82
        1.41     0.500000        84965         2.00
        1.42     0.525000        89649         2.11
        1.42     0.550000        94132         2.22
        1.43     0.575000        98468         2.35
        1.43     0.600000        98468         2.50
        1.44     0.625000       102676         2.67
        1.45     0.650000       106711         2.86
        1.46     0.675000       114101         3.08
        1.47     0.700000       117350         3.33
        1.48     0.725000       120490         3.64
        1.49     0.750000       123420         4.00
        1.50     0.762500       126157         4.21
        1.50     0.775000       128392         4.44
        1.51     0.787500       130565         4.71
        1.52     0.800000       132532         5.00
        1.53     0.812500       134208         5.33
        1.53     0.825000       135686         5.71
        1.55     0.837500       137958         6.15
        1.57     0.850000       139609         6.67
        1.60     0.862500       141262         7.27
        1.79     0.875000       143246         8.00
        1.85     0.881250       144297         8.42
        1.88     0.887500       145421         8.89
        1.90     0.893750       146620         9.41
        1.92     0.900000       147578        10.00
        1.94     0.906250       148645        10.67
        1.95     0.912500       149704        11.43
        1.97     0.918750       150669        12.31
        1.98     0.925000       151575        13.33
        2.01     0.931250       152791        14.55
        2.03     0.937500       153798        16.00
        2.04     0.940625       154128        16.84
        2.06     0.943750       155179        17.78
        2.06     0.946875       155179        18.82
        2.08     0.950000       155904        20.00
        2.10     0.953125       156702        21.33
        2.10     0.956250       156702        22.86
        2.11     0.959375       157589        24.62
        2.11     0.962500       157589        26.67
        2.13     0.965625       158556        29.09
        2.14     0.968750       159509        32.00
        2.14     0.970313       159509        33.68
        2.14     0.971875       159509        35.56
        2.14     0.973437       159509        37.65
        2.16     0.975000       160390        40.00
        2.16     0.976562       160390        42.67
        2.16     0.978125       160390        45.71
        2.16     0.979688       160390        49.23
        2.17     0.981250       161133        53.33
        2.17     0.982812       161133        58.18
        2.19     0.984375       161777        64.00
        2.19     0.985156       161777        67.37
        2.19     0.985938       161777        71.11
        2.19     0.986719       161777        75.29
        2.19     0.987500       161777        80.00
        2.21     0.988281       162264        85.33
        2.21     0.989062       162264        91.43
        2.21     0.989844       162264        98.46
        2.21     0.990625       162264       106.67
        2.22     0.991406       162621       116.36
        2.22     0.992188       162621       128.00
        2.22     0.992578       162621       134.74
        2.22     0.992969       162621       142.22
        2.22     0.993359       162621       150.59
        2.24     0.993750       162868       160.00
        2.24     0.994141       162868       170.67
        2.24     0.994531       162868       182.86
        2.25     0.994922       163007       196.92
        2.25     0.995313       163007       213.33
        2.25     0.995703       163007       232.73
        2.27     0.996094       163101       256.00
        2.27     0.996289       163101       269.47
        2.29     0.996484       163167       284.44
        2.29     0.996680       163167       301.18
        2.30     0.996875       163208       320.00
        2.32     0.997070       163231       341.33
        2.35     0.997266       163282       365.71
        2.37     0.997461       163296       393.85
        2.42     0.997656       163329       426.67
        2.46     0.997852       163359       465.45
        2.51     0.998047       163393       512.00
        2.56     0.998145       163405       538.95
        2.59     0.998242       163424       568.89
        2.62     0.998340       163442       602.35
        2.67     0.998437       163456       640.00
        2.73     0.998535       163472       682.67
        2.78     0.998633       163488       731.43
        2.83     0.998730       163505       787.69
        2.88     0.998828       163520       853.33
        2.94     0.998926       163533       930.91
        2.99     0.999023       163553      1024.00
        3.01     0.999072       163558      1077.89
        3.04     0.999121       163567      1137.78
        3.07     0.999170       163573      1204.71
        3.10     0.999219       163582      1280.00
        3.15     0.999268       163590      1365.33
        3.20     0.999316       163601      1462.86
        3.21     0.999365       163606      1575.38
        3.26     0.999414       163619      1706.67
        3.28     0.999463       163625      1861.82
        3.29     0.999512       163634      2048.00
        3.29     0.999536       163634      2155.79
        3.31     0.999561       163639      2275.56
        3.33     0.999585       163642      2409.41
        3.38     0.999609       163646      2560.00
        3.41     0.999634       163651      2730.67
        3.46     0.999658       163657      2925.71
        3.46     0.999683       163657      3150.77
        3.47     0.999707       163664      3413.33
        3.49     0.999731       163672      3723.64
        3.49     0.999756       163672      4096.00
        3.49     0.999768       163672      4311.58
        3.54     0.999780       163673      4551.11
        3.55     0.999792       163675      4818.82
        3.69     0.999805       163677      5120.00
        3.79     0.999817       163679      5461.33
        3.82     0.999829       163683      5851.43
        3.82     0.999841       163683      6301.54
        3.92     0.999854       163685      6826.67
        3.94     0.999866       163687      7447.27
        3.97     0.999878       163689      8192.00
        3.98     0.999884       163690      8623.16
        4.01     0.999890       163691      9102.22
        4.06     0.999896       163692      9637.65
        4.08     0.999902       163694     10240.00
        4.08     0.999908       163694     10922.67
        4.13     0.999915       163696     11702.86
        4.13     0.999921       163696     12603.08
        4.16     0.999927       163699     13653.33
        4.16     0.999933       163699     14894.55
        4.16     0.999939       163699     16384.00
        4.16     0.999942       163699     17246.32
        4.29     0.999945       163700     18204.44
        4.29     0.999948       163700     19275.29
        4.77     0.999951       163701     20480.00
        4.77     0.999954       163701     21845.33
        5.15     0.999957       163703     23405.71
        5.15     0.999960       163703     25206.15
        5.15     0.999963       163703     27306.67
        5.15     0.999966       163703     29789.09
        5.38     0.999969       163704     32768.00
        5.38     0.999971       163704     34492.63
        5.38     0.999973       163704     36408.89
        5.38     0.999974       163704     38550.59
        6.75     0.999976       163705     40960.00
        6.75     0.999977       163705     43690.67
        6.75     0.999979       163705     46811.43
        6.75     0.999980       163705     50412.31
        6.78     0.999982       163706     54613.33
        6.78     0.999983       163706     59578.18
        6.78     0.999985       163706     65536.00
        6.78     0.999986       163706     68985.26
        6.78     0.999986       163706     72817.78
        6.78     0.999987       163706     77101.18
        7.23     0.999988       163707     81920.00
        7.23     0.999989       163707     87381.33
        7.23     0.999989       163707     93622.86
        7.23     0.999990       163707    100824.62
        7.23     0.999991       163707    109226.67
        7.23     0.999992       163707    119156.36
        7.23     0.999992       163707    131072.00
        7.23     0.999993       163707    137970.53
        7.23     0.999993       163707    145635.56
        7.23     0.999994       163707    154202.35
        7.46     0.999994       163708    163840.00
        7.46     1.000000       163708          inf
#[Mean    =        1.465, StdDeviation   =        0.254]
#[Max     =        7.455, Total count    =       163708]
#[Buckets =           20, SubBuckets     =          256]
