       Value   Percentile   TotalCount 1/(1-Percentile)

        0.18     0.000000            1         1.00
        0.37     0.050000        23755         1.05
        0.38     0.100000        38366         1.11
        0.38     0.150000        58657         1.18
        0.39     0.200000        84911         1.25
        0.39     0.250000        84911         1.33
        0.40     0.300000       116127         1.43
        0.40     0.350000       116127         1.54
        0.41     0.400000       150055         1.67
        0.41     0.450000       150055         1.82
        0.41     0.500000       150055         2.00
        0.41     0.525000       183158         2.11
        0.41     0.550000       183158         2.22
        0.41     0.575000       183158         2.35
        0.41     0.600000       183158         2.50
        0.42     0.625000       211510         2.67
        0.42     0.650000       211510         2.86
        0.42     0.675000       211510         3.08
        0.42     0.700000       211510         3.33
        0.43     0.725000       233442         3.64
        0.43     0.750000       233442         4.00
        0.43     0.762500       233442         4.21
        0.43     0.775000       233442         4.44
        0.43     0.787500       233442         4.71
        0.44     0.800000       248882         5.00
        0.44     0.812500       248882         5.33
        0.44     0.825000       248882         5.71
        0.44     0.837500       248882         6.15
        0.45     0.850000       258920         6.67
        0.45     0.862500       258920         7.27
        0.45     0.875000       258920         8.00
        0.45     0.881250       258920         8.42
        0.46     0.887500       265289         8.89
        0.46     0.893750       265289         9.41
        0.46     0.900000       265289        10.00
        0.46     0.906250       269164        10.67
        0.46     0.912500       269164        11.43
        0.47     0.918750       271506        12.31
        0.47     0.925000       271506        13.33
        0.49     0.931250       273774        14.55
        0.57     0.937500       275164        16.00
        0.70     0.940625       276212        16.84
        0.73     0.943750       277136        17.78
        0.76     0.946875       278139        18.82
        0.78     0.950000       279134        20.00
        0.79     0.953125       280038        21.33
        0.81     0.956250       280776        22.86
        0.84     0.959375       281717        24.62
        0.88     0.962500       282532        26.67
        0.94     0.965625       283543        29.09
        1.01     0.968750       284340        32.00
        1.11     0.970313       284805        33.68
        1.20     0.971875       285259        35.56
        1.28     0.973437       285723        37.65
        1.46     0.975000       286164        40.00
       12.48     0.976562       286677        42.67
       16.38     0.978125       287183        45.71
       16.51     0.979688       292664        49.23
       16.51     0.981250       292664        53.33
       16.51     0.982812       292664        58.18
       16.51     0.984375       292664        64.00
       16.51     0.985156       292664        67.37
       16.51     0.985938       292664        71.11
       16.51     0.986719       292664        75.29
       16.51     0.987500       292664        80.00
       16.51     0.988281       292664        85.33
       16.51     0.989062       292664        91.43
       16.51     0.989844       292664        98.46
       16.51     0.990625       292664       106.67
       16.51     0.991406       292664       116.36
       16.51     0.992188       292664       128.00
       16.51     0.992578       292664       134.74
       16.51     0.992969       292664       142.22
       16.51     0.993359       292664       150.59
       16.51     0.993750       292664       160.00
       16.51     0.994141       292664       170.67
       16.51     0.994531       292664       182.86
       16.51     0.994922       292664       196.92
       16.51     0.995313       292664       213.33
       16.51     0.995703       292664       232.73
       16.51     0.996094       292664       256.00
       16.51     0.996289       292664       269.47
       16.51     0.996484       292664       284.44
       16.51     0.996680       292664       301.18
       16.51     0.996875       292664       320.00
       16.51     0.997070       292664       341.33
       16.64     0.997266       293005       365.71
       16.64     0.997461       293005       393.85
       16.64     0.997656       293005       426.67
       16.64     0.997852       293005       465.45
       16.64     0.998047       293005       512.00
       16.64     0.998145       293005       538.95
       16.64     0.998242       293005       568.89
       16.89     0.998340       293011       602.35
       20.48     0.998437       293183       640.00
       20.48     0.998535       293183       682.67
       20.48     0.998633       293183       731.43
       20.48     0.998730       293183       787.69
       20.48     0.998828       293183       853.33
       20.48     0.998926       293183       930.91
       20.61     0.999023       293233      1024.00
       20.61     0.999072       293233      1077.89
       21.38     0.999121       293240      1137.78
       24.45     0.999170       293289      1204.71
       24.45     0.999219       293289      1280.00
       24.45     0.999268       293289      1365.33
       24.57     0.999316       293408      1462.86
       24.57     0.999365       293408      1575.38
       24.57     0.999414       293408      1706.67
       24.57     0.999463       293408      1861.82
       24.57     0.999512       293408      2048.00
       24.57     0.999536       293408      2155.79
       24.57     0.999561       293408      2275.56
       24.57     0.999585       293408      2409.41
       24.57     0.999609       293408      2560.00
       24.57     0.999634       293408      2730.67
       24.57     0.999658       293408      2925.71
       24.57     0.999683       293408      3150.77
       24.70     0.999707       293422      3413.33
       24.70     0.999731       293422      3723.64
       24.83     0.999756       293427      4096.00
       24.96     0.999768       293437      4311.58
       24.96     0.999780       293437      4551.11
       24.96     0.999792       293437      4818.82
       25.09     0.999805       293448      5120.00
       25.09     0.999817       293448      5461.33
       25.09     0.999829       293448      5851.43
       27.65     0.999841       293454      6301.54
       28.41     0.999854       293455      6826.67
       28.54     0.999866       293496      7447.27
       28.54     0.999878       293496      8192.00
       28.54     0.999884       293496      8623.16
       28.54     0.999890       293496      9102.22
       28.54     0.999896       293496      9637.65
       28.54     0.999902       293496     10240.00
       28.54     0.999908       293496     10922.67
       28.54     0.999915       293496     11702.86
       28.54     0.999921       293496     12603.08
       28.54     0.999927       293496     13653.33
       28.54     0.999933       293496     14894.55
       28.54     0.999939       293496     16384.00
       28.54     0.999942       293496     17246.32
       28.54     0.999945       293496     18204.44
       28.54     0.999948       293496     19275.29
       28.54     0.999951       293496     20480.00
       28.54     0.999954       293496     21845.33
       28.54     0.999957       293496     23405.71
       28.54     0.999960       293496     25206.15
       28.54     0.999963       293496     27306.67
       28.54     0.999966       293496     29789.09
       28.54     0.999969       293496     32768.00
       28.54     0.999971       293496     34492.63
       28.54     0.999973       293496     36408.89
       28.54     0.999974       293496     38550.59
       28.54     0.999976       293496     40960.00
       28.54     0.999977       293496     43690.67
       28.54     0.999979       293496     46811.43
       28.54     0.999980       293496     50412.31
       28.54     0.999982       293496     54613.33
       28.54     0.999983       293496     59578.18
       28.54     0.999985       293496     65536.00
       28.54     0.999986       293496     68985.26
       28.54     0.999986       293496     72817.78
       28.54     0.999987       293496     77101.18
       28.54     0.999988       293496     81920.00
       28.54     0.999989       293496     87381.33
       28.54     0.999989       293496     93622.86
       28.54     0.999990       293496    100824.62
       28.54     0.999991       293496    109226.67
       28.54     0.999992       293496    119156.36
       28.54     0.999992       293496    131072.00
       28.54     0.999993       293496    137970.53
       28.54     0.999993       293496    145635.56
       28.54     0.999994       293496    154202.35
       28.54     0.999994       293496    163840.00
       28.54     0.999994       293496    174762.67
       28.54     0.999995       293496    187245.71
       28.54     0.999995       293496    201649.23
       28.54     0.999995       293496    218453.33
       28.54     0.999996       293496    238312.73
       28.54     0.999996       293496    262144.00
       28.54     0.999996       293496    275941.05
       28.54     0.999997       293496    291271.11
       28.67     0.999997       293497    308404.71
       28.67     1.000000       293497          inf
#[Mean    =        0.816, StdDeviation   =        2.507]
#[Max     =       28.671, Total count    =       293497]
#[Buckets =           20, SubBuckets     =          256]
