       Value   Percentile   TotalCount 1/(1-Percentile)

        0.07     0.000000          130         1.00
        0.17     0.050000      1541880         1.05
        0.44     0.100000      2939520         1.11
        0.49     0.150000      4483400         1.18
        0.57     0.200000      6024860         1.25
        0.59     0.250000      7557560         1.33
        0.61     0.300000     10674320         1.43
        0.61     0.350000     10674320         1.54
        0.61     0.400000     13272970         1.67
        0.61     0.450000     13272970         1.82
        0.62     0.500000     15825500         2.00
        0.62     0.525000     15825500         2.11
        0.63     0.550000     18103880         2.22
        0.63     0.575000     18103880         2.35
        0.63     0.600000     18103880         2.50
        0.64     0.625000     19757260         2.67
        0.64     0.650000     19757260         2.86
        0.65     0.675000     20858310         3.08
        0.65     0.700000     20858310         3.33
        0.66     0.725000     21668240         3.64
        0.66     0.750000     22331600         4.00
        0.67     0.762500     22912060         4.21
        0.67     0.775000     22912060         4.44
        0.68     0.787500     23419450         4.71
        0.69     0.800000     23857430         5.00
        0.69     0.812500     24217180         5.33
        0.70     0.825000     24502560         5.71
        0.71     0.837500     24728740         6.15
        0.73     0.850000     25058550         6.67
        0.75     0.862500     25448540         7.27
        0.77     0.875000     25787320         8.00
        0.78     0.881250     25963790         8.42
        0.78     0.887500     26121710         8.89
        0.80     0.893750     26397820         9.41
        0.81     0.900000     26517800        10.00
        0.82     0.906250     26739510        10.67
        0.83     0.912500     26847800        11.43
        0.85     0.918750     27048640        12.31
        0.86     0.925000     27240530        13.33
        0.88     0.931250     27418660        14.55
        0.90     0.937500     27596080        16.00
        0.90     0.940625     27687160        16.84
        0.91     0.943750     27777150        17.78
        0.92     0.946875     27869440        18.82
        0.93     0.950000     27962600        20.00
        0.94     0.953125     28055920        21.33
        0.94     0.956250     28143110        22.86
        0.95     0.959375     28233310        24.62
        0.96     0.962500     28322180        26.67
        0.97     0.965625     28408840        29.09
        0.97     0.968750     28493270        32.00
        0.98     0.970313     28571020        33.68
        0.98     0.971875     28571020        35.56
        0.99     0.973437     28646600        37.65
        1.00     0.975000     28713190        40.00
        1.00     0.976562     28713190        42.67
        1.01     0.978125     28773550        45.71
        1.01     0.979688     28826270        49.23
        1.02     0.981250     28871170        53.33
        1.03     0.982812     28907960        58.18
        1.04     0.984375     28941220        64.00
        1.05     0.985156     28966640        67.37
        1.05     0.985938     28986950        71.11
        1.06     0.986719     29004390        75.29
        1.08     0.987500     29030600        80.00
        1.09     0.988281     29051170        85.33
        1.12     0.989062     29072520        91.43
        1.15     0.989844     29094180        98.46
        1.20     0.990625     29117510       106.67
        1.26     0.991406     29140050       116.36
        1.35     0.992188     29160820       128.00
        1.42     0.992578     29172620       134.74
        1.47     0.992969     29184320       142.22
        1.53     0.993359     29196260       150.59
        1.60     0.993750     29206910       160.00
        1.69     0.994141     29218620       170.67
        1.83     0.994531     29229820       182.86
        2.06     0.994922     29241240       196.92
        2.37     0.995313     29252640       213.33
        2.72     0.995703     29264400       232.73
        3.21     0.996094     29275630       256.00
        3.50     0.996289     29281450       269.47
        3.90     0.996484     29287160       284.44
        4.48     0.996680     29292910       301.18
        5.09     0.996875     29298590       320.00
        5.95     0.997070     29304520       341.33
        6.59     0.997266     29310200       365.71
        7.07     0.997461     29315990       393.85
        7.49     0.997656     29321810       426.67
        7.93     0.997852     29327270       465.45
        8.45     0.998047     29333600       512.00
        8.64     0.998145     29336530       538.95
        8.89     0.998242     29339080       568.89
        9.21     0.998340     29341770       602.35
        9.66     0.998437     29345050       640.00
        9.98     0.998535     29347980       682.67
       10.24     0.998633     29351050       731.43
       10.49     0.998730     29353330       787.69
       11.71     0.998828     29355960       853.33
       12.86     0.998926     29358880       930.91
       14.59     0.999023     29361730      1024.00
       15.23     0.999072     29363090      1077.89
       16.19     0.999121     29364850      1137.78
       16.51     0.999170     29366710      1204.71
       16.64     0.999219     29367400      1280.00
       17.54     0.999268     29369080      1365.33
       18.30     0.999316     29370340      1462.86
       19.20     0.999365     29371750      1575.38
       20.22     0.999414     29373290      1706.67
       20.73     0.999463     29374650      1861.82
       21.63     0.999512     29376010      2048.00
       22.14     0.999536     29376820      2155.79
       22.66     0.999561     29377490      2275.56
       23.17     0.999585     29378150      2409.41
       23.81     0.999609     29378930      2560.00
       24.19     0.999634     29381890      2730.67
       24.19     0.999658     29381890      2925.71
       24.19     0.999683     29381890      3150.77
       24.19     0.999707     29381890      3413.33
       24.32     0.999731     29383070      3723.64
       24.45     0.999756     29383520      4096.00
       24.57     0.999768     29383940      4311.58
       24.57     0.999780     29383940      4551.11
       24.70     0.999792     29384250      4818.82
       25.09     0.999805     29384680      5120.00
       25.73     0.999817     29385110      5461.33
       25.86     0.999829     29385320      5851.43
       26.37     0.999841     29385880      6301.54
       26.50     0.999854     29386040      6826.67
       27.01     0.999866     29386530      7447.27
       27.52     0.999878     29386790      8192.00
       28.03     0.999884     29386950      8623.16
       28.16     0.999890     29387340      9102.22
       28.16     0.999896     29387340      9637.65
       28.29     0.999902     29388040     10240.00
       28.29     0.999908     29388040     10922.67
       28.29     0.999915     29388040     11702.86
       28.29     0.999921     29388040     12603.08
       28.41     0.999927     29388190     13653.33
       28.67     0.999933     29388450     14894.55
       29.05     0.999939     29388560     16384.00
       29.18     0.999942     29388760     17246.32
       29.18     0.999945     29388760     18204.44
       29.31     0.999948     29388910     19275.29
       29.31     0.999951     29388910     20480.00
       29.44     0.999954     29389000     21845.33
       29.57     0.999957     29389130     23405.71
       29.70     0.999960     29389180     25206.15
       29.82     0.999963     29389310     27306.67
       29.95     0.999966     29389410     29789.09
       30.08     0.999969     29389500     32768.00
       30.08     0.999971     29389500     34492.63
       30.34     0.999973     29389540     36408.89
       30.72     0.999974     29389590     38550.59
       30.98     0.999976     29389630     40960.00
       32.13     0.999977     29389670     43690.67
       32.26     0.999979     29389790     46811.43
       32.26     0.999980     29389790     50412.31
       32.38     0.999982     29389850     54613.33
       32.38     0.999983     29389850     59578.18
       32.51     0.999985     29390010     65536.00
       32.51     0.999986     29390010     68985.26
       32.51     0.999986     29390010     72817.78
       32.51     0.999987     29390010     77101.18
       32.51     0.999988     29390010     81920.00
       32.51     0.999989     29390010     87381.33
       34.30     0.999989     29390040     93622.86
       34.56     0.999990     29390060    100824.62
       34.81     0.999991     29390120    109226.67
       34.81     0.999992     29390120    119156.36
       34.81     0.999992     29390120    131072.00
       35.58     0.999993     29390210    137970.53
       35.58     0.999993     29390210    145635.56
       35.58     0.999994     29390210    154202.35
       35.58     0.999994     29390210    163840.00
       35.58     0.999994     29390210    174762.67
       35.58     0.999995     29390210    187245.71
       35.58     0.999995     29390210    201649.23
       35.58     0.999995     29390210    218453.33
       35.84     0.999996     29390240    238312.73
       35.84     0.999996     29390240    262144.00
       35.84     0.999996     29390240    275941.05
       35.84     0.999997     29390240    291271.11
       36.09     0.999997     29390270    308404.71
       36.09     0.999997     29390270    327680.00
       36.09     0.999997     29390270    349525.33
       36.09     0.999997     29390270    374491.43
       36.09     0.999998     29390270    403298.46
       36.35     0.999998     29390340    436906.67
       36.35     1.000000     29390340          inf
#[Mean    =        0.651, StdDeviation   =        0.802]
#[Max     =       36.351, Total count    =     29390340]
#[Buckets =           20, SubBuckets     =          256]
