       Value   Percentile   TotalCount 1/(1-Percentile)

        0.17     0.000000            2         1.00
        0.25     0.050000        36500         1.05
        0.26     0.100000        80094         1.11
        0.29     0.150000        99810         1.18
        0.31     0.200000       135155         1.25
        0.32     0.250000       165438         1.33
        0.33     0.300000       196605         1.43
        0.34     0.350000       228292         1.54
        0.35     0.400000       271618         1.67
        0.37     0.450000       315193         1.82
        0.38     0.500000       355406         2.00
        0.38     0.525000       355406         2.11
        0.38     0.550000       355406         2.22
        0.38     0.575000       400727         2.35
        0.38     0.600000       400727         2.50
        0.39     0.625000       443979         2.67
        0.39     0.650000       443979         2.86
        0.39     0.675000       443979         3.08
        0.40     0.700000       483051         3.33
        0.40     0.725000       483051         3.64
        0.40     0.750000       483051         4.00
        0.41     0.762500       512624         4.21
        0.41     0.775000       512624         4.44
        0.41     0.787500       512624         4.71
        0.41     0.800000       529104         5.00
        0.41     0.812500       529104         5.33
        0.42     0.825000       536891         5.71
        0.43     0.837500       540952         6.15
        0.46     0.850000       547497         6.67
        0.51     0.862500       555679         7.27
        0.53     0.875000       570486         8.00
        0.53     0.881250       570486         8.42
        0.54     0.887500       585433         8.89
        0.54     0.893750       585433         9.41
        0.54     0.900000       585433        10.00
        0.54     0.906250       585433        10.67
        0.54     0.912500       603104        11.43
        0.54     0.918750       603104        12.31
        0.54     0.925000       603104        13.33
        0.54     0.931250       603104        14.55
        0.54     0.937500       603104        16.00
        0.55     0.940625       619078        16.84
        0.55     0.943750       619078        17.78
        0.55     0.946875       619078        18.82
        0.55     0.950000       619078        20.00
        0.55     0.953125       619078        21.33
        0.55     0.956250       619078        22.86
        0.55     0.959375       619078        24.62
        0.56     0.962500       629879        26.67
        0.56     0.965625       629879        29.09
        0.56     0.968750       629879        32.00
        0.56     0.970313       629879        33.68
        0.56     0.971875       629879        35.56
        0.56     0.973437       629879        37.65
        0.56     0.975000       629879        40.00
        0.56     0.976562       629879        42.67
        0.56     0.978125       629879        45.71
        0.57     0.979688       635285        49.23
        0.57     0.981250       635285        53.33
        0.57     0.982812       635285        58.18
        0.57     0.984375       635285        64.00
        0.57     0.985156       635285        67.37
        0.57     0.985938       635285        71.11
        0.57     0.986719       635285        75.29
        0.57     0.987500       635285        80.00
        0.57     0.988281       637728        85.33
        0.57     0.989062       637728        91.43
        0.57     0.989844       637728        98.46
        0.57     0.990625       637728       106.67
        0.58     0.991406       638814       116.36
        0.58     0.992188       638814       128.00
        0.58     0.992578       638814       134.74
        0.58     0.992969       638814       142.22
        0.59     0.993359       639542       150.59
        0.59     0.993750       639542       160.00
        0.59     0.994141       639542       170.67
        0.60     0.994531       640107       182.86
        0.60     0.994922       640107       196.92
        0.61     0.995313       640536       213.33
        0.61     0.995703       640536       232.73
        0.61     0.996094       640985       256.00
        0.61     0.996289       640985       269.47
        0.62     0.996484       641360       284.44
        0.62     0.996680       641360       301.18
        0.62     0.996875       641360       320.00
        0.63     0.997070       641697       341.33
        0.63     0.997266       641697       365.71
        0.63     0.997461       641697       393.85
        0.64     0.997656       641980       426.67
        0.64     0.997852       641980       465.45
        0.65     0.998047       642264       512.00
        0.65     0.998145       642264       538.95
        0.65     0.998242       642264       568.89
        0.65     0.998340       642264       602.35
        0.66     0.998437       642487       640.00
        0.66     0.998535       642487       682.67
        0.66     0.998633       642487       731.43
        0.66     0.998730       642487       787.69
        0.66     0.998828       642677       853.33
        0.66     0.998926       642677       930.91
        0.66     0.999023       642677      1024.00
        0.67     0.999072       642836      1077.89
        0.67     0.999121       642836      1137.78
        0.67     0.999170       642836      1204.71
        0.67     0.999219       642836      1280.00
        0.67     0.999268       642836      1365.33
        0.68     0.999316       642944      1462.86
        0.68     0.999365       642944      1575.38
        0.68     0.999414       642944      1706.67
        0.68     0.999463       642944      1861.82
        0.69     0.999512       643020      2048.00
        0.69     0.999536       643020      2155.79
        0.69     0.999561       643020      2275.56
        0.69     0.999585       643020      2409.41
        0.69     0.999609       643064      2560.00
        0.69     0.999634       643064      2730.67
        0.69     0.999658       643064      2925.71
        0.70     0.999683       643092      3150.77
        0.71     0.999707       643113      3413.33
        0.71     0.999731       643113      3723.64
        0.73     0.999756       643126      4096.00
        0.75     0.999768       643136      4311.58
        0.77     0.999780       643145      4551.11
        0.78     0.999792       643156      4818.82
        0.79     0.999805       643162      5120.00
        0.80     0.999817       643168      5461.33
        0.81     0.999829       643178      5851.43
        0.82     0.999841       643183      6301.54
        0.84     0.999854       643191      6826.67
        0.85     0.999866       643197      7447.27
        0.89     0.999878       643209      8192.00
        0.89     0.999884       643209      8623.16
        0.90     0.999890       643215      9102.22
        0.91     0.999896       643217      9637.65
        0.93     0.999902       643221     10240.00
        0.98     0.999908       643225     10922.67
        1.39     0.999915       643229     11702.86
        1.50     0.999921       643232     12603.08
        2.30     0.999927       643236     13653.33
        2.37     0.999933       643240     14894.55
        2.45     0.999939       643245     16384.00
        2.46     0.999942       643247     17246.32
        2.50     0.999945       643248     18204.44
        2.58     0.999948       643250     19275.29
        2.59     0.999951       643252     20480.00
        2.61     0.999954       643256     21845.33
        2.61     0.999957       643256     23405.71
        2.81     0.999960       643258     25206.15
        2.86     0.999963       643260     27306.67
        2.90     0.999966       643262     29789.09
        2.94     0.999969       643264     32768.00
        2.96     0.999971       643266     34492.63
        2.96     0.999973       643266     36408.89
        2.99     0.999974       643267     38550.59
        3.01     0.999976       643268     40960.00
        3.09     0.999977       643269     43690.67
        3.15     0.999979       643270     46811.43
        3.18     0.999980       643271     50412.31
        3.21     0.999982       643272     54613.33
        3.23     0.999983       643275     59578.18
        3.23     0.999985       643275     65536.00
        3.23     0.999986       643275     68985.26
        3.23     0.999986       643275     72817.78
        3.23     0.999987       643275     77101.18
        3.33     0.999988       643276     81920.00
        3.33     0.999989       643276     87381.33
        3.34     0.999989       643278     93622.86
        3.34     0.999990       643278    100824.62
        3.34     0.999991       643278    109226.67
        3.34     0.999992       643278    119156.36
        3.38     0.999992       643280    131072.00
        3.38     0.999993       643280    137970.53
        3.38     0.999993       643280    145635.56
        3.38     0.999994       643280    154202.35
        3.38     0.999994       643280    163840.00
        3.38     0.999994       643280    174762.67
        3.38     0.999995       643280    187245.71
        3.38     0.999995       643280    201649.23
        3.44     0.999995       643281    218453.33
        3.44     0.999996       643281    238312.73
        3.44     0.999996       643281    262144.00
        3.44     0.999996       643281    275941.05
        3.44     0.999997       643281    291271.11
        3.44     0.999997       643281    308404.71
        3.62     0.999997       643283    327680.00
        3.62     1.000000       643283          inf
#[Mean    =        0.373, StdDeviation   =        0.089]
#[Max     =        3.615, Total count    =       643283]
#[Buckets =           20, SubBuckets     =          256]
