       Value   Percentile   TotalCount 1/(1-Percentile)

        0.18     0.000000            4         1.00
        0.31     0.050000        27172         1.05
        0.34     0.100000        59321         1.11
        0.36     0.150000        85355         1.18
        0.38     0.200000       116252         1.25
        0.38     0.250000       132557         1.33
        0.40     0.300000       167347         1.43
        0.41     0.350000       184091         1.54
        0.42     0.400000       214179         1.67
        0.44     0.450000       241029         1.82
        0.46     0.500000       267385         2.00
        0.46     0.525000       281353         2.11
        0.47     0.550000       296253         2.22
        0.48     0.575000       311574         2.35
        0.49     0.600000       326814         2.50
        0.49     0.625000       326814         2.67
        0.49     0.650000       341555         2.86
        0.50     0.675000       355438         3.08
        0.51     0.700000       368924         3.33
        0.52     0.725000       381976         3.64
        0.53     0.750000       394652         4.00
        0.54     0.762500       406664         4.21
        0.54     0.775000       406664         4.44
        0.54     0.787500       417761         4.71
        0.54     0.800000       417761         5.00
        0.55     0.812500       428021         5.33
        0.56     0.825000       437718         5.71
        0.56     0.837500       437718         6.15
        0.57     0.850000       446504         6.67
        0.57     0.862500       454531         7.27
        0.58     0.875000       461725         8.00
        0.58     0.881250       461725         8.42
        0.59     0.887500       467688         8.89
        0.59     0.893750       467688         9.41
        0.60     0.900000       472796        10.00
        0.60     0.906250       472796        10.67
        0.61     0.912500       477158        11.43
        0.61     0.918750       481081        12.31
        0.62     0.925000       484786        13.33
        0.63     0.931250       488343        14.55
        0.64     0.937500       491838        16.00
        0.64     0.940625       491838        16.84
        0.65     0.943750       494900        17.78
        0.65     0.946875       494900        18.82
        0.66     0.950000       497797        20.00
        0.66     0.953125       497797        21.33
        0.66     0.956250       500695        22.86
        0.66     0.959375       500695        24.62
        0.67     0.962500       503324        26.67
        0.67     0.965625       503324        29.09
        0.68     0.968750       505941        32.00
        0.68     0.970313       505941        33.68
        0.69     0.971875       508435        35.56
        0.69     0.973437       508435        37.65
        0.69     0.975000       508435        40.00
        0.69     0.976562       510757        42.67
        0.69     0.978125       510757        45.71
        0.69     0.979688       510757        49.23
        0.70     0.981250       512937        53.33
        0.70     0.982812       512937        58.18
        0.71     0.984375       514820        64.00
        0.71     0.985156       514820        67.37
        0.71     0.985938       514820        71.11
        0.71     0.986719       514820        75.29
        0.71     0.987500       514820        80.00
        0.72     0.988281       516449        85.33
        0.72     0.989062       516449        91.43
        0.72     0.989844       516449        98.46
        0.72     0.990625       516449       106.67
        0.73     0.991406       517738       116.36
        0.73     0.992188       517738       128.00
        0.73     0.992578       517738       134.74
        0.73     0.992969       517738       142.22
        0.73     0.993359       518704       150.59
        0.73     0.993750       518704       160.00
        0.73     0.994141       518704       170.67
        0.73     0.994531       518704       182.86
        0.73     0.994922       518704       196.92
        0.74     0.995313       519411       213.33
        0.74     0.995703       519411       232.73
        0.74     0.996094       519411       256.00
        0.74     0.996289       519411       269.47
        0.74     0.996484       519411       284.44
        0.75     0.996680       519917       301.18
        0.75     0.996875       519917       320.00
        0.75     0.997070       519917       341.33
        0.75     0.997266       519917       365.71
        0.75     0.997461       519917       393.85
        0.76     0.997656       520284       426.67
        0.76     0.997852       520284       465.45
        0.76     0.998047       520284       512.00
        0.76     0.998145       520284       538.95
        0.77     0.998242       520498       568.89
        0.77     0.998340       520498       602.35
        0.77     0.998437       520498       640.00
        0.77     0.998535       520498       682.67
        0.77     0.998633       520498       731.43
        0.78     0.998730       520623       787.69
        0.78     0.998828       520623       853.33
        0.78     0.998926       520718       930.91
        0.78     0.999023       520718      1024.00
        0.79     0.999072       520792      1077.89
        0.79     0.999121       520792      1137.78
        0.79     0.999170       520792      1204.71
        0.80     0.999219       520829      1280.00
        0.80     0.999268       520829      1365.33
        0.81     0.999316       520858      1462.86
        0.81     0.999365       520881      1575.38
        0.82     0.999414       520901      1706.67
        0.85     0.999463       520936      1861.82
        0.87     0.999512       520957      2048.00
        0.88     0.999536       520965      2155.79
        0.90     0.999561       520990      2275.56
        0.90     0.999585       520990      2409.41
        0.91     0.999609       521008      2560.00
        0.92     0.999634       521022      2730.67
        0.93     0.999658       521033      2925.71
        0.94     0.999683       521044      3150.77
        0.95     0.999707       521062      3413.33
        0.96     0.999731       521072      3723.64
        0.97     0.999756       521085      4096.00
        0.97     0.999768       521085      4311.58
        0.98     0.999780       521100      4551.11
        0.98     0.999792       521100      4818.82
        0.99     0.999805       521104      5120.00
        1.00     0.999817       521113      5461.33
        1.01     0.999829       521117      5851.43
        1.02     0.999841       521125      6301.54
        1.03     0.999854       521130      6826.67
        1.05     0.999866       521139      7447.27
        1.06     0.999878       521145      8192.00
        1.06     0.999884       521145      8623.16
        1.07     0.999890       521152      9102.22
        1.07     0.999896       521152      9637.65
        1.09     0.999902       521156     10240.00
        1.10     0.999908       521158     10922.67
        1.12     0.999915       521161     11702.86
        1.13     0.999921       521166     12603.08
        1.14     0.999927       521169     13653.33
        1.14     0.999933       521172     14894.55
        1.15     0.999939       521174     16384.00
        1.16     0.999942       521176     17246.32
        1.17     0.999945       521178     18204.44
        1.17     0.999948       521178     19275.29
        1.18     0.999951       521180     20480.00
        1.19     0.999954       521182     21845.33
        1.20     0.999957       521184     23405.71
        1.21     0.999960       521185     25206.15
        1.22     0.999963       521186     27306.67
        1.25     0.999966       521188     29789.09
        1.26     0.999969       521191     32768.00
        1.26     0.999971       521191     34492.63
        1.26     0.999973       521191     36408.89
        1.27     0.999974       521193     38550.59
        1.27     0.999976       521193     40960.00
        1.28     0.999977       521195     43690.67
        1.28     0.999979       521195     46811.43
        1.28     0.999980       521195     50412.31
        1.29     0.999982       521197     54613.33
        1.29     0.999983       521197     59578.18
        1.29     0.999985       521198     65536.00
        1.29     0.999986       521198     68985.26
        1.29     0.999986       521198     72817.78
        1.30     0.999987       521199     77101.18
        1.30     0.999988       521199     81920.00
        1.31     0.999989       521200     87381.33
        1.31     0.999989       521200     93622.86
        1.31     0.999990       521200    100824.62
        1.32     0.999991       521201    109226.67
        1.32     0.999992       521201    119156.36
        1.34     0.999992       521202    131072.00
        1.34     0.999993       521202    137970.53
        1.34     0.999993       521202    145635.56
        1.34     0.999994       521202    154202.35
        1.34     0.999994       521202    163840.00
        1.36     0.999994       521203    174762.67
        1.36     0.999995       521203    187245.71
        1.36     0.999995       521203    201649.23
        1.36     0.999995       521203    218453.33
        1.36     0.999996       521203    238312.73
        1.38     0.999996       521204    262144.00
        1.38     0.999996       521204    275941.05
        1.38     0.999997       521204    291271.11
        1.38     0.999997       521204    308404.71
        1.38     0.999997       521204    327680.00
        1.38     0.999997       521204    349525.33
        1.38     0.999997       521204    374491.43
        1.38     0.999998       521204    403298.46
        1.38     0.999998       521204    436906.67
        1.38     0.999998       521204    476625.45
        1.39     0.999998       521205    524288.00
        1.39     1.000000       521205          inf
#[Mean    =        0.460, StdDeviation   =        0.102]
#[Max     =        1.391, Total count    =       521205]
#[Buckets =           20, SubBuckets     =          256]
