       Value   Percentile   TotalCount 1/(1-Percentile)

        0.15     0.000000            3         1.00
        0.24     0.050000        35712         1.05
        0.26     0.100000        93549         1.11
        0.26     0.150000       127089         1.18
        0.27     0.200000       149326         1.25
        0.29     0.250000       164334         1.33
        0.32     0.300000       200682         1.43
        0.34     0.350000       252967         1.54
        0.34     0.400000       280409         1.67
        0.35     0.450000       305871         1.82
        0.37     0.500000       337238         2.00
        0.38     0.525000       355761         2.11
        0.38     0.550000       384517         2.22
        0.38     0.575000       384517         2.35
        0.39     0.600000       421662         2.50
        0.39     0.625000       421662         2.67
        0.40     0.650000       460106         2.86
        0.40     0.675000       460106         3.08
        0.40     0.700000       460106         3.33
        0.41     0.725000       495712         3.64
        0.41     0.750000       495712         4.00
        0.41     0.762500       526430         4.21
        0.41     0.775000       526430         4.44
        0.41     0.787500       526430         4.71
        0.41     0.800000       526430         5.00
        0.42     0.812500       547937         5.33
        0.42     0.825000       547937         5.71
        0.43     0.837500       559400         6.15
        0.43     0.850000       559400         6.67
        0.45     0.862500       568362         7.27
        0.48     0.875000       573978         8.00
        0.52     0.881250       578121         8.42
        0.54     0.887500       584745         8.89
        0.54     0.893750       592668         9.41
        0.54     0.900000       592668        10.00
        0.55     0.906250       604812        10.67
        0.55     0.912500       604812        11.43
        0.55     0.918750       604812        12.31
        0.56     0.925000       619399        13.33
        0.56     0.931250       619399        14.55
        0.56     0.937500       619399        16.00
        0.56     0.940625       619399        16.84
        0.56     0.943750       619399        17.78
        0.57     0.946875       633113        18.82
        0.57     0.950000       633113        20.00
        0.57     0.953125       633113        21.33
        0.57     0.956250       633113        22.86
        0.57     0.959375       633113        24.62
        0.57     0.962500       633113        26.67
        0.57     0.965625       642759        29.09
        0.57     0.968750       642759        32.00
        0.57     0.970313       642759        33.68
        0.57     0.971875       642759        35.56
        0.57     0.973437       642759        37.65
        0.57     0.975000       642759        40.00
        0.57     0.976562       642759        42.67
        0.57     0.978125       642759        45.71
        0.57     0.979688       642759        49.23
        0.58     0.981250       648435        53.33
        0.58     0.982812       648435        58.18
        0.58     0.984375       648435        64.00
        0.58     0.985156       648435        67.37
        0.58     0.985938       648435        71.11
        0.58     0.986719       648435        75.29
        0.58     0.987500       648435        80.00
        0.58     0.988281       648435        85.33
        0.59     0.989062       651275        91.43
        0.59     0.989844       651275        98.46
        0.59     0.990625       651275       106.67
        0.59     0.991406       651275       116.36
        0.59     0.992188       651275       128.00
        0.59     0.992578       651275       134.74
        0.59     0.992969       651275       142.22
        0.60     0.993359       652647       150.59
        0.60     0.993750       652647       160.00
        0.60     0.994141       652647       170.67
        0.60     0.994531       652647       182.86
        0.60     0.994922       652647       196.92
        0.61     0.995313       653453       213.33
        0.61     0.995703       653453       232.73
        0.61     0.996094       653453       256.00
        0.61     0.996289       653453       269.47
        0.61     0.996484       653978       284.44
        0.61     0.996680       653978       301.18
        0.61     0.996875       653978       320.00
        0.61     0.997070       653978       341.33
        0.62     0.997266       654375       365.71
        0.62     0.997461       654375       393.85
        0.62     0.997656       654375       426.67
        0.63     0.997852       654640       465.45
        0.63     0.998047       654640       512.00
        0.63     0.998145       654640       538.95
        0.64     0.998242       654827       568.89
        0.64     0.998340       654827       602.35
        0.64     0.998437       654827       640.00
        0.65     0.998535       654996       682.67
        0.65     0.998633       654996       731.43
        0.66     0.998730       655165       787.69
        0.66     0.998828       655165       853.33
        0.66     0.998926       655165       930.91
        0.66     0.999023       655324      1024.00
        0.66     0.999072       655324      1077.89
        0.66     0.999121       655324      1137.78
        0.66     0.999170       655324      1204.71
        0.66     0.999219       655324      1280.00
        0.67     0.999268       655437      1365.33
        0.67     0.999316       655437      1462.86
        0.67     0.999365       655437      1575.38
        0.68     0.999414       655541      1706.67
        0.68     0.999463       655541      1861.82
        0.68     0.999512       655541      2048.00
        0.68     0.999536       655541      2155.79
        0.69     0.999561       655641      2275.56
        0.69     0.999585       655641      2409.41
        0.69     0.999609       655641      2560.00
        0.69     0.999634       655641      2730.67
        0.69     0.999658       655641      2925.71
        0.69     0.999683       655641      3150.77
        0.69     0.999707       655694      3413.33
        0.69     0.999731       655694      3723.64
        0.69     0.999756       655694      4096.00
        0.69     0.999768       655694      4311.58
        0.69     0.999780       655694      4551.11
        0.70     0.999792       655725      4818.82
        0.70     0.999805       655725      5120.00
        0.70     0.999817       655725      5461.33
        0.70     0.999829       655725      5851.43
        0.71     0.999841       655744      6301.54
        0.71     0.999854       655744      6826.67
        0.72     0.999866       655754      7447.27
        0.73     0.999878       655762      8192.00
        0.73     0.999884       655762      8623.16
        0.73     0.999890       655766      9102.22
        0.74     0.999896       655768      9637.65
        0.76     0.999902       655772     10240.00
        0.78     0.999908       655778     10922.67
        0.80     0.999915       655779     11702.86
        0.83     0.999921       655783     12603.08
        1.43     0.999927       655787     13653.33
        1.73     0.999933       655791     14894.55
        2.43     0.999939       655795     16384.00
        2.45     0.999942       655798     17246.32
        2.50     0.999945       655799     18204.44
        2.51     0.999948       655801     19275.29
        2.56     0.999951       655803     20480.00
        2.59     0.999954       655805     21845.33
        2.64     0.999957       655807     23405.71
        2.69     0.999960       655809     25206.15
        2.83     0.999963       655811     27306.67
        3.04     0.999966       655814     29789.09
        3.06     0.999969       655816     32768.00
        3.06     0.999971       655816     34492.63
        3.09     0.999973       655817     36408.89
        3.12     0.999974       655818     38550.59
        3.13     0.999976       655819     40960.00
        3.18     0.999977       655820     43690.67
        3.25     0.999979       655821     46811.43
        3.26     0.999980       655823     50412.31
        3.26     0.999982       655823     54613.33
        3.34     0.999983       655824     59578.18
        3.36     0.999985       655825     65536.00
        3.42     0.999986       655826     68985.26
        3.42     0.999986       655826     72817.78
        3.44     0.999987       655827     77101.18
        3.44     0.999988       655827     81920.00
        3.47     0.999989       655828     87381.33
        3.47     0.999989       655828     93622.86
        3.50     0.999990       655829    100824.62
        3.50     0.999991       655829    109226.67
        3.52     0.999992       655830    119156.36
        3.52     0.999992       655830    131072.00
        3.54     0.999993       655832    137970.53
        3.54     0.999993       655832    145635.56
        3.54     0.999994       655832    154202.35
        3.54     0.999994       655832    163840.00
        3.54     0.999994       655832    174762.67
        3.54     0.999995       655832    187245.71
        3.54     0.999995       655832    201649.23
        3.54     0.999995       655832    218453.33
        3.55     0.999996       655833    238312.73
        3.55     0.999996       655833    262144.00
        3.55     0.999996       655833    275941.05
        3.55     0.999997       655833    291271.11
        3.55     0.999997       655833    308404.71
        3.55     0.999997       655833    327680.00
        3.68     0.999997       655834    349525.33
        3.68     0.999997       655834    374491.43
        3.68     0.999998       655834    403298.46
        3.68     0.999998       655834    436906.67
        3.68     0.999998       655834    476625.45
        3.68     0.999998       655834    524288.00
        3.68     0.999998       655834    551882.11
        3.68     0.999998       655834    582542.22
        3.68     0.999998       655834    616809.41
        3.68     0.999998       655834    655360.00
        3.76     0.999999       655835    699050.67
        3.76     1.000000       655835          inf
#[Mean    =        0.366, StdDeviation   =        0.097]
#[Max     =        3.759, Total count    =       655835]
#[Buckets =           20, SubBuckets     =          256]
