       Value   Percentile   TotalCount 1/(1-Percentile)

        0.14     0.000000            2         1.00
        0.35     0.050000        57284         1.05
        0.36     0.100000       100255         1.11
        0.36     0.150000       100255         1.18
        0.37     0.200000       162095         1.25
        0.37     0.250000       162095         1.33
        0.38     0.300000       239867         1.43
        0.38     0.350000       239867         1.54
        0.38     0.400000       327922         1.67
        0.38     0.450000       327922         1.82
        0.38     0.500000       327922         2.00
        0.39     0.525000       415540         2.11
        0.39     0.550000       415540         2.22
        0.39     0.575000       415540         2.35
        0.39     0.600000       415540         2.50
        0.39     0.625000       415540         2.67
        0.39     0.650000       415540         2.86
        0.40     0.675000       489989         3.08
        0.40     0.700000       489989         3.33
        0.40     0.725000       489989         3.64
        0.40     0.750000       489989         4.00
        0.40     0.762500       489989         4.21
        0.40     0.775000       489989         4.44
        0.41     0.787500       544348         4.71
        0.41     0.800000       544348         5.00
        0.41     0.812500       544348         5.33
        0.41     0.825000       544348         5.71
        0.41     0.837500       544348         6.15
        0.41     0.850000       544348         6.67
        0.41     0.862500       544348         7.27
        0.41     0.875000       579713         8.00
        0.41     0.881250       579713         8.42
        0.41     0.887500       579713         8.89
        0.41     0.893750       579713         9.41
        0.41     0.900000       579713        10.00
        0.41     0.906250       579713        10.67
        0.41     0.912500       579713        11.43
        0.41     0.918750       579713        12.31
        0.41     0.925000       579713        13.33
        0.42     0.931250       600392        14.55
        0.42     0.937500       600392        16.00
        0.42     0.940625       600392        16.84
        0.42     0.943750       600392        17.78
        0.42     0.946875       600392        18.82
        0.42     0.950000       600392        20.00
        0.42     0.953125       600392        21.33
        0.42     0.956250       600392        22.86
        0.43     0.959375       612060        24.62
        0.43     0.962500       612060        26.67
        0.43     0.965625       612060        29.09
        0.43     0.968750       612060        32.00
        0.43     0.970313       612060        33.68
        0.43     0.971875       612060        35.56
        0.43     0.973437       612060        37.65
        0.43     0.975000       612060        40.00
        0.43     0.976562       612060        42.67
        0.44     0.978125       618294        45.71
        0.44     0.979688       618294        49.23
        0.44     0.981250       618294        53.33
        0.44     0.982812       618294        58.18
        0.44     0.984375       618294        64.00
        0.44     0.985156       618294        67.37
        0.44     0.985938       618294        71.11
        0.44     0.986719       618294        75.29
        0.44     0.987500       618294        80.00
        0.45     0.988281       621590        85.33
        0.45     0.989062       621590        91.43
        0.45     0.989844       621590        98.46
        0.45     0.990625       621590       106.67
        0.45     0.991406       621590       116.36
        0.45     0.992188       621590       128.00
        0.45     0.992578       621590       134.74
        0.46     0.992969       623373       142.22
        0.46     0.993359       623373       150.59
        0.46     0.993750       623373       160.00
        0.46     0.994141       623373       170.67
        0.46     0.994531       623373       182.86
        0.46     0.994922       623373       196.92
        0.46     0.995313       623373       213.33
        0.46     0.995703       624344       232.73
        0.46     0.996094       624344       256.00
        0.46     0.996289       624344       269.47
        0.46     0.996484       624344       284.44
        0.46     0.996680       624344       301.18
        0.46     0.996875       624344       320.00
        0.46     0.997070       624344       341.33
        0.47     0.997266       624957       365.71
        0.47     0.997461       624957       393.85
        0.47     0.997656       624957       426.67
        0.47     0.997852       624957       465.45
        0.47     0.998047       624957       512.00
        0.47     0.998145       624957       538.95
        0.48     0.998242       625285       568.89
        0.48     0.998340       625285       602.35
        0.48     0.998437       625285       640.00
        0.48     0.998535       625285       682.67
        0.48     0.998633       625285       731.43
        0.49     0.998730       625477       787.69
        0.49     0.998828       625477       853.33
        0.49     0.998926       625477       930.91
        0.49     0.999023       625477      1024.00
        0.49     0.999072       625591      1077.89
        0.49     0.999121       625591      1137.78
        0.49     0.999170       625591      1204.71
        0.50     0.999219       625662      1280.00
        0.50     0.999268       625662      1365.33
        0.50     0.999316       625662      1462.86
        0.51     0.999365       625696      1575.38
        0.52     0.999414       625720      1706.67
        0.54     0.999463       625767      1861.82
        0.56     0.999512       625794      2048.00
        0.57     0.999536       625806      2155.79
        0.57     0.999561       625821      2275.56
        0.58     0.999585       625831      2409.41
        0.61     0.999609       625844      2560.00
        0.69     0.999634       625859      2730.67
        0.72     0.999658       625887      2925.71
        0.73     0.999683       625901      3150.77
        0.73     0.999707       625918      3413.33
        0.73     0.999731       625918      3723.64
        0.75     0.999756       625942      4096.00
        0.75     0.999768       625942      4311.58
        0.76     0.999780       625949      4551.11
        0.77     0.999792       625957      4818.82
        0.79     0.999805       625964      5120.00
        0.85     0.999817       625973      5461.33
        0.87     0.999829       625986      5851.43
        0.88     0.999841       625994      6301.54
        0.89     0.999854       626009      6826.67
        0.89     0.999866       626009      7447.27
        0.90     0.999878       626021      8192.00
        0.90     0.999884       626021      8623.16
        0.90     0.999890       626021      9102.22
        0.90     0.999896       626027      9637.65
        0.90     0.999902       626027     10240.00
        0.91     0.999908       626035     10922.67
        0.91     0.999915       626035     11702.86
        0.92     0.999921       626048     12603.08
        0.92     0.999927       626048     13653.33
        0.92     0.999933       626048     14894.55
        0.92     0.999939       626048     16384.00
        0.93     0.999942       626057     17246.32
        0.93     0.999945       626057     18204.44
        0.93     0.999948       626057     19275.29
        0.93     0.999951       626057     20480.00
        0.94     0.999954       626064     21845.33
        0.94     0.999957       626064     23405.71
        0.94     0.999960       626064     25206.15
        0.94     0.999963       626064     27306.67
        0.94     0.999966       626068     29789.09
        0.94     0.999969       626068     32768.00
        0.94     0.999971       626068     34492.63
        0.95     0.999973       626076     36408.89
        0.95     0.999974       626076     38550.59
        0.95     0.999976       626076     40960.00
        0.95     0.999977       626076     43690.67
        0.95     0.999979       626076     46811.43
        0.95     0.999980       626076     50412.31
        0.95     0.999982       626076     54613.33
        0.95     0.999983       626076     59578.18
        0.96     0.999985       626077     65536.00
        0.96     0.999986       626077     68985.26
        0.97     0.999986       626080     72817.78
        0.97     0.999987       626080     77101.18
        0.97     0.999988       626080     81920.00
        0.97     0.999989       626080     87381.33
        0.97     0.999989       626080     93622.86
        0.97     0.999990       626080    100824.62
        0.98     0.999991       626082    109226.67
        0.98     0.999992       626082    119156.36
        0.98     0.999992       626082    131072.00
        0.98     0.999993       626082    137970.53
        0.98     0.999993       626082    145635.56
        0.98     0.999994       626082    154202.35
        0.99     0.999994       626084    163840.00
        0.99     0.999994       626084    174762.67
        0.99     0.999995       626084    187245.71
        0.99     0.999995       626084    201649.23
        0.99     0.999995       626084    218453.33
        0.99     0.999996       626084    238312.73
        0.99     0.999996       626084    262144.00
        0.99     0.999996       626084    275941.05
        0.99     0.999997       626084    291271.11
        0.99     0.999997       626084    308404.71
        1.00     0.999997       626085    327680.00
        1.00     0.999997       626085    349525.33
        1.00     0.999997       626085    374491.43
        1.00     0.999998       626085    403298.46
        1.00     0.999998       626085    436906.67
        1.00     0.999998       626085    476625.45
        1.00     0.999998       626085    524288.00
        1.00     0.999998       626085    551882.11
        1.00     0.999998       626085    582542.22
        1.00     0.999998       626085    616809.41
        1.01     0.999998       626086    655360.00
        1.01     1.000000       626086          inf
#[Mean    =        0.383, StdDeviation   =        0.026]
#[Max     =        1.015, Total count    =       626086]
#[Buckets =           20, SubBuckets     =          256]
