       Value   Percentile   TotalCount 1/(1-Percentile)

        0.15     0.000000            5         1.00
        0.20     0.050000        40010         1.05
        0.21     0.100000        77967         1.11
        0.23     0.150000       119734         1.18
        0.26     0.200000       177061         1.25
        0.26     0.250000       212156         1.33
        0.27     0.300000       237092         1.43
        0.29     0.350000       305739         1.54
        0.29     0.400000       337531         1.67
        0.30     0.450000       363582         1.82
        0.31     0.500000       409344         2.00
        0.31     0.525000       409344         2.11
        0.32     0.550000       474966         2.22
        0.32     0.575000       474966         2.35
        0.32     0.600000       474966         2.50
        0.33     0.625000       532292         2.67
        0.33     0.650000       532292         2.86
        0.33     0.675000       532292         3.08
        0.34     0.700000       577042         3.33
        0.34     0.725000       577042         3.64
        0.34     0.750000       617738         4.00
        0.34     0.762500       617738         4.21
        0.34     0.775000       617738         4.44
        0.34     0.787500       617738         4.71
        0.35     0.800000       645759         5.00
        0.35     0.812500       645759         5.33
        0.35     0.825000       645759         5.71
        0.36     0.837500       658294         6.15
        0.37     0.850000       663121         6.67
        0.41     0.862500       671170         7.27
        0.43     0.875000       680610         8.00
        0.44     0.881250       693103         8.42
        0.44     0.887500       693103         8.89
        0.45     0.893750       715093         9.41
        0.45     0.900000       715093        10.00
        0.45     0.906250       715093        10.67
        0.45     0.912500       715093        11.43
        0.45     0.918750       715093        12.31
        0.46     0.925000       741653        13.33
        0.46     0.931250       741653        14.55
        0.46     0.937500       741653        16.00
        0.46     0.940625       741653        16.84
        0.46     0.943750       741653        17.78
        0.46     0.946875       741653        18.82
        0.46     0.950000       741653        20.00
        0.46     0.953125       741653        21.33
        0.46     0.956250       762246        22.86
        0.46     0.959375       762246        24.62
        0.46     0.962500       762246        26.67
        0.46     0.965625       762246        29.09
        0.46     0.968750       762246        32.00
        0.46     0.970313       762246        33.68
        0.46     0.971875       762246        35.56
        0.46     0.973437       762246        37.65
        0.46     0.975000       762246        40.00
        0.46     0.976562       762246        42.67
        0.46     0.978125       762246        45.71
        0.46     0.979688       762246        49.23
        0.47     0.981250       772323        53.33
        0.47     0.982812       772323        58.18
        0.47     0.984375       772323        64.00
        0.47     0.985156       772323        67.37
        0.47     0.985938       772323        71.11
        0.47     0.986719       772323        75.29
        0.47     0.987500       772323        80.00
        0.47     0.988281       772323        85.33
        0.47     0.989062       772323        91.43
        0.47     0.989844       772323        98.46
        0.47     0.990625       772323       106.67
        0.47     0.991406       772323       116.36
        0.47     0.992188       772323       128.00
        0.47     0.992578       772323       134.74
        0.47     0.992969       772323       142.22
        0.47     0.993359       772323       150.59
        0.48     0.993750       775616       160.00
        0.48     0.994141       775616       170.67
        0.48     0.994531       775616       182.86
        0.48     0.994922       775616       196.92
        0.48     0.995313       775616       213.33
        0.48     0.995703       775616       232.73
        0.48     0.996094       775616       256.00
        0.48     0.996289       775616       269.47
        0.48     0.996484       775616       284.44
        0.48     0.996680       775616       301.18
        0.48     0.996875       775616       320.00
        0.48     0.997070       775616       341.33
        0.48     0.997266       775616       365.71
        0.48     0.997461       775616       393.85
        0.48     0.997656       775616       426.67
        0.48     0.997852       775616       465.45
        0.49     0.998047       776453       512.00
        0.49     0.998145       776453       538.95
        0.49     0.998242       776453       568.89
        0.49     0.998340       776453       602.35
        0.49     0.998437       776453       640.00
        0.49     0.998535       776453       682.67
        0.49     0.998633       776453       731.43
        0.49     0.998730       776453       787.69
        0.49     0.998828       776453       853.33
        0.49     0.998926       776453       930.91
        0.49     0.999023       776703      1024.00
        0.49     0.999072       776703      1077.89
        0.49     0.999121       776703      1137.78
        0.49     0.999170       776703      1204.71
        0.49     0.999219       776703      1280.00
        0.49     0.999268       776703      1365.33
        0.50     0.999316       776839      1462.86
        0.50     0.999365       776839      1575.38
        0.50     0.999414       776839      1706.67
        0.51     0.999463       776921      1861.82
        0.51     0.999512       776921      2048.00
        0.51     0.999536       776921      2155.79
        0.52     0.999561       776960      2275.56
        0.52     0.999585       776960      2409.41
        0.53     0.999609       776985      2560.00
        0.53     0.999634       776985      2730.67
        0.54     0.999658       777012      2925.71
        0.54     0.999683       777033      3150.77
        0.55     0.999707       777049      3413.33
        0.56     0.999731       777064      3723.64
        0.57     0.999756       777079      4096.00
        0.57     0.999768       777088      4311.58
        0.59     0.999780       777107      4551.11
        0.59     0.999792       777107      4818.82
        0.60     0.999805       777122      5120.00
        0.61     0.999817       777136      5461.33
        0.61     0.999829       777136      5851.43
        0.62     0.999841       777146      6301.54
        0.63     0.999854       777155      6826.67
        0.64     0.999866       777164      7447.27
        0.65     0.999878       777174      8192.00
        0.66     0.999884       777180      8623.16
        0.66     0.999890       777183      9102.22
        0.67     0.999896       777193      9637.65
        0.67     0.999902       777193     10240.00
        0.68     0.999908       777199     10922.67
        0.69     0.999915       777206     11702.86
        0.69     0.999921       777212     12603.08
        0.69     0.999927       777212     13653.33
        0.71     0.999933       777217     14894.55
        0.72     0.999939       777225     16384.00
        0.72     0.999942       777225     17246.32
        0.73     0.999945       777227     18204.44
        0.73     0.999948       777230     19275.29
        0.74     0.999951       777238     20480.00
        0.74     0.999954       777238     21845.33
        0.74     0.999957       777238     23405.71
        0.74     0.999960       777238     25206.15
        0.75     0.999963       777241     27306.67
        0.76     0.999966       777242     29789.09
        0.77     0.999969       777245     32768.00
        0.78     0.999971       777248     34492.63
        0.78     0.999973       777248     36408.89
        0.78     0.999974       777248     38550.59
        0.78     0.999976       777250     40960.00
        0.79     0.999977       777251     43690.67
        0.80     0.999979       777254     46811.43
        0.80     0.999980       777254     50412.31
        0.80     0.999982       777254     54613.33
        0.81     0.999983       777258     59578.18
        0.81     0.999985       777258     65536.00
        0.81     0.999986       777258     68985.26
        0.81     0.999986       777258     72817.78
        0.81     0.999987       777258     77101.18
        0.81     0.999988       777261     81920.00
        0.81     0.999989       777261     87381.33
        0.81     0.999989       777261     93622.86
        0.81     0.999990       777261    100824.62
        0.81     0.999991       777261    109226.67
        0.82     0.999992       777262    119156.36
        0.83     0.999992       777264    131072.00
        0.83     0.999993       777264    137970.53
        0.83     0.999993       777264    145635.56
        0.83     0.999994       777264    154202.35
        0.83     0.999994       777264    163840.00
        0.83     0.999994       777264    174762.67
        0.83     0.999995       777264    187245.71
        0.84     0.999995       777265    201649.23
        0.84     0.999995       777265    218453.33
        0.84     0.999996       777265    238312.73
        0.85     0.999996       777266    262144.00
        0.85     0.999996       777266    275941.05
        0.85     0.999997       777266    291271.11
        0.85     0.999997       777266    308404.71
        0.85     0.999997       777266    327680.00
        0.85     0.999997       777266    349525.33
        0.85     0.999997       777266    374491.43
        0.90     0.999998       777267    403298.46
        0.90     0.999998       777267    436906.67
        0.90     0.999998       777267    476625.45
        0.90     0.999998       777267    524288.00
        0.90     0.999998       777267    551882.11
        0.90     0.999998       777267    582542.22
        0.90     0.999998       777267    616809.41
        0.90     0.999998       777267    655360.00
        0.90     0.999999       777267    699050.67
        0.90     0.999999       777267    748982.86
        1.09     0.999999       777268    806596.92
        1.09     1.000000       777268          inf
#[Mean    =        0.309, StdDeviation   =        0.073]
#[Max     =        1.095, Total count    =       777268]
#[Buckets =           20, SubBuckets     =          256]
