       Value   Percentile   TotalCount 1/(1-Percentile)

        0.17     0.000000            1         1.00
        0.27     0.050000        39565         1.05
        0.28     0.100000        60997         1.11
        0.32     0.150000        90845         1.18
        0.34     0.200000       139821         1.25
        0.35     0.250000       166441         1.33
        0.36     0.300000       193185         1.43
        0.37     0.350000       219594         1.54
        0.38     0.400000       239786         1.67
        0.39     0.450000       268135         1.82
        0.41     0.500000       322342         2.00
        0.41     0.525000       322342         2.11
        0.41     0.550000       359603         2.22
        0.41     0.575000       359603         2.35
        0.41     0.600000       359603         2.50
        0.42     0.625000       397314         2.67
        0.42     0.650000       397314         2.86
        0.43     0.675000       433354         3.08
        0.43     0.700000       433354         3.33
        0.43     0.725000       433354         3.64
        0.44     0.750000       463574         4.00
        0.44     0.762500       463574         4.21
        0.44     0.775000       463574         4.44
        0.45     0.787500       483527         4.71
        0.45     0.800000       483527         5.00
        0.45     0.812500       483527         5.33
        0.46     0.825000       493746         5.71
        0.46     0.837500       498761         6.15
        0.49     0.850000       505054         6.67
        0.55     0.862500       511603         7.27
        0.57     0.875000       522158         8.00
        0.57     0.881250       533194         8.42
        0.57     0.887500       533194         8.89
        0.57     0.893750       533194         9.41
        0.58     0.900000       547145        10.00
        0.58     0.906250       547145        10.67
        0.58     0.912500       547145        11.43
        0.58     0.918750       547145        12.31
        0.59     0.925000       561903        13.33
        0.59     0.931250       561903        14.55
        0.59     0.937500       561903        16.00
        0.59     0.940625       561903        16.84
        0.59     0.943750       561903        17.78
        0.59     0.946875       561903        18.82
        0.60     0.950000       573816        20.00
        0.60     0.953125       573816        21.33
        0.60     0.956250       573816        22.86
        0.60     0.959375       573816        24.62
        0.60     0.962500       573816        26.67
        0.60     0.965625       573816        29.09
        0.61     0.968750       581683        32.00
        0.61     0.970313       581683        33.68
        0.61     0.971875       581683        35.56
        0.61     0.973437       581683        37.65
        0.61     0.975000       581683        40.00
        0.61     0.976562       581683        42.67
        0.61     0.978125       581683        45.71
        0.61     0.979688       581683        49.23
        0.61     0.981250       581683        53.33
        0.61     0.982812       585825        58.18
        0.61     0.984375       585825        64.00
        0.61     0.985156       585825        67.37
        0.61     0.985938       585825        71.11
        0.61     0.986719       585825        75.29
        0.61     0.987500       585825        80.00
        0.62     0.988281       588018        85.33
        0.62     0.989062       588018        91.43
        0.62     0.989844       588018        98.46
        0.62     0.990625       588018       106.67
        0.62     0.991406       588018       116.36
        0.63     0.992188       589209       128.00
        0.63     0.992578       589209       134.74
        0.63     0.992969       589209       142.22
        0.63     0.993359       589209       150.59
        0.63     0.993750       589209       160.00
        0.64     0.994141       589940       170.67
        0.64     0.994531       589940       182.86
        0.64     0.994922       589940       196.92
        0.65     0.995313       590437       213.33
        0.65     0.995703       590437       232.73
        0.66     0.996094       590850       256.00
        0.66     0.996289       590850       269.47
        0.66     0.996484       590850       284.44
        0.66     0.996680       590850       301.18
        0.66     0.996875       591197       320.00
        0.66     0.997070       591197       341.33
        0.66     0.997266       591197       365.71
        0.67     0.997461       591470       393.85
        0.67     0.997656       591470       426.67
        0.68     0.997852       591720       465.45
        0.68     0.998047       591720       512.00
        0.68     0.998145       591720       538.95
        0.69     0.998242       591907       568.89
        0.69     0.998340       591907       602.35
        0.69     0.998437       591907       640.00
        0.69     0.998535       592074       682.67
        0.69     0.998633       592074       731.43
        0.69     0.998730       592074       787.69
        0.70     0.998828       592228       853.33
        0.70     0.998926       592228       930.91
        0.70     0.999023       592228      1024.00
        0.71     0.999072       592336      1077.89
        0.71     0.999121       592336      1137.78
        0.71     0.999170       592336      1204.71
        0.71     0.999219       592336      1280.00
        0.72     0.999268       592427      1365.33
        0.72     0.999316       592427      1462.86
        0.72     0.999365       592427      1575.38
        0.73     0.999414       592502      1706.67
        0.73     0.999463       592502      1861.82
        0.73     0.999512       592549      2048.00
        0.73     0.999536       592549      2155.79
        0.73     0.999561       592549      2275.56
        0.73     0.999585       592549      2409.41
        0.74     0.999609       592575      2560.00
        0.75     0.999634       592596      2730.67
        0.75     0.999658       592596      2925.71
        0.76     0.999683       592607      3150.77
        0.79     0.999707       592624      3413.33
        0.81     0.999731       592637      3723.64
        0.84     0.999756       592655      4096.00
        0.85     0.999768       592660      4311.58
        0.86     0.999780       592669      4551.11
        0.87     0.999792       592679      4818.82
        0.88     0.999805       592683      5120.00
        0.89     0.999817       592695      5461.33
        0.89     0.999829       592695      5851.43
        0.90     0.999841       592704      6301.54
        0.93     0.999854       592711      6826.67
        0.94     0.999866       592718      7447.27
        0.96     0.999878       592725      8192.00
        0.97     0.999884       592731      8623.16
        0.97     0.999890       592731      9102.22
        1.00     0.999896       592734      9637.65
        1.08     0.999902       592738     10240.00
        1.35     0.999908       592741     10922.67
        1.39     0.999915       592745     11702.86
        1.53     0.999921       592748     12603.08
        2.16     0.999927       592752     13653.33
        2.27     0.999933       592757     14894.55
        2.32     0.999939       592761     16384.00
        2.32     0.999942       592761     17246.32
        2.37     0.999945       592764     18204.44
        2.38     0.999948       592765     19275.29
        2.43     0.999951       592767     20480.00
        2.46     0.999954       592768     21845.33
        2.58     0.999957       592771     23405.71
        2.62     0.999960       592773     25206.15
        2.64     0.999963       592774     27306.67
        2.67     0.999966       592776     29789.09
        2.72     0.999969       592777     32768.00
        2.73     0.999971       592778     34492.63
        2.75     0.999973       592779     36408.89
        2.80     0.999974       592780     38550.59
        2.88     0.999976       592781     40960.00
        2.98     0.999977       592782     43690.67
        3.02     0.999979       592783     46811.43
        3.36     0.999980       592784     50412.31
        3.39     0.999982       592785     54613.33
        3.41     0.999983       592786     59578.18
        3.41     0.999985       592786     65536.00
        3.46     0.999986       592787     68985.26
        3.46     0.999986       592787     72817.78
        3.47     0.999987       592788     77101.18
        3.47     0.999988       592788     81920.00
        3.49     0.999989       592789     87381.33
        3.49     0.999989       592789     93622.86
        3.52     0.999990       592790    100824.62
        3.52     0.999991       592790    109226.67
        3.55     0.999992       592792    119156.36
        3.55     0.999992       592792    131072.00
        3.55     0.999993       592792    137970.53
        3.55     0.999993       592792    145635.56
        3.55     0.999994       592792    154202.35
        3.55     0.999994       592792    163840.00
        3.55     0.999994       592792    174762.67
        3.55     0.999995       592792    187245.71
        3.65     0.999995       592793    201649.23
        3.65     0.999995       592793    218453.33
        3.65     0.999996       592793    238312.73
        3.65     0.999996       592793    262144.00
        3.65     0.999996       592793    275941.05
        3.65     0.999997       592793    291271.11
        3.77     0.999997       592794    308404.71
        3.77     0.999997       592794    327680.00
        3.77     0.999997       592794    349525.33
        3.77     0.999997       592794    374491.43
        3.77     0.999998       592794    403298.46
        3.77     0.999998       592794    436906.67
        3.77     0.999998       592794    476625.45
        3.77     0.999998       592794    524288.00
        3.77     0.999998       592794    551882.11
        3.77     0.999998       592794    582542.22
        3.81     0.999998       592795    616809.41
        3.81     1.000000       592795          inf
#[Mean    =        0.405, StdDeviation   =        0.095]
#[Max     =        3.807, Total count    =       592795]
#[Buckets =           20, SubBuckets     =          256]
