       Value   Percentile   TotalCount 1/(1-Percentile)

        0.20     0.000000            1         1.00
        0.60     0.050000        20797         1.05
        0.62     0.100000        39351         1.11
        0.64     0.150000        58600         1.18
        0.65     0.200000        70342         1.25
        0.66     0.250000        98741         1.33
        0.67     0.300000       115349         1.43
        0.68     0.350000       132777         1.54
        0.69     0.400000       150901         1.67
        0.69     0.450000       169518         1.82
        0.70     0.500000       188092         2.00
        0.70     0.525000       188092         2.11
        0.71     0.550000       206217         2.22
        0.71     0.575000       206217         2.35
        0.71     0.600000       206217         2.50
        0.72     0.625000       223233         2.67
        0.72     0.650000       223233         2.86
        0.73     0.675000       239157         3.08
        0.73     0.700000       253840         3.33
        0.73     0.725000       253840         3.64
        0.74     0.750000       266914         4.00
        0.74     0.762500       266914         4.21
        0.74     0.775000       266914         4.44
        0.75     0.787500       278679         4.71
        0.75     0.800000       278679         5.00
        0.76     0.812500       288884         5.33
        0.76     0.825000       288884         5.71
        0.76     0.837500       288884         6.15
        0.77     0.850000       297840         6.67
        0.77     0.862500       297840         7.27
        0.78     0.875000       305588         8.00
        0.78     0.881250       305588         8.42
        0.78     0.887500       305588         8.89
        0.78     0.893750       312189         9.41
        0.78     0.900000       312189        10.00
        0.78     0.906250       312189        10.67
        0.79     0.912500       317677        11.43
        0.79     0.918750       317677        12.31
        0.79     0.925000       317677        13.33
        0.80     0.931250       322202        14.55
        0.80     0.937500       322202        16.00
        0.81     0.940625       326020        16.84
        0.81     0.943750       326020        17.78
        0.81     0.946875       326020        18.82
        0.81     0.950000       329091        20.00
        0.81     0.953125       329091        21.33
        0.81     0.956250       329091        22.86
        0.82     0.959375       331680        24.62
        0.82     0.962500       331680        26.67
        0.82     0.965625       331680        29.09
        0.83     0.968750       333885        32.00
        0.83     0.970313       333885        33.68
        0.83     0.971875       333885        35.56
        0.84     0.973437       335672        37.65
        0.84     0.975000       335672        40.00
        0.84     0.976562       335672        42.67
        0.85     0.978125       337068        45.71
        0.85     0.979688       337068        49.23
        0.85     0.981250       337068        53.33
        0.85     0.982812       338279        58.18
        0.85     0.984375       338279        64.00
        0.85     0.985156       338279        67.37
        0.86     0.985938       339301        71.11
        0.86     0.986719       339301        75.29
        0.86     0.987500       339301        80.00
        0.87     0.988281       340124        85.33
        0.87     0.989062       340124        91.43
        0.87     0.989844       340124        98.46
        0.88     0.990625       340740       106.67
        0.88     0.991406       340740       116.36
        0.88     0.992188       340740       128.00
        0.89     0.992578       341228       134.74
        0.89     0.992969       341228       142.22
        0.89     0.993359       341228       150.59
        0.89     0.993750       341228       160.00
        0.90     0.994141       341612       170.67
        0.90     0.994531       341612       182.86
        0.90     0.994922       341964       196.92
        0.90     0.995313       341964       213.33
        0.90     0.995703       341964       232.73
        0.91     0.996094       342216       256.00
        0.91     0.996289       342216       269.47
        0.91     0.996484       342216       284.44
        0.92     0.996680       342424       301.18
        0.92     0.996875       342424       320.00
        0.92     0.997070       342424       341.33
        0.93     0.997266       342589       365.71
        0.93     0.997461       342589       393.85
        0.93     0.997656       342589       426.67
        0.94     0.997852       342719       465.45
        0.94     0.998047       342719       512.00
        0.94     0.998145       342805       538.95
        0.94     0.998242       342805       568.89
        0.94     0.998340       342805       602.35
        0.95     0.998437       342873       640.00
        0.95     0.998535       342873       682.67
        0.96     0.998633       342933       731.43
        0.97     0.998730       342971       787.69
        0.97     0.998828       343010       853.33
        0.97     0.998926       343010       930.91
        0.98     0.999023       343043      1024.00
        0.99     0.999072       343068      1077.89
        1.00     0.999121       343086      1137.78
        1.01     0.999170       343101      1204.71
        1.01     0.999219       343113      1280.00
        1.02     0.999268       343125      1365.33
        1.04     0.999316       343144      1462.86
        1.06     0.999365       343164      1575.38
        1.07     0.999414       343179      1706.67
        1.09     0.999463       343191      1861.82
        1.10     0.999512       343208      2048.00
        1.11     0.999536       343218      2155.79
        1.12     0.999561       343226      2275.56
        1.13     0.999585       343233      2409.41
        1.14     0.999609       343240      2560.00
        1.14     0.999634       343251      2730.67
        1.16     0.999658       343262      2925.71
        1.17     0.999683       343267      3150.77
        1.18     0.999707       343284      3413.33
        1.18     0.999731       343284      3723.64
        1.20     0.999756       343291      4096.00
        1.21     0.999768       343297      4311.58
        1.22     0.999780       343307      4551.11
        1.22     0.999792       343307      4818.82
        1.22     0.999805       343307      5120.00
        1.22     0.999817       343314      5461.33
        1.23     0.999829       343316      5851.43
        1.24     0.999841       343320      6301.54
        1.25     0.999854       343324      6826.67
        1.28     0.999866       343333      7447.27
        1.28     0.999878       343333      8192.00
        1.29     0.999884       343335      8623.16
        1.31     0.999890       343339      9102.22
        1.31     0.999896       343339      9637.65
        1.32     0.999902       343341     10240.00
        1.35     0.999908       343344     10922.67
        1.36     0.999915       343345     11702.86
        1.52     0.999921       343347     12603.08
        1.62     0.999927       343349     13653.33
        2.14     0.999933       343351     14894.55
        2.77     0.999939       343354     16384.00
        2.88     0.999942       343355     17246.32
        3.09     0.999945       343356     18204.44
        3.41     0.999948       343357     19275.29
        3.47     0.999951       343359     20480.00
        3.47     0.999954       343359     21845.33
        3.52     0.999957       343360     23405.71
        3.58     0.999960       343361     25206.15
        3.60     0.999963       343362     27306.67
        3.73     0.999966       343363     29789.09
        3.81     0.999969       343364     32768.00
        4.19     0.999971       343365     34492.63
        4.19     0.999973       343365     36408.89
        4.42     0.999974       343366     38550.59
        4.42     0.999976       343366     40960.00
        4.45     0.999977       343367     43690.67
        4.45     0.999979       343367     46811.43
        4.48     0.999980       343369     50412.31
        4.48     0.999982       343369     54613.33
        4.48     0.999983       343369     59578.18
        4.48     0.999985       343369     65536.00
        4.54     0.999986       343371     68985.26
        4.54     0.999986       343371     72817.78
        4.54     0.999987       343371     77101.18
        4.54     0.999988       343371     81920.00
        4.54     0.999989       343371     87381.33
        4.54     0.999989       343371     93622.86
        4.54     0.999990       343371    100824.62
        4.54     0.999991       343371    109226.67
        4.77     0.999992       343372    119156.36
        4.77     0.999992       343372    131072.00
        4.77     0.999993       343372    137970.53
        4.77     0.999993       343372    145635.56
        4.77     0.999994       343372    154202.35
        4.77     0.999994       343372    163840.00
        4.80     0.999994       343373    174762.67
        4.80     0.999995       343373    187245.71
        4.80     0.999995       343373    201649.23
        4.80     0.999995       343373    218453.33
        4.80     0.999996       343373    238312.73
        4.80     0.999996       343373    262144.00
        4.80     0.999996       343373    275941.05
        4.80     0.999997       343373    291271.11
        4.80     0.999997       343373    308404.71
        4.80     0.999997       343373    327680.00
        4.83     0.999997       343374    349525.33
        4.83     1.000000       343374          inf
#[Mean    =        0.698, StdDeviation   =        0.074]
#[Max     =        4.831, Total count    =       343374]
#[Buckets =           20, SubBuckets     =          256]
