       Value   Percentile   TotalCount 1/(1-Percentile)

        0.21     0.000000            1         1.00
        0.62     0.050000        20319         1.05
        0.65     0.100000        38288         1.11
        0.66     0.150000        56163         1.18
        0.67     0.200000        66840         1.25
        0.69     0.250000        92655         1.33
        0.69     0.300000       107301         1.43
        0.70     0.350000       123055         1.54
        0.71     0.400000       139638         1.67
        0.72     0.450000       157011         1.82
        0.73     0.500000       174392         2.00
        0.73     0.525000       174392         2.11
        0.73     0.550000       191439         2.22
        0.73     0.575000       191439         2.35
        0.74     0.600000       207824         2.50
        0.74     0.625000       207824         2.67
        0.75     0.650000       223411         2.86
        0.75     0.675000       223411         3.08
        0.76     0.700000       237698         3.33
        0.77     0.725000       250667         3.64
        0.77     0.750000       250667         4.00
        0.78     0.762500       262253         4.21
        0.78     0.775000       262253         4.44
        0.78     0.787500       262253         4.71
        0.78     0.800000       272511         5.00
        0.78     0.812500       272511         5.33
        0.79     0.825000       281596         5.71
        0.79     0.837500       281596         6.15
        0.79     0.850000       281596         6.67
        0.80     0.862500       289304         7.27
        0.80     0.875000       289304         8.00
        0.81     0.881250       295963         8.42
        0.81     0.887500       295963         8.89
        0.81     0.893750       295963         9.41
        0.81     0.900000       301539        10.00
        0.81     0.906250       301539        10.67
        0.82     0.912500       306366        11.43
        0.82     0.918750       306366        12.31
        0.82     0.925000       306366        13.33
        0.83     0.931250       310419        14.55
        0.83     0.937500       310419        16.00
        0.84     0.940625       313731        16.84
        0.84     0.943750       313731        17.78
        0.84     0.946875       313731        18.82
        0.85     0.950000       316524        20.00
        0.85     0.953125       316524        21.33
        0.85     0.956250       316524        22.86
        0.85     0.959375       318745        24.62
        0.85     0.962500       318745        26.67
        0.86     0.965625       320732        29.09
        0.86     0.968750       320732        32.00
        0.86     0.970313       320732        33.68
        0.87     0.971875       322386        35.56
        0.87     0.973437       322386        37.65
        0.87     0.975000       322386        40.00
        0.88     0.976562       323721        42.67
        0.88     0.978125       323721        45.71
        0.89     0.979688       324842        49.23
        0.89     0.981250       324842        53.33
        0.89     0.982812       324842        58.18
        0.90     0.984375       325779        64.00
        0.90     0.985156       325779        67.37
        0.90     0.985938       326568        71.11
        0.90     0.986719       326568        75.29
        0.90     0.987500       326568        80.00
        0.91     0.988281       327176        85.33
        0.91     0.989062       327176        91.43
        0.91     0.989844       327176        98.46
        0.92     0.990625       327766       106.67
        0.92     0.991406       327766       116.36
        0.93     0.992188       328278       128.00
        0.93     0.992578       328278       134.74
        0.93     0.992969       328278       142.22
        0.93     0.993359       328278       150.59
        0.94     0.993750       328658       160.00
        0.94     0.994141       328658       170.67
        0.94     0.994531       328658       182.86
        0.94     0.994922       328976       196.92
        0.94     0.995313       328976       213.33
        0.95     0.995703       329249       232.73
        0.95     0.996094       329249       256.00
        0.95     0.996289       329249       269.47
        0.96     0.996484       329440       284.44
        0.96     0.996680       329440       301.18
        0.96     0.996875       329440       320.00
        0.97     0.997070       329611       341.33
        0.97     0.997266       329611       365.71
        0.97     0.997461       329728       393.85
        0.97     0.997656       329728       426.67
        0.98     0.997852       329824       465.45
        0.98     0.998047       329824       512.00
        0.99     0.998145       329902       538.95
        0.99     0.998242       329902       568.89
        1.00     0.998340       329978       602.35
        1.00     0.998437       329978       640.00
        1.00     0.998535       329978       682.67
        1.01     0.998633       330024       731.43
        1.01     0.998730       330061       787.69
        1.02     0.998828       330103       853.33
        1.03     0.998926       330124       930.91
        1.04     0.999023       330145      1024.00
        1.05     0.999072       330165      1077.89
        1.05     0.999121       330179      1137.78
        1.06     0.999170       330195      1204.71
        1.07     0.999219       330212      1280.00
        1.08     0.999268       330222      1365.33
        1.09     0.999316       330237      1462.86
        1.10     0.999365       330255      1575.38
        1.12     0.999414       330274      1706.67
        1.14     0.999463       330289      1861.82
        1.15     0.999512       330303      2048.00
        1.16     0.999536       330311      2155.79
        1.17     0.999561       330321      2275.56
        1.18     0.999585       330333      2409.41
        1.18     0.999609       330333      2560.00
        1.19     0.999634       330342      2730.67
        1.20     0.999658       330349      2925.71
        1.21     0.999683       330357      3150.77
        1.22     0.999707       330365      3413.33
        1.23     0.999731       330373      3723.64
        1.24     0.999756       330380      4096.00
        1.25     0.999768       330390      4311.58
        1.25     0.999780       330390      4551.11
        1.26     0.999792       330395      4818.82
        1.27     0.999805       330397      5120.00
        1.28     0.999817       330402      5461.33
        1.29     0.999829       330408      5851.43
        1.29     0.999841       330408      6301.54
        1.30     0.999854       330413      6826.67
        1.32     0.999866       330416      7447.27
        1.34     0.999878       330421      8192.00
        1.35     0.999884       330425      8623.16
        1.35     0.999890       330425      9102.22
        1.36     0.999896       330426      9637.65
        1.37     0.999902       330428     10240.00
        1.38     0.999908       330430     10922.67
        1.38     0.999915       330432     11702.86
        1.42     0.999921       330434     12603.08
        1.44     0.999927       330436     13653.33
        3.06     0.999933       330438     14894.55
        3.13     0.999939       330440     16384.00
        3.28     0.999942       330441     17246.32
        3.38     0.999945       330442     18204.44
        3.52     0.999948       330443     19275.29
        3.76     0.999951       330444     20480.00
        3.81     0.999954       330445     21845.33
        3.82     0.999957       330446     23405.71
        3.84     0.999960       330447     25206.15
        3.89     0.999963       330448     27306.67
        4.13     0.999966       330449     29789.09
        4.61     0.999969       330450     32768.00
        4.64     0.999971       330451     34492.63
        4.64     0.999973       330451     36408.89
        4.70     0.999974       330453     38550.59
        4.70     0.999976       330453     40960.00
        4.70     0.999977       330453     43690.67
        4.70     0.999979       330453     46811.43
        4.80     0.999980       330455     50412.31
        4.80     0.999982       330455     54613.33
        4.80     0.999983       330455     59578.18
        4.80     0.999985       330455     65536.00
        4.86     0.999986       330456     68985.26
        4.86     0.999986       330456     72817.78
        4.86     0.999987       330456     77101.18
        4.86     0.999988       330456     81920.00
        5.05     0.999989       330457     87381.33
        5.05     0.999989       330457     93622.86
        5.05     0.999990       330457    100824.62
        5.05     0.999991       330457    109226.67
        5.12     0.999992       330458    119156.36
        5.12     0.999992       330458    131072.00
        5.12     0.999993       330458    137970.53
        5.12     0.999993       330458    145635.56
        5.12     0.999994       330458    154202.35
        5.12     0.999994       330458    163840.00
        5.15     0.999994       330459    174762.67
        5.15     0.999995       330459    187245.71
        5.15     0.999995       330459    201649.23
        5.15     0.999995       330459    218453.33
        5.15     0.999996       330459    238312.73
        5.15     0.999996       330459    262144.00
        5.15     0.999996       330459    275941.05
        5.15     0.999997       330459    291271.11
        5.15     0.999997       330459    308404.71
        5.15     0.999997       330459    327680.00
        5.41     0.999997       330460    349525.33
        5.41     1.000000       330460          inf
#[Mean    =        0.725, StdDeviation   =        0.077]
#[Max     =        5.407, Total count    =       330460]
#[Buckets =           20, SubBuckets     =          256]
