       Value   Percentile   TotalCount 1/(1-Percentile)

        0.20     0.000000            1         1.00
        0.41     0.050000        26646         1.05
        0.44     0.100000        54975         1.11
        0.46     0.150000        84428         1.18
        0.46     0.200000       102265         1.25
        0.47     0.250000       122279         1.33
        0.48     0.300000       144266         1.43
        0.49     0.350000       168360         1.54
        0.49     0.400000       194882         1.67
        0.50     0.450000       222452         1.82
        0.51     0.500000       250203         2.00
        0.51     0.525000       250203         2.11
        0.52     0.550000       277696         2.22
        0.52     0.575000       277696         2.35
        0.53     0.600000       303555         2.50
        0.53     0.625000       303555         2.67
        0.54     0.650000       327619         2.86
        0.54     0.675000       327619         3.08
        0.54     0.700000       349035         3.33
        0.54     0.725000       349035         3.64
        0.55     0.750000       367864         4.00
        0.55     0.762500       367864         4.21
        0.55     0.775000       367864         4.44
        0.56     0.787500       383928         4.71
        0.56     0.800000       383928         5.00
        0.56     0.812500       383928         5.33
        0.57     0.825000       397757         5.71
        0.57     0.837500       397757         6.15
        0.57     0.850000       409570         6.67
        0.57     0.862500       409570         7.27
        0.58     0.875000       419649         8.00
        0.58     0.881250       419649         8.42
        0.58     0.887500       419649         8.89
        0.59     0.893750       428291         9.41
        0.59     0.900000       428291        10.00
        0.59     0.906250       428291        10.67
        0.60     0.912500       435568        11.43
        0.60     0.918750       435568        12.31
        0.61     0.925000       441870        13.33
        0.61     0.931250       441870        14.55
        0.61     0.937500       441870        16.00
        0.61     0.940625       447141        16.84
        0.61     0.943750       447141        17.78
        0.61     0.946875       447141        18.82
        0.62     0.950000       451623        20.00
        0.62     0.953125       451623        21.33
        0.62     0.956250       451623        22.86
        0.63     0.959375       455510        24.62
        0.63     0.962500       455510        26.67
        0.63     0.965625       455510        29.09
        0.64     0.968750       458834        32.00
        0.64     0.970313       458834        33.68
        0.64     0.971875       458834        35.56
        0.64     0.973437       458834        37.65
        0.65     0.975000       461659        40.00
        0.65     0.976562       461659        42.67
        0.65     0.978125       461659        45.71
        0.65     0.979688       461659        49.23
        0.66     0.981250       463760        53.33
        0.66     0.982812       463760        58.18
        0.66     0.984375       463760        64.00
        0.66     0.985156       465581        67.37
        0.66     0.985938       465581        71.11
        0.66     0.986719       465581        75.29
        0.66     0.987500       465581        80.00
        0.66     0.988281       465581        85.33
        0.67     0.989062       466935        91.43
        0.67     0.989844       466935        98.46
        0.67     0.990625       466935       106.67
        0.68     0.991406       467996       116.36
        0.68     0.992188       467996       128.00
        0.68     0.992578       467996       134.74
        0.68     0.992969       467996       142.22
        0.68     0.993359       467996       150.59
        0.69     0.993750       468799       160.00
        0.69     0.994141       468799       170.67
        0.69     0.994531       468799       182.86
        0.69     0.994922       468799       196.92
        0.69     0.995313       469424       213.33
        0.69     0.995703       469424       232.73
        0.69     0.996094       469424       256.00
        0.69     0.996289       469424       269.47
        0.69     0.996484       469424       284.44
        0.70     0.996680       469858       301.18
        0.70     0.996875       469858       320.00
        0.70     0.997070       469858       341.33
        0.70     0.997266       469858       365.71
        0.70     0.997461       469858       393.85
        0.71     0.997656       470169       426.67
        0.71     0.997852       470169       465.45
        0.71     0.998047       470169       512.00
        0.71     0.998145       470169       538.95
        0.72     0.998242       470383       568.89
        0.72     0.998340       470383       602.35
        0.72     0.998437       470383       640.00
        0.72     0.998535       470383       682.67
        0.73     0.998633       470538       731.43
        0.73     0.998730       470538       787.69
        0.73     0.998828       470538       853.33
        0.73     0.998926       470538       930.91
        0.73     0.999023       470667      1024.00
        0.73     0.999072       470667      1077.89
        0.73     0.999121       470667      1137.78
        0.73     0.999170       470667      1204.71
        0.74     0.999219       470761      1280.00
        0.74     0.999268       470761      1365.33
        0.74     0.999316       470761      1462.86
        0.74     0.999365       470761      1575.38
        0.74     0.999414       470761      1706.67
        0.75     0.999463       470818      1861.82
        0.75     0.999512       470818      2048.00
        0.75     0.999536       470818      2155.79
        0.76     0.999561       470856      2275.56
        0.76     0.999585       470856      2409.41
        0.76     0.999609       470856      2560.00
        0.77     0.999634       470890      2730.67
        0.77     0.999658       470890      2925.71
        0.77     0.999683       470890      3150.77
        0.78     0.999707       470913      3413.33
        0.78     0.999731       470913      3723.64
        0.78     0.999756       470928      4096.00
        0.78     0.999768       470928      4311.58
        0.79     0.999780       470938      4551.11
        0.80     0.999792       470948      4818.82
        0.80     0.999805       470948      5120.00
        0.81     0.999817       470957      5461.33
        0.81     0.999829       470957      5851.43
        0.82     0.999841       470966      6301.54
        0.83     0.999854       470975      6826.67
        0.83     0.999866       470975      7447.27
        0.84     0.999878       470979      8192.00
        0.85     0.999884       470984      8623.16
        0.85     0.999890       470988      9102.22
        0.85     0.999896       470988      9637.65
        0.87     0.999902       470992     10240.00
        0.88     0.999908       470995     10922.67
        0.89     0.999915       470997     11702.86
        0.90     0.999921       471001     12603.08
        0.91     0.999927       471004     13653.33
        0.93     0.999933       471005     14894.55
        0.97     0.999939       471008     16384.00
        0.97     0.999942       471009     17246.32
        1.01     0.999945       471012     18204.44
        1.01     0.999948       471012     19275.29
        1.70     0.999951       471014     20480.00
        1.78     0.999954       471015     21845.33
        1.88     0.999957       471016     23405.71
        1.90     0.999960       471018     25206.15
        1.96     0.999963       471019     27306.67
        2.00     0.999966       471022     29789.09
        2.00     0.999969       471022     32768.00
        2.16     0.999971       471023     34492.63
        2.27     0.999973       471024     36408.89
        2.27     0.999974       471024     38550.59
        2.29     0.999976       471027     40960.00
        2.29     0.999977       471027     43690.67
        2.29     0.999979       471027     46811.43
        2.29     0.999980       471027     50412.31
        2.32     0.999982       471028     54613.33
        2.48     0.999983       471029     59578.18
        2.48     0.999985       471029     65536.00
        2.70     0.999986       471031     68985.26
        2.70     0.999986       471031     72817.78
        2.70     0.999987       471031     77101.18
        2.70     0.999988       471031     81920.00
        2.70     0.999989       471031     87381.33
        2.70     0.999989       471031     93622.86
        2.72     0.999990       471032    100824.62
        2.72     0.999991       471032    109226.67
        3.55     0.999992       471033    119156.36
        3.55     0.999992       471033    131072.00
        3.55     0.999993       471033    137970.53
        3.55     0.999993       471033    145635.56
        3.55     0.999994       471033    154202.35
        3.57     0.999994       471034    163840.00
        3.57     0.999994       471034    174762.67
        3.57     0.999995       471034    187245.71
        3.57     0.999995       471034    201649.23
        3.57     0.999995       471034    218453.33
        3.81     0.999996       471036    238312.73
        3.81     1.000000       471036          inf
#[Mean    =        0.509, StdDeviation   =        0.064]
#[Max     =        3.807, Total count    =       471036]
#[Buckets =           20, SubBuckets     =          256]
