       Value   Percentile   TotalCount 1/(1-Percentile)

        0.21     0.000000            2         1.00
        0.63     0.050000        19622         1.05
        0.66     0.100000        36131         1.11
        0.67     0.150000        52444         1.18
        0.69     0.200000        73928         1.25
        0.69     0.250000        86454         1.33
        0.70     0.300000       100263         1.43
        0.71     0.350000       115064         1.54
        0.72     0.400000       130758         1.67
        0.73     0.450000       146901         1.82
        0.73     0.500000       163197         2.00
        0.74     0.525000       179544         2.11
        0.74     0.550000       179544         2.22
        0.75     0.575000       195503         2.35
        0.75     0.600000       195503         2.50
        0.76     0.625000       210798         2.67
        0.77     0.650000       225127         2.86
        0.77     0.675000       225127         3.08
        0.78     0.700000       238268         3.33
        0.78     0.725000       238268         3.64
        0.78     0.750000       250245         4.00
        0.78     0.762500       250245         4.21
        0.79     0.775000       261080         4.44
        0.79     0.787500       261080         4.71
        0.79     0.800000       261080         5.00
        0.80     0.812500       270360         5.33
        0.80     0.825000       270360         5.71
        0.81     0.837500       278741         6.15
        0.81     0.850000       278741         6.67
        0.81     0.862500       285894         7.27
        0.81     0.875000       285894         8.00
        0.82     0.881250       291936         8.42
        0.82     0.887500       291936         8.89
        0.82     0.893750       291936         9.41
        0.83     0.900000       297060        10.00
        0.83     0.906250       297060        10.67
        0.83     0.912500       297060        11.43
        0.84     0.918750       301439        12.31
        0.84     0.925000       301439        13.33
        0.85     0.931250       305146        14.55
        0.85     0.937500       305146        16.00
        0.85     0.940625       308310        16.84
        0.85     0.943750       308310        17.78
        0.85     0.946875       308310        18.82
        0.86     0.950000       310987        20.00
        0.86     0.953125       310987        21.33
        0.86     0.956250       310987        22.86
        0.87     0.959375       313245        24.62
        0.87     0.962500       313245        26.67
        0.88     0.965625       315147        29.09
        0.88     0.968750       315147        32.00
        0.89     0.970313       316710        33.68
        0.89     0.971875       316710        35.56
        0.89     0.973437       316710        37.65
        0.90     0.975000       318095        40.00
        0.90     0.976562       318095        42.67
        0.90     0.978125       318095        45.71
        0.90     0.979688       319241        49.23
        0.90     0.981250       319241        53.33
        0.91     0.982812       320277        58.18
        0.91     0.984375       320277        64.00
        0.92     0.985156       321097        67.37
        0.92     0.985938       321097        71.11
        0.92     0.986719       321097        75.29
        0.92     0.987500       321097        80.00
        0.93     0.988281       321819        85.33
        0.93     0.989062       321819        91.43
        0.94     0.989844       322390        98.46
        0.94     0.990625       322390       106.67
        0.94     0.991406       322390       116.36
        0.94     0.992188       322868       128.00
        0.94     0.992578       322868       134.74
        0.94     0.992969       322868       142.22
        0.95     0.993359       323256       150.59
        0.95     0.993750       323256       160.00
        0.95     0.994141       323256       170.67
        0.96     0.994531       323545       182.86
        0.96     0.994922       323545       196.92
        0.97     0.995313       323818       213.33
        0.97     0.995703       323818       232.73
        0.97     0.996094       324032       256.00
        0.97     0.996289       324032       269.47
        0.97     0.996484       324032       284.44
        0.98     0.996680       324212       301.18
        0.98     0.996875       324212       320.00
        0.98     0.997070       324212       341.33
        0.99     0.997266       324343       365.71
        0.99     0.997461       324343       393.85
        1.00     0.997656       324440       426.67
        1.01     0.997852       324546       465.45
        1.01     0.998047       324546       512.00
        1.01     0.998145       324546       538.95
        1.01     0.998242       324626       568.89
        1.01     0.998340       324626       602.35
        1.02     0.998437       324687       640.00
        1.02     0.998535       324687       682.67
        1.03     0.998633       324731       731.43
        1.04     0.998730       324770       787.69
        1.04     0.998828       324770       853.33
        1.05     0.998926       324802       930.91
        1.06     0.999023       324848      1024.00
        1.06     0.999072       324848      1077.89
        1.07     0.999121       324862      1137.78
        1.08     0.999170       324883      1204.71
        1.09     0.999219       324892      1280.00
        1.10     0.999268       324916      1365.33
        1.11     0.999316       324926      1462.86
        1.13     0.999365       324945      1575.38
        1.14     0.999414       324956      1706.67
        1.15     0.999463       324975      1861.82
        1.18     0.999512       324995      2048.00
        1.18     0.999536       325002      2155.79
        1.19     0.999561       325009      2275.56
        1.20     0.999585       325013      2409.41
        1.21     0.999609       325019      2560.00
        1.22     0.999634       325033      2730.67
        1.23     0.999658       325036      2925.71
        1.25     0.999683       325046      3150.77
        1.25     0.999707       325051      3413.33
        1.27     0.999731       325059      3723.64
        1.28     0.999756       325068      4096.00
        1.29     0.999768       325075      4311.58
        1.29     0.999780       325075      4551.11
        1.31     0.999792       325080      4818.82
        1.32     0.999805       325083      5120.00
        1.33     0.999817       325088      5461.33
        1.35     0.999829       325092      5851.43
        1.36     0.999841       325095      6301.54
        1.38     0.999854       325101      6826.67
        1.39     0.999866       325103      7447.27
        1.42     0.999878       325107      8192.00
        1.43     0.999884       325109      8623.16
        2.53     0.999890       325111      9102.22
        3.12     0.999896       325113      9637.65
        3.15     0.999902       325115     10240.00
        3.21     0.999908       325117     10922.67
        3.34     0.999915       325119     11702.86
        3.44     0.999921       325121     12603.08
        3.62     0.999927       325123     13653.33
        3.65     0.999933       325126     14894.55
        3.66     0.999939       325128     16384.00
        3.66     0.999942       325128     17246.32
        3.84     0.999945       325129     18204.44
        3.85     0.999948       325130     19275.29
        4.25     0.999951       325131     20480.00
        4.32     0.999954       325132     21845.33
        4.67     0.999957       325133     23405.71
        4.86     0.999960       325135     25206.15
        4.86     0.999963       325135     27306.67
        4.96     0.999966       325136     29789.09
        5.05     0.999969       325137     32768.00
        5.05     0.999971       325137     34492.63
        5.09     0.999973       325138     36408.89
        5.09     0.999974       325138     38550.59
        5.12     0.999976       325139     40960.00
        5.12     0.999977       325139     43690.67
        5.34     0.999979       325140     46811.43
        5.34     0.999980       325140     50412.31
        5.44     0.999982       325142     54613.33
        5.44     0.999983       325142     59578.18
        5.44     0.999985       325142     65536.00
        5.44     0.999986       325142     68985.26
        5.44     0.999986       325142     72817.78
        5.44     0.999987       325142     77101.18
        6.94     0.999988       325143     81920.00
        6.94     0.999989       325143     87381.33
        6.94     0.999989       325143     93622.86
        6.94     0.999990       325143    100824.62
        6.97     0.999991       325144    109226.67
        6.97     0.999992       325144    119156.36
        6.97     0.999992       325144    131072.00
        6.97     0.999993       325144    137970.53
        6.97     0.999993       325144    145635.56
        6.97     0.999994       325144    154202.35
        7.13     0.999994       325145    163840.00
        7.13     0.999994       325145    174762.67
        7.13     0.999995       325145    187245.71
        7.13     0.999995       325145    201649.23
        7.13     0.999995       325145    218453.33
        7.13     0.999996       325145    238312.73
        7.13     0.999996       325145    262144.00
        7.13     0.999996       325145    275941.05
        7.13     0.999997       325145    291271.11
        7.13     0.999997       325145    308404.71
        7.33     0.999997       325146    327680.00
        7.33     1.000000       325146          inf
#[Mean    =        0.737, StdDeviation   =        0.085]
#[Max     =        7.327, Total count    =       325146]
#[Buckets =           20, SubBuckets     =          256]
