       Value   Percentile   TotalCount 1/(1-Percentile)

        0.29     0.000000            2         1.00
        0.64     0.050000        17189         1.05
        0.66     0.100000        32045         1.11
        0.69     0.150000        55992         1.18
        0.69     0.200000        66296         1.25
        0.71     0.250000        90367         1.33
        0.72     0.300000       104091         1.43
        0.73     0.350000       118740         1.54
        0.73     0.400000       133973         1.67
        0.74     0.450000       149905         1.82
        0.75     0.500000       166024         2.00
        0.76     0.525000       181899         2.11
        0.76     0.550000       181899         2.22
        0.77     0.575000       196954         2.35
        0.77     0.600000       196954         2.50
        0.78     0.625000       211232         2.67
        0.78     0.650000       211232         2.86
        0.78     0.675000       224888         3.08
        0.78     0.700000       224888         3.33
        0.79     0.725000       237118         3.64
        0.80     0.750000       248285         4.00
        0.80     0.762500       248285         4.21
        0.80     0.775000       248285         4.44
        0.81     0.787500       258301         4.71
        0.81     0.800000       258301         5.00
        0.81     0.812500       266989         5.33
        0.81     0.825000       266989         5.71
        0.82     0.837500       274628         6.15
        0.82     0.850000       274628         6.67
        0.83     0.862500       281058         7.27
        0.83     0.875000       281058         8.00
        0.84     0.881250       286566         8.42
        0.84     0.887500       286566         8.89
        0.84     0.893750       286566         9.41
        0.85     0.900000       291535        10.00
        0.85     0.906250       291535        10.67
        0.85     0.912500       291535        11.43
        0.85     0.918750       295601        12.31
        0.85     0.925000       295601        13.33
        0.86     0.931250       299027        14.55
        0.87     0.937500       302053        16.00
        0.87     0.940625       302053        16.84
        0.87     0.943750       302053        17.78
        0.87     0.946875       302053        18.82
        0.88     0.950000       304572        20.00
        0.88     0.953125       304572        21.33
        0.89     0.956250       306633        22.86
        0.89     0.959375       306633        24.62
        0.90     0.962500       308449        26.67
        0.90     0.965625       308449        29.09
        0.90     0.968750       310064        32.00
        0.90     0.970313       310064        33.68
        0.90     0.971875       310064        35.56
        0.91     0.973437       311424        37.65
        0.91     0.975000       311424        40.00
        0.92     0.976562       312605        42.67
        0.92     0.978125       312605        45.71
        0.92     0.979688       312605        49.23
        0.93     0.981250       313562        53.33
        0.93     0.982812       313562        58.18
        0.94     0.984375       314420        64.00
        0.94     0.985156       314420        67.37
        0.94     0.985938       315153        71.11
        0.94     0.986719       315153        75.29
        0.94     0.987500       315153        80.00
        0.95     0.988281       315757        85.33
        0.95     0.989062       315757        91.43
        0.95     0.989844       315757        98.46
        0.96     0.990625       316262       106.67
        0.96     0.991406       316262       116.36
        0.97     0.992188       316700       128.00
        0.97     0.992578       316700       134.74
        0.97     0.992969       317064       142.22
        0.97     0.993359       317064       150.59
        0.97     0.993750       317064       160.00
        0.98     0.994141       317383       170.67
        0.98     0.994531       317383       182.86
        0.98     0.994922       317383       196.92
        0.99     0.995313       317635       213.33
        0.99     0.995703       317635       232.73
        1.00     0.996094       317831       256.00
        1.00     0.996289       317831       269.47
        1.01     0.996484       317999       284.44
        1.01     0.996680       317999       301.18
        1.01     0.996875       317999       320.00
        1.01     0.997070       318128       341.33
        1.01     0.997266       318128       365.71
        1.02     0.997461       318239       393.85
        1.02     0.997656       318239       426.67
        1.03     0.997852       318332       465.45
        1.04     0.998047       318400       512.00
        1.04     0.998145       318400       538.95
        1.05     0.998242       318456       568.89
        1.05     0.998340       318456       602.35
        1.05     0.998437       318508       640.00
        1.05     0.998535       318508       682.67
        1.06     0.998633       318543       731.43
        1.08     0.998730       318589       787.69
        1.09     0.998828       318606       853.33
        1.10     0.998926       318637       930.91
        1.12     0.999023       318664      1024.00
        1.14     0.999072       318684      1077.89
        1.14     0.999121       318693      1137.78
        1.16     0.999170       318716      1204.71
        1.17     0.999219       318729      1280.00
        1.18     0.999268       318744      1365.33
        1.20     0.999316       318765      1462.86
        1.21     0.999365       318775      1575.38
        1.22     0.999414       318794      1706.67
        1.23     0.999463       318805      1861.82
        1.25     0.999512       318824      2048.00
        1.25     0.999536       318832      2155.79
        1.26     0.999561       318836      2275.56
        1.27     0.999585       318842      2409.41
        1.28     0.999609       318850      2560.00
        1.29     0.999634       318858      2730.67
        1.30     0.999658       318865      2925.71
        1.31     0.999683       318872      3150.77
        1.33     0.999707       318882      3413.33
        1.35     0.999731       318895      3723.64
        1.36     0.999756       318899      4096.00
        1.37     0.999768       318903      4311.58
        1.37     0.999780       318903      4551.11
        1.38     0.999792       318910      4818.82
        1.39     0.999805       318913      5120.00
        1.40     0.999817       318916      5461.33
        1.42     0.999829       318921      5851.43
        1.43     0.999841       318924      6301.54
        1.45     0.999854       318927      6826.67
        1.46     0.999866       318932      7447.27
        1.49     0.999878       318938      8192.00
        1.49     0.999884       318938      8623.16
        1.49     0.999890       318938      9102.22
        1.50     0.999896       318940      9637.65
        1.53     0.999902       318942     10240.00
        1.57     0.999908       318944     10922.67
        1.59     0.999915       318947     11702.86
        1.63     0.999921       318948     12603.08
        1.68     0.999927       318951     13653.33
        1.70     0.999933       318952     14894.55
        2.32     0.999939       318954     16384.00
        3.04     0.999942       318956     17246.32
        3.04     0.999945       318956     18204.44
        3.07     0.999948       318957     19275.29
        3.10     0.999951       318958     20480.00
        3.26     0.999954       318959     21845.33
        3.54     0.999957       318960     23405.71
        3.69     0.999960       318961     25206.15
        3.81     0.999963       318962     27306.67
        3.98     0.999966       318963     29789.09
        4.03     0.999969       318964     32768.00
        4.03     0.999971       318964     34492.63
        4.08     0.999973       318965     36408.89
        4.08     0.999974       318965     38550.59
        4.22     0.999976       318966     40960.00
        4.22     0.999977       318966     43690.67
        4.29     0.999979       318967     46811.43
        4.29     0.999980       318967     50412.31
        4.48     0.999982       318968     54613.33
        4.48     0.999983       318968     59578.18
        4.70     0.999985       318969     65536.00
        4.70     0.999986       318969     68985.26
        4.70     0.999986       318969     72817.78
        4.70     0.999987       318969     77101.18
        4.80     0.999988       318970     81920.00
        4.80     0.999989       318970     87381.33
        4.80     0.999989       318970     93622.86
        4.80     0.999990       318970    100824.62
        5.12     0.999991       318971    109226.67
        5.12     0.999992       318971    119156.36
        5.12     0.999992       318971    131072.00
        5.12     0.999993       318971    137970.53
        5.12     0.999993       318971    145635.56
        5.12     0.999994       318971    154202.35
        5.21     0.999994       318972    163840.00
        5.21     0.999994       318972    174762.67
        5.21     0.999995       318972    187245.71
        5.21     0.999995       318972    201649.23
        5.21     0.999995       318972    218453.33
        5.21     0.999996       318972    238312.73
        5.21     0.999996       318972    262144.00
        5.21     0.999996       318972    275941.05
        5.21     0.999997       318972    291271.11
        5.21     0.999997       318972    308404.71
        5.28     0.999997       318973    327680.00
        5.28     1.000000       318973          inf
#[Mean    =        0.751, StdDeviation   =        0.079]
#[Max     =        5.279, Total count    =       318973]
#[Buckets =           20, SubBuckets     =          256]
