       Value   Percentile   TotalCount 1/(1-Percentile)

        0.07     0.000000           10         1.00
        0.35     0.050000       949090         1.05
        0.68     0.100000      1917210         1.11
        0.73     0.150000      2846540         1.18
        0.84     0.200000      3823050         1.25
        0.93     0.250000      4700030         1.33
        0.98     0.300000      5797380         1.43
        1.01     0.350000      6828490         1.54
        1.03     0.400000      7572360         1.67
        1.05     0.450000      8561230         1.82
        1.06     0.500000      9811990         2.00
        1.07     0.525000     10531840         2.11
        1.07     0.550000     10531840         2.22
        1.08     0.575000     11284040         2.35
        1.08     0.600000     11284040         2.50
        1.09     0.625000     12075010         2.67
        1.09     0.650000     12862160         2.86
        1.09     0.675000     12862160         3.08
        1.10     0.700000     13635910         3.33
        1.10     0.725000     13635910         3.64
        1.11     0.750000     14364350         4.00
        1.11     0.762500     14364350         4.21
        1.12     0.775000     15028220         4.44
        1.12     0.787500     15028220         4.71
        1.13     0.800000     15606050         5.00
        1.13     0.812500     15606050         5.33
        1.13     0.825000     15606050         5.71
        1.14     0.837500     16092880         6.15
        1.14     0.850000     16092880         6.67
        1.14     0.862500     16483900         7.27
        1.14     0.875000     16483900         8.00
        1.15     0.881250     16788490         8.42
        1.15     0.887500     16788490         8.89
        1.16     0.893750     17018150         9.41
        1.16     0.900000     17018150        10.00
        1.17     0.906250     17179000        10.67
        1.17     0.912500     17179000        11.43
        1.18     0.918750     17290800        12.31
        1.19     0.925000     17412270        13.33
        1.23     0.931250     17513990        14.55
        1.30     0.937500     17624450        16.00
        1.35     0.940625     17691140        16.84
        1.39     0.943750     17749290        17.78
        1.43     0.946875     17813850        18.82
        1.46     0.950000     17870280        20.00
        1.50     0.953125     17934500        21.33
        1.52     0.956250     17989560        22.86
        1.54     0.959375     18056960        24.62
        1.56     0.962500     18110100        26.67
        1.57     0.965625     18169190        29.09
        1.59     0.968750     18230130        32.00
        1.60     0.970313     18261500        33.68
        1.61     0.971875     18294620        35.56
        1.61     0.973437     18326130        37.65
        1.62     0.975000     18358260        40.00
        1.63     0.976562     18390140        42.67
        1.63     0.978125     18390140        45.71
        1.64     0.979688     18420520        49.23
        1.65     0.981250     18449780        53.33
        1.66     0.982812     18478070        58.18
        1.67     0.984375     18528760        64.00
        1.67     0.985156     18528760        67.37
        1.68     0.985938     18550740        71.11
        1.68     0.986719     18550740        75.29
        1.69     0.987500     18569530        80.00
        1.70     0.988281     18585720        85.33
        1.70     0.989062     18600160        91.43
        1.71     0.989844     18612300        98.46
        1.73     0.990625     18630480       106.67
        1.74     0.991406     18641920       116.36
        1.77     0.992188     18653930       128.00
        1.81     0.992578     18660130       134.74
        1.86     0.992969     18667650       142.22
        1.91     0.993359     18674530       150.59
        1.98     0.993750     18682660       160.00
        2.04     0.994141     18689270       170.67
        2.13     0.994531     18697480       182.86
        2.24     0.994922     18704590       196.92
        2.37     0.995313     18711790       213.33
        2.62     0.995703     18719000       232.73
        2.93     0.996094     18725970       256.00
        3.10     0.996289     18729620       269.47
        3.29     0.996484     18733340       284.44
        3.49     0.996680     18737060       301.18
        3.69     0.996875     18740640       320.00
        3.97     0.997070     18744360       341.33
        4.25     0.997266     18748190       365.71
        4.61     0.997461     18751680       393.85
        4.96     0.997656     18755270       426.67
        5.47     0.997852     18758930       465.45
        5.98     0.998047     18762560       512.00
        6.33     0.998145     18764390       538.95
        6.69     0.998242     18766310       568.89
        7.10     0.998340     18768250       602.35
        7.36     0.998437     18769890       640.00
        7.68     0.998535     18771760       682.67
        8.13     0.998633     18773680       731.43
        8.45     0.998730     18775430       787.69
        8.77     0.998828     18777320       853.33
        9.09     0.998926     18779090       930.91
        9.60     0.999023     18781100      1024.00
        9.86     0.999072     18782070      1077.89
       10.11     0.999121     18782790      1137.78
       10.43     0.999170     18783790      1204.71
       10.88     0.999219     18784580      1280.00
       11.71     0.999268     18785580      1365.33
       12.54     0.999316     18786420      1462.86
       13.18     0.999365     18787460      1575.38
       14.40     0.999414     18788300      1706.67
       15.42     0.999463     18789180      1861.82
       16.25     0.999512     18790160      2048.00
       16.51     0.999536     18790640      2155.79
       17.15     0.999561     18791100      2275.56
       17.41     0.999585     18791490      2409.41
       17.92     0.999609     18791980      2560.00
       18.43     0.999634     18792430      2730.67
       19.45     0.999658     18792930      2925.71
       20.22     0.999683     18793310      3150.77
       20.61     0.999707     18793810      3413.33
       21.25     0.999731     18794380      3723.64
       21.63     0.999756     18794690      4096.00
       21.89     0.999768     18794970      4311.58
       22.14     0.999780     18795190      4551.11
       22.53     0.999792     18795360      4818.82
       23.30     0.999805     18795660      5120.00
       24.19     0.999817     18796030      5461.33
       24.32     0.999829     18796380      5851.43
       24.32     0.999841     18796380      6301.54
       24.45     0.999854     18796520      6826.67
       24.96     0.999866     18796930      7447.27
       25.09     0.999878     18796980      8192.00
       25.21     0.999884     18797150      8623.16
       25.34     0.999890     18797270      9102.22
       25.47     0.999896     18797350      9637.65
       25.73     0.999902     18797510     10240.00
       26.11     0.999908     18797590     10922.67
       26.24     0.999915     18797700     11702.86
       26.50     0.999921     18797810     12603.08
       26.75     0.999927     18798030     13653.33
       26.75     0.999933     18798030     14894.55
       27.01     0.999939     18798170     16384.00
       27.01     0.999942     18798170     17246.32
       27.14     0.999945     18798240     18204.44
       27.77     0.999948     18798300     19275.29
       28.16     0.999951     18798370     20480.00
       28.29     0.999954     18798520     21845.33
       28.29     0.999957     18798520     23405.71
       28.29     0.999960     18798520     25206.15
       28.67     0.999963     18798700     27306.67
       28.67     0.999966     18798700     29789.09
       28.67     0.999969     18798700     32768.00
       28.80     0.999971     18798720     34492.63
       29.05     0.999973     18798760     36408.89
       29.18     0.999974     18798830     38550.59
       29.18     0.999976     18798830     40960.00
       29.18     0.999977     18798830     43690.67
       30.08     0.999979     18798860     46811.43
       30.21     0.999980     18798950     50412.31
       30.21     0.999982     18798950     54613.33
       30.21     0.999983     18798950     59578.18
       30.59     0.999985     18798990     65536.00
       30.59     0.999986     18798990     68985.26
       31.87     0.999986     18799030     72817.78
       31.87     0.999987     18799030     77101.18
       32.00     0.999988     18799080     81920.00
       32.00     0.999989     18799080     87381.33
       32.00     0.999989     18799080     93622.86
       32.00     0.999990     18799080    100824.62
       32.38     0.999991     18799100    109226.67
       32.51     0.999992     18799230    119156.36
       32.51     0.999992     18799230    131072.00
       32.51     0.999993     18799230    137970.53
       32.51     0.999993     18799230    145635.56
       32.51     0.999994     18799230    154202.35
       32.51     0.999994     18799230    163840.00
       32.51     0.999994     18799230    174762.67
       32.51     0.999995     18799230    187245.71
       32.51     0.999995     18799230    201649.23
       32.51     0.999995     18799230    218453.33
       32.51     0.999996     18799230    238312.73
       32.51     0.999996     18799230    262144.00
       32.51     0.999996     18799230    275941.05
       32.51     0.999997     18799230    291271.11
       32.51     0.999997     18799230    308404.71
       32.51     0.999997     18799230    327680.00
       32.51     0.999997     18799230    349525.33
       32.51     0.999997     18799230    374491.43
       32.51     0.999998     18799230    403298.46
       32.51     0.999998     18799230    436906.67
       32.51     0.999998     18799230    476625.45
       32.51     0.999998     18799230    524288.00
       32.51     0.999998     18799230    551882.11
       32.51     0.999998     18799230    582542.22
       32.51     0.999998     18799230    616809.41
       32.77     0.999998     18799260    655360.00
       32.77     1.000000     18799260          inf
#[Mean    =        1.019, StdDeviation   =        0.658]
#[Max     =       32.767, Total count    =     18799260]
#[Buckets =           20, SubBuckets     =          256]
