       Value   Percentile   TotalCount 1/(1-Percentile)

        0.24     0.000000            1         1.00
        0.56     0.050000        19467         1.05
        0.58     0.100000        38240         1.11
        0.60     0.150000        58563         1.18
        0.61     0.200000        86432         1.25
        0.62     0.250000       103252         1.33
        0.63     0.300000       121844         1.43
        0.64     0.350000       142028         1.54
        0.65     0.400000       163262         1.67
        0.66     0.450000       184556         1.82
        0.66     0.500000       184556         2.00
        0.66     0.525000       205823         2.11
        0.66     0.550000       205823         2.22
        0.67     0.575000       226314         2.35
        0.67     0.600000       226314         2.50
        0.68     0.625000       245603         2.67
        0.68     0.650000       245603         2.86
        0.69     0.675000       263386         3.08
        0.69     0.700000       263386         3.33
        0.69     0.725000       279277         3.64
        0.69     0.750000       279277         4.00
        0.69     0.762500       279277         4.21
        0.70     0.775000       293371         4.44
        0.70     0.787500       293371         4.71
        0.70     0.800000       293371         5.00
        0.71     0.812500       305648         5.33
        0.71     0.825000       305648         5.71
        0.72     0.837500       316256         6.15
        0.72     0.850000       316256         6.67
        0.72     0.862500       316256         7.27
        0.73     0.875000       325262         8.00
        0.73     0.881250       325262         8.42
        0.73     0.887500       325262         8.89
        0.73     0.893750       332778         9.41
        0.73     0.900000       332778        10.00
        0.73     0.906250       332778        10.67
        0.74     0.912500       338975        11.43
        0.74     0.918750       338975        12.31
        0.74     0.925000       338975        13.33
        0.75     0.931250       344032        14.55
        0.75     0.937500       344032        16.00
        0.75     0.940625       344032        16.84
        0.76     0.943750       348226        17.78
        0.76     0.946875       348226        18.82
        0.76     0.950000       348226        20.00
        0.77     0.953125       351709        21.33
        0.77     0.956250       351709        22.86
        0.77     0.959375       351709        24.62
        0.77     0.962500       351709        26.67
        0.78     0.965625       354504        29.09
        0.78     0.968750       354504        32.00
        0.78     0.970313       356702        33.68
        0.78     0.971875       356702        35.56
        0.78     0.973437       356702        37.65
        0.78     0.975000       356702        40.00
        0.79     0.976562       358584        42.67
        0.79     0.978125       358584        45.71
        0.79     0.979688       358584        49.23
        0.79     0.981250       358584        53.33
        0.80     0.982812       359945        58.18
        0.80     0.984375       359945        64.00
        0.81     0.985156       361114        67.37
        0.81     0.985938       361114        71.11
        0.81     0.986719       361114        75.29
        0.81     0.987500       361114        80.00
        0.81     0.988281       362055        85.33
        0.81     0.989062       362055        91.43
        0.81     0.989844       362055        98.46
        0.81     0.990625       362055       106.67
        0.82     0.991406       362758       116.36
        0.82     0.992188       362758       128.00
        0.82     0.992578       362758       134.74
        0.83     0.992969       363324       142.22
        0.83     0.993359       363324       150.59
        0.83     0.993750       363324       160.00
        0.83     0.994141       363324       170.67
        0.84     0.994531       363759       182.86
        0.84     0.994922       363759       196.92
        0.84     0.995313       363759       213.33
        0.85     0.995703       364119       232.73
        0.85     0.996094       364119       256.00
        0.85     0.996289       364119       269.47
        0.85     0.996484       364119       284.44
        0.85     0.996680       364377       301.18
        0.85     0.996875       364377       320.00
        0.85     0.997070       364377       341.33
        0.86     0.997266       364562       365.71
        0.86     0.997461       364562       393.85
        0.86     0.997656       364562       426.67
        0.87     0.997852       364718       465.45
        0.87     0.998047       364718       512.00
        0.88     0.998145       364831       538.95
        0.88     0.998242       364831       568.89
        0.88     0.998340       364831       602.35
        0.89     0.998437       364918       640.00
        0.89     0.998535       364918       682.67
        0.89     0.998633       364918       731.43
        0.90     0.998730       364980       787.69
        0.90     0.998828       364980       853.33
        0.90     0.998926       365037       930.91
        0.91     0.999023       365083      1024.00
        0.91     0.999072       365083      1077.89
        0.91     0.999121       365083      1137.78
        0.92     0.999170       365108      1204.71
        0.93     0.999219       365132      1280.00
        0.94     0.999268       365152      1365.33
        0.94     0.999316       365166      1462.86
        0.95     0.999365       365176      1575.38
        0.97     0.999414       365191      1706.67
        0.99     0.999463       365208      1861.82
        1.01     0.999512       365228      2048.00
        1.03     0.999536       365236      2155.79
        1.04     0.999561       365246      2275.56
        1.05     0.999585       365258      2409.41
        1.06     0.999609       365261      2560.00
        1.09     0.999634       365273      2730.67
        1.10     0.999658       365282      2925.71
        1.12     0.999683       365295      3150.77
        1.13     0.999707       365303      3413.33
        1.14     0.999731       365308      3723.64
        1.14     0.999756       365315      4096.00
        1.15     0.999768       365321      4311.58
        1.16     0.999780       365324      4551.11
        1.17     0.999792       365333      4818.82
        1.17     0.999805       365333      5120.00
        1.18     0.999817       365339      5461.33
        1.18     0.999829       365343      5851.43
        1.19     0.999841       365349      6301.54
        1.20     0.999854       365352      6826.67
        1.22     0.999866       365354      7447.27
        1.24     0.999878       365360      8192.00
        1.25     0.999884       365361      8623.16
        1.27     0.999890       365363      9102.22
        1.29     0.999896       365368      9637.65
        1.29     0.999902       365368     10240.00
        1.29     0.999908       365370     10922.67
        1.93     0.999915       365372     11702.86
        2.80     0.999921       365375     12603.08
        2.83     0.999927       365377     13653.33
        2.98     0.999933       365379     14894.55
        3.12     0.999939       365381     16384.00
        3.13     0.999942       365382     17246.32
        3.18     0.999945       365384     18204.44
        3.20     0.999948       365385     19275.29
        3.34     0.999951       365386     20480.00
        3.38     0.999954       365388     21845.33
        3.38     0.999957       365388     23405.71
        3.44     0.999960       365389     25206.15
        3.49     0.999963       365390     27306.67
        3.54     0.999966       365392     29789.09
        3.54     0.999969       365392     32768.00
        3.66     0.999971       365393     34492.63
        3.66     0.999973       365393     36408.89
        3.74     0.999974       365394     38550.59
        3.76     0.999976       365395     40960.00
        3.76     0.999977       365395     43690.67
        4.19     0.999979       365396     46811.43
        4.19     0.999980       365396     50412.31
        4.42     0.999982       365397     54613.33
        4.42     0.999983       365397     59578.18
        4.51     0.999985       365398     65536.00
        4.51     0.999986       365398     68985.26
        4.51     0.999986       365398     72817.78
        4.61     0.999987       365400     77101.18
        4.61     0.999988       365400     81920.00
        4.61     0.999989       365400     87381.33
        4.61     0.999989       365400     93622.86
        4.61     0.999990       365400    100824.62
        4.61     0.999991       365400    109226.67
        4.61     0.999992       365400    119156.36
        4.96     0.999992       365401    131072.00
        4.96     0.999993       365401    137970.53
        4.96     0.999993       365401    145635.56
        4.96     0.999994       365401    154202.35
        4.96     0.999994       365401    163840.00
        4.96     0.999994       365401    174762.67
        5.05     0.999995       365402    187245.71
        5.05     0.999995       365402    201649.23
        5.05     0.999995       365402    218453.33
        5.05     0.999996       365402    238312.73
        5.05     0.999996       365402    262144.00
        5.05     0.999996       365402    275941.05
        5.05     0.999997       365402    291271.11
        5.05     0.999997       365402    308404.71
        5.05     0.999997       365402    327680.00
        5.05     0.999997       365402    349525.33
        5.15     0.999997       365403    374491.43
        5.15     1.000000       365403          inf
#[Mean    =        0.656, StdDeviation   =        0.070]
#[Max     =        5.151, Total count    =       365403]
#[Buckets =           20, SubBuckets     =          256]
