       Value   Percentile   TotalCount 1/(1-Percentile)

        0.26     0.000000            1         1.00
        0.42     0.050000        24560         1.05
        0.45     0.100000        40423         1.11
        0.49     0.150000        58134         1.18
        0.52     0.200000        79487         1.25
        0.54     0.250000        99940         1.33
        0.55     0.300000       124380         1.43
        0.56     0.350000       135908         1.54
        0.57     0.400000       154668         1.67
        0.60     0.450000       175198         1.82
        0.62     0.500000       200549         2.00
        0.63     0.525000       211431         2.11
        0.64     0.550000       223265         2.22
        0.64     0.575000       223265         2.35
        0.65     0.600000       235771         2.50
        0.66     0.625000       248465         2.67
        0.66     0.650000       260755         2.86
        0.66     0.675000       260755         3.08
        0.67     0.700000       272553         3.33
        0.68     0.725000       283565         3.64
        0.69     0.750000       293271         4.00
        0.69     0.762500       293271         4.21
        0.69     0.775000       301350         4.44
        0.70     0.787500       308007         4.71
        0.70     0.800000       308007         5.00
        0.71     0.812500       313202         5.33
        0.72     0.825000       317304         5.71
        0.73     0.837500       322789         6.15
        0.76     0.850000       327215         6.67
        0.81     0.862500       332607         7.27
        0.83     0.875000       337794         8.00
        0.84     0.881250       340388         8.42
        0.85     0.887500       343540         8.89
        0.85     0.893750       347154         9.41
        0.85     0.900000       347154        10.00
        0.86     0.906250       351124        10.67
        0.86     0.912500       351124        11.43
        0.87     0.918750       355281        12.31
        0.88     0.925000       359623        13.33
        0.88     0.931250       359623        14.55
        0.89     0.937500       363913        16.00
        0.89     0.940625       363913        16.84
        0.89     0.943750       363913        17.78
        0.90     0.946875       367856        18.82
        0.90     0.950000       367856        20.00
        0.90     0.953125       367856        21.33
        0.90     0.956250       367856        22.86
        0.90     0.959375       371498        24.62
        0.90     0.962500       371498        26.67
        0.90     0.965625       371498        29.09
        0.91     0.968750       374491        32.00
        0.91     0.970313       374491        33.68
        0.91     0.971875       374491        35.56
        0.91     0.973437       374491        37.65
        0.92     0.975000       376867        40.00
        0.92     0.976562       376867        42.67
        0.92     0.978125       376867        45.71
        0.92     0.979688       376867        49.23
        0.93     0.981250       378713        53.33
        0.93     0.982812       378713        58.18
        0.93     0.984375       378713        64.00
        0.94     0.985156       380093        67.37
        0.94     0.985938       380093        71.11
        0.94     0.986719       380093        75.29
        0.94     0.987500       380093        80.00
        0.94     0.988281       380093        85.33
        0.94     0.989062       381119        91.43
        0.94     0.989844       381119        98.46
        0.94     0.990625       381119       106.67
        0.95     0.991406       381891       116.36
        0.95     0.992188       381891       128.00
        0.95     0.992578       381891       134.74
        0.95     0.992969       381891       142.22
        0.96     0.993359       382397       150.59
        0.96     0.993750       382397       160.00
        0.96     0.994141       382397       170.67
        0.97     0.994531       382794       182.86
        0.97     0.994922       382794       196.92
        0.97     0.995313       382794       213.33
        0.97     0.995703       383144       232.73
        0.97     0.996094       383144       256.00
        0.97     0.996289       383144       269.47
        0.98     0.996484       383365       284.44
        0.98     0.996680       383365       301.18
        0.98     0.996875       383365       320.00
        0.99     0.997070       383557       341.33
        0.99     0.997266       383557       365.71
        1.00     0.997461       383701       393.85
        1.00     0.997656       383701       426.67
        1.01     0.997852       383830       465.45
        1.01     0.998047       383830       512.00
        1.01     0.998145       383830       538.95
        1.01     0.998242       383919       568.89
        1.01     0.998340       383919       602.35
        1.02     0.998437       384006       640.00
        1.02     0.998535       384006       682.67
        1.03     0.998633       384073       731.43
        1.03     0.998730       384073       787.69
        1.04     0.998828       384143       853.33
        1.04     0.998926       384143       930.91
        1.05     0.999023       384223      1024.00
        1.05     0.999072       384223      1077.89
        1.05     0.999121       384223      1137.78
        1.05     0.999170       384223      1204.71
        1.05     0.999219       384262      1280.00
        1.05     0.999268       384262      1365.33
        1.06     0.999316       384300      1462.86
        1.06     0.999365       384300      1575.38
        1.07     0.999414       384331      1706.67
        1.07     0.999463       384331      1861.82
        1.08     0.999512       384362      2048.00
        1.08     0.999536       384362      2155.79
        1.09     0.999561       384381      2275.56
        1.09     0.999585       384381      2409.41
        1.09     0.999609       384403      2560.00
        1.09     0.999634       384403      2730.67
        1.10     0.999658       384416      2925.71
        1.10     0.999683       384416      3150.77
        1.11     0.999707       384426      3413.33
        1.13     0.999731       384436      3723.64
        1.14     0.999756       384449      4096.00
        1.14     0.999768       384449      4311.58
        1.15     0.999780       384453      4551.11
        1.18     0.999792       384459      4818.82
        1.21     0.999805       384463      5120.00
        1.22     0.999817       384470      5461.33
        1.23     0.999829       384472      5851.43
        1.27     0.999841       384476      6301.54
        1.36     0.999854       384482      6826.67
        2.21     0.999866       384486      7447.27
        2.48     0.999878       384491      8192.00
        2.64     0.999884       384493      8623.16
        3.58     0.999890       384495      9102.22
        3.69     0.999896       384498      9637.65
        3.71     0.999902       384500     10240.00
        3.76     0.999908       384502     10922.67
        3.85     0.999915       384506     11702.86
        3.87     0.999921       384507     12603.08
        3.89     0.999927       384509     13653.33
        4.05     0.999933       384512     14894.55
        4.54     0.999939       384514     16384.00
        4.61     0.999942       384515     17246.32
        4.64     0.999945       384516     18204.44
        4.67     0.999948       384519     19275.29
        4.67     0.999951       384519     20480.00
        4.70     0.999954       384521     21845.33
        4.70     0.999957       384521     23405.71
        4.86     0.999960       384523     25206.15
        4.86     0.999963       384523     27306.67
        5.09     0.999966       384525     29789.09
        6.62     0.999969       384526     32768.00
        6.62     0.999971       384526     34492.63
        6.69     0.999973       384529     36408.89
        6.69     0.999974       384529     38550.59
        6.69     0.999976       384529     40960.00
        6.69     0.999977       384529     43690.67
        6.69     0.999979       384529     46811.43
        6.72     0.999980       384531     50412.31
        6.72     0.999982       384531     54613.33
        6.72     0.999983       384531     59578.18
        6.75     0.999985       384532     65536.00
        6.75     0.999986       384532     68985.26
        6.75     0.999986       384532     72817.78
        6.82     0.999987       384534     77101.18
        6.82     0.999988       384534     81920.00
        6.82     0.999989       384534     87381.33
        6.82     0.999989       384534     93622.86
        6.82     0.999990       384534    100824.62
        6.82     0.999991       384534    109226.67
        6.82     0.999992       384534    119156.36
        6.88     0.999992       384535    131072.00
        6.88     0.999993       384535    137970.53
        6.88     0.999993       384535    145635.56
        6.88     0.999994       384535    154202.35
        6.88     0.999994       384535    163840.00
        6.88     0.999994       384535    174762.67
        6.88     0.999995       384535    187245.71
        6.94     0.999995       384536    201649.23
        6.94     0.999995       384536    218453.33
        6.94     0.999996       384536    238312.73
        6.94     0.999996       384536    262144.00
        6.94     0.999996       384536    275941.05
        6.94     0.999997       384536    291271.11
        6.94     0.999997       384536    308404.71
        6.94     0.999997       384536    327680.00
        6.94     0.999997       384536    349525.33
        6.94     0.999997       384536    374491.43
        7.33     0.999998       384537    403298.46
        7.33     1.000000       384537          inf
#[Mean    =        0.624, StdDeviation   =        0.144]
#[Max     =        7.327, Total count    =       384537]
#[Buckets =           20, SubBuckets     =          256]
