       Value   Percentile   TotalCount 1/(1-Percentile)

        0.18     0.000000            1         1.00
        0.29     0.050000        42716         1.05
        0.30     0.100000        61951         1.11
        0.34     0.150000        83575         1.18
        0.37     0.200000       123246         1.25
        0.38     0.250000       148902         1.33
        0.38     0.300000       175615         1.43
        0.39     0.350000       201436         1.54
        0.40     0.400000       222848         1.67
        0.42     0.450000       257790         1.82
        0.43     0.500000       277230         2.00
        0.44     0.525000       304922         2.11
        0.44     0.550000       304922         2.22
        0.45     0.575000       337067         2.35
        0.45     0.600000       337067         2.50
        0.46     0.625000       371252         2.67
        0.46     0.650000       371252         2.86
        0.46     0.675000       406968         3.08
        0.46     0.700000       406968         3.33
        0.46     0.725000       406968         3.64
        0.47     0.750000       438457         4.00
        0.47     0.762500       438457         4.21
        0.47     0.775000       438457         4.44
        0.47     0.787500       438457         4.71
        0.48     0.800000       459289         5.00
        0.48     0.812500       459289         5.33
        0.48     0.825000       459289         5.71
        0.49     0.837500       469016         6.15
        0.49     0.850000       472604         6.67
        0.59     0.862500       478841         7.27
        0.61     0.875000       489834         8.00
        0.61     0.881250       489834         8.42
        0.61     0.887500       501241         8.89
        0.61     0.893750       501241         9.41
        0.61     0.900000       501241        10.00
        0.62     0.906250       515659        10.67
        0.62     0.912500       515659        11.43
        0.62     0.918750       515659        12.31
        0.62     0.925000       515659        13.33
        0.63     0.931250       530015        14.55
        0.63     0.937500       530015        16.00
        0.63     0.940625       530015        16.84
        0.63     0.943750       530015        17.78
        0.63     0.946875       530015        18.82
        0.63     0.950000       530015        20.00
        0.63     0.953125       530015        21.33
        0.64     0.956250       541343        22.86
        0.64     0.959375       541343        24.62
        0.64     0.962500       541343        26.67
        0.64     0.965625       541343        29.09
        0.64     0.968750       541343        32.00
        0.64     0.970313       541343        33.68
        0.64     0.971875       541343        35.56
        0.64     0.973437       541343        37.65
        0.64     0.975000       541343        40.00
        0.64     0.976562       541343        42.67
        0.65     0.978125       548215        45.71
        0.65     0.979688       548215        49.23
        0.65     0.981250       548215        53.33
        0.65     0.982812       548215        58.18
        0.65     0.984375       548215        64.00
        0.65     0.985156       548215        67.37
        0.65     0.985938       548215        71.11
        0.65     0.986719       548215        75.29
        0.65     0.987500       548215        80.00
        0.65     0.988281       548215        85.33
        0.66     0.989062       551712        91.43
        0.66     0.989844       551712        98.46
        0.66     0.990625       551712       106.67
        0.66     0.991406       551712       116.36
        0.66     0.992188       551712       128.00
        0.66     0.992578       551712       134.74
        0.66     0.992969       551712       142.22
        0.66     0.993359       551712       150.59
        0.66     0.993750       551712       160.00
        0.66     0.994141       551712       170.67
        0.66     0.994531       551712       182.86
        0.66     0.994922       551712       196.92
        0.66     0.995313       551712       213.33
        0.66     0.995703       553237       232.73
        0.66     0.996094       553237       256.00
        0.66     0.996289       553237       269.47
        0.66     0.996484       553237       284.44
        0.66     0.996680       553237       301.18
        0.66     0.996875       553237       320.00
        0.66     0.997070       553237       341.33
        0.66     0.997266       553237       365.71
        0.66     0.997461       553237       393.85
        0.66     0.997656       553237       426.67
        0.66     0.997852       553237       465.45
        0.66     0.998047       553237       512.00
        0.67     0.998145       553768       538.95
        0.67     0.998242       553768       568.89
        0.67     0.998340       553768       602.35
        0.67     0.998437       553768       640.00
        0.67     0.998535       553768       682.67
        0.67     0.998633       553768       731.43
        0.67     0.998730       553768       787.69
        0.67     0.998828       553768       853.33
        0.67     0.998926       553768       930.91
        0.67     0.999023       553768      1024.00
        0.68     0.999072       553984      1077.89
        0.68     0.999121       553984      1137.78
        0.68     0.999170       553984      1204.71
        0.68     0.999219       553984      1280.00
        0.68     0.999268       553984      1365.33
        0.68     0.999316       553984      1462.86
        0.68     0.999365       553984      1575.38
        0.68     0.999414       553984      1706.67
        0.69     0.999463       554056      1861.82
        0.69     0.999512       554056      2048.00
        0.69     0.999536       554056      2155.79
        0.69     0.999561       554056      2275.56
        0.69     0.999585       554107      2409.41
        0.69     0.999609       554107      2560.00
        0.69     0.999634       554107      2730.67
        0.69     0.999658       554107      2925.71
        0.70     0.999683       554137      3150.77
        0.70     0.999707       554137      3413.33
        0.71     0.999731       554163      3723.64
        0.71     0.999756       554163      4096.00
        0.71     0.999768       554163      4311.58
        0.72     0.999780       554177      4551.11
        0.72     0.999792       554177      4818.82
        0.73     0.999805       554195      5120.00
        0.73     0.999817       554195      5461.33
        0.73     0.999829       554200      5851.43
        0.74     0.999841       554211      6301.54
        0.74     0.999854       554211      6826.67
        0.75     0.999866       554221      7447.27
        0.76     0.999878       554232      8192.00
        0.76     0.999884       554232      8623.16
        0.76     0.999890       554232      9102.22
        0.77     0.999896       554239      9637.65
        0.77     0.999902       554239     10240.00
        0.78     0.999908       554245     10922.67
        0.78     0.999915       554245     11702.86
        0.78     0.999921       554249     12603.08
        0.79     0.999927       554252     13653.33
        0.80     0.999933       554257     14894.55
        0.81     0.999939       554262     16384.00
        0.81     0.999942       554262     17246.32
        0.81     0.999945       554262     18204.44
        0.82     0.999948       554265     19275.29
        0.82     0.999951       554265     20480.00
        0.83     0.999954       554267     21845.33
        0.84     0.999957       554268     23405.71
        0.85     0.999960       554270     25206.15
        0.86     0.999963       554274     27306.67
        0.86     0.999966       554274     29789.09
        0.87     0.999969       554277     32768.00
        0.87     0.999971       554277     34492.63
        0.87     0.999973       554277     36408.89
        0.87     0.999974       554277     38550.59
        0.88     0.999976       554281     40960.00
        0.88     0.999977       554281     43690.67
        0.88     0.999979       554281     46811.43
        0.88     0.999980       554281     50412.31
        0.88     0.999982       554281     54613.33
        0.89     0.999983       554283     59578.18
        0.89     0.999985       554283     65536.00
        0.89     0.999986       554283     68985.26
        0.91     0.999986       554285     72817.78
        0.91     0.999987       554285     77101.18
        0.91     0.999988       554285     81920.00
        0.91     0.999989       554285     87381.33
        0.92     0.999989       554286     93622.86
        0.92     0.999990       554286    100824.62
        0.92     0.999991       554286    109226.67
        0.93     0.999992       554288    119156.36
        0.93     0.999992       554288    131072.00
        0.93     0.999993       554288    137970.53
        0.93     0.999993       554288    145635.56
        0.93     0.999994       554288    154202.35
        0.93     0.999994       554288    163840.00
        0.93     0.999994       554288    174762.67
        0.94     0.999995       554289    187245.71
        0.94     0.999995       554289    201649.23
        0.94     0.999995       554289    218453.33
        0.94     0.999996       554289    238312.73
        0.94     0.999996       554289    262144.00
        0.94     0.999996       554289    275941.05
        0.97     0.999997       554290    291271.11
        0.97     0.999997       554290    308404.71
        0.97     0.999997       554290    327680.00
        0.97     0.999997       554290    349525.33
        0.97     0.999997       554290    374491.43
        0.97     0.999998       554290    403298.46
        0.97     0.999998       554290    436906.67
        0.97     0.999998       554290    476625.45
        0.97     0.999998       554290    524288.00
        0.97     0.999998       554290    551882.11
        1.17     0.999998       554291    582542.22
        1.17     1.000000       554291          inf
#[Mean    =        0.433, StdDeviation   =        0.096]
#[Max     =        1.167, Total count    =       554291]
#[Buckets =           20, SubBuckets     =          256]
