       Value   Percentile   TotalCount 1/(1-Percentile)

        0.14     0.000000            1         1.00
        0.38     0.050000        32448         1.05
        0.39     0.100000        58698         1.11
        0.41     0.150000        99650         1.18
        0.41     0.200000       125611         1.25
        0.42     0.250000       155452         1.33
        0.43     0.300000       189437         1.43
        0.43     0.350000       189437         1.54
        0.44     0.400000       226666         1.67
        0.45     0.450000       266562         1.82
        0.46     0.500000       306555         2.00
        0.46     0.525000       306555         2.11
        0.46     0.550000       306555         2.22
        0.46     0.575000       344621         2.35
        0.46     0.600000       344621         2.50
        0.46     0.625000       344621         2.67
        0.47     0.650000       379137         2.86
        0.47     0.675000       379137         3.08
        0.47     0.700000       379137         3.33
        0.48     0.725000       409012         3.64
        0.48     0.750000       409012         4.00
        0.48     0.762500       409012         4.21
        0.49     0.775000       434233         4.44
        0.49     0.787500       434233         4.71
        0.49     0.800000       434233         5.00
        0.49     0.812500       434233         5.33
        0.49     0.825000       454714         5.71
        0.49     0.837500       454714         6.15
        0.49     0.850000       454714         6.67
        0.50     0.862500       470981         7.27
        0.50     0.875000       470981         8.00
        0.50     0.881250       470981         8.42
        0.51     0.887500       483844         8.89
        0.51     0.893750       483844         9.41
        0.51     0.900000       483844        10.00
        0.52     0.906250       493772        10.67
        0.52     0.912500       493772        11.43
        0.52     0.918750       493772        12.31
        0.53     0.925000       501643        13.33
        0.53     0.931250       501643        14.55
        0.53     0.937500       501643        16.00
        0.54     0.940625       508080        16.84
        0.54     0.943750       508080        17.78
        0.54     0.946875       508080        18.82
        0.54     0.950000       508080        20.00
        0.54     0.953125       513348        21.33
        0.54     0.956250       513348        22.86
        0.54     0.959375       513348        24.62
        0.55     0.962500       517683        26.67
        0.55     0.965625       517683        29.09
        0.55     0.968750       517683        32.00
        0.56     0.970313       521347        33.68
        0.56     0.971875       521347        35.56
        0.56     0.973437       521347        37.65
        0.56     0.975000       521347        40.00
        0.57     0.976562       524320        42.67
        0.57     0.978125       524320        45.71
        0.57     0.979688       524320        49.23
        0.57     0.981250       524320        53.33
        0.57     0.982812       526680        58.18
        0.57     0.984375       526680        64.00
        0.57     0.985156       526680        67.37
        0.57     0.985938       526680        71.11
        0.58     0.986719       528513        75.29
        0.58     0.987500       528513        80.00
        0.58     0.988281       528513        85.33
        0.58     0.989062       528513        91.43
        0.59     0.989844       530019        98.46
        0.59     0.990625       530019       106.67
        0.59     0.991406       530019       116.36
        0.59     0.992188       530019       128.00
        0.60     0.992578       531093       134.74
        0.60     0.992969       531093       142.22
        0.60     0.993359       531093       150.59
        0.60     0.993750       531093       160.00
        0.60     0.994141       531093       170.67
        0.61     0.994531       531935       182.86
        0.61     0.994922       531935       196.92
        0.61     0.995313       531935       213.33
        0.61     0.995703       531935       232.73
        0.61     0.996094       532526       256.00
        0.61     0.996289       532526       269.47
        0.61     0.996484       532526       284.44
        0.61     0.996680       532526       301.18
        0.61     0.996875       532526       320.00
        0.62     0.997070       532953       341.33
        0.62     0.997266       532953       365.71
        0.62     0.997461       532953       393.85
        0.62     0.997656       532953       426.67
        0.63     0.997852       533243       465.45
        0.63     0.998047       533243       512.00
        0.63     0.998145       533243       538.95
        0.63     0.998242       533243       568.89
        0.63     0.998340       533243       602.35
        0.64     0.998437       533449       640.00
        0.64     0.998535       533449       682.67
        0.64     0.998633       533449       731.43
        0.64     0.998730       533449       787.69
        0.65     0.998828       533602       853.33
        0.65     0.998926       533602       930.91
        0.65     0.999023       533602      1024.00
        0.66     0.999072       533721      1077.89
        0.66     0.999121       533721      1137.78
        0.66     0.999170       533721      1204.71
        0.66     0.999219       533721      1280.00
        0.66     0.999268       533792      1365.33
        0.66     0.999316       533792      1462.86
        0.66     0.999365       533792      1575.38
        0.67     0.999414       533841      1706.67
        0.67     0.999463       533841      1861.82
        0.68     0.999512       533877      2048.00
        0.68     0.999536       533877      2155.79
        0.69     0.999561       533908      2275.56
        0.69     0.999585       533908      2409.41
        0.69     0.999609       533941      2560.00
        0.69     0.999634       533941      2730.67
        0.69     0.999658       533941      2925.71
        0.70     0.999683       533964      3150.77
        0.70     0.999707       533964      3413.33
        0.71     0.999731       533978      3723.64
        0.72     0.999756       533989      4096.00
        0.73     0.999768       533996      4311.58
        0.73     0.999780       534003      4551.11
        0.74     0.999792       534012      4818.82
        0.75     0.999805       534019      5120.00
        0.76     0.999817       534026      5461.33
        0.77     0.999829       534029      5851.43
        0.78     0.999841       534035      6301.54
        0.79     0.999854       534043      6826.67
        0.81     0.999866       534050      7447.27
        0.84     0.999878       534056      8192.00
        0.85     0.999884       534058      8623.16
        0.90     0.999890       534061      9102.22
        0.92     0.999896       534064      9637.65
        0.96     0.999902       534069     10240.00
        0.97     0.999908       534071     10922.67
        1.01     0.999915       534074     11702.86
        1.03     0.999921       534077     12603.08
        1.06     0.999927       534080     13653.33
        1.15     0.999933       534084     14894.55
        1.22     0.999939       534087     16384.00
        1.23     0.999942       534089     17246.32
        1.25     0.999945       534090     18204.44
        1.55     0.999948       534092     19275.29
        1.69     0.999951       534093     20480.00
        1.77     0.999954       534095     21845.33
        1.82     0.999957       534097     23405.71
        1.83     0.999960       534098     25206.15
        1.98     0.999963       534100     27306.67
        2.01     0.999966       534103     29789.09
        2.01     0.999969       534103     32768.00
        2.10     0.999971       534104     34492.63
        2.13     0.999973       534107     36408.89
        2.13     0.999974       534107     38550.59
        2.13     0.999976       534107     40960.00
        2.13     0.999977       534107     43690.67
        2.14     0.999979       534108     46811.43
        2.19     0.999980       534109     50412.31
        2.21     0.999982       534110     54613.33
        2.24     0.999983       534111     59578.18
        2.24     0.999985       534111     65536.00
        2.27     0.999986       534112     68985.26
        2.27     0.999986       534112     72817.78
        2.37     0.999987       534115     77101.18
        2.37     0.999988       534115     81920.00
        2.37     0.999989       534115     87381.33
        2.37     0.999989       534115     93622.86
        2.37     0.999990       534115    100824.62
        2.37     0.999991       534115    109226.67
        2.37     0.999992       534115    119156.36
        2.37     0.999992       534115    131072.00
        2.98     0.999993       534116    137970.53
        2.98     0.999993       534116    145635.56
        2.98     0.999994       534116    154202.35
        2.98     0.999994       534116    163840.00
        2.98     0.999994       534116    174762.67
        3.20     0.999995       534117    187245.71
        3.20     0.999995       534117    201649.23
        3.20     0.999995       534117    218453.33
        3.20     0.999996       534117    238312.73
        3.20     0.999996       534117    262144.00
        3.23     0.999996       534119    275941.05
        3.23     1.000000       534119          inf
#[Mean    =        0.449, StdDeviation   =        0.052]
#[Max     =        3.231, Total count    =       534119]
#[Buckets =           20, SubBuckets     =          256]
