       Value   Percentile   TotalCount 1/(1-Percentile)

        0.19     0.000000            1         1.00
        0.32     0.050000        38589         1.05
        0.33     0.100000        53111         1.11
        0.38     0.150000        78323         1.18
        0.40     0.200000       115236         1.25
        0.41     0.250000       133668         1.33
        0.41     0.300000       152196         1.43
        0.43     0.350000       189115         1.54
        0.44     0.400000       202766         1.67
        0.46     0.450000       237271         1.82
        0.47     0.500000       256893         2.00
        0.48     0.525000       281371         2.11
        0.48     0.550000       281371         2.22
        0.49     0.575000       308120         2.35
        0.49     0.600000       308120         2.50
        0.49     0.625000       335872         2.67
        0.49     0.650000       335872         2.86
        0.50     0.675000       363016         3.08
        0.50     0.700000       363016         3.33
        0.51     0.725000       386868         3.64
        0.51     0.750000       386868         4.00
        0.51     0.762500       386868         4.21
        0.52     0.775000       404378         4.44
        0.52     0.787500       404378         4.71
        0.53     0.800000       415121         5.00
        0.53     0.812500       415121         5.33
        0.54     0.825000       421256         5.71
        0.54     0.837500       425055         6.15
        0.57     0.850000       430637         6.67
        0.65     0.862500       438732         7.27
        0.66     0.875000       449565         8.00
        0.66     0.881250       449565         8.42
        0.66     0.887500       449565         8.89
        0.67     0.893750       458801         9.41
        0.67     0.900000       458801        10.00
        0.68     0.906250       469218        10.67
        0.68     0.912500       469218        11.43
        0.68     0.918750       469218        12.31
        0.68     0.925000       469218        13.33
        0.69     0.931250       479535        14.55
        0.69     0.937500       479535        16.00
        0.69     0.940625       479535        16.84
        0.69     0.943750       479535        17.78
        0.69     0.946875       479535        18.82
        0.69     0.950000       487904        20.00
        0.69     0.953125       487904        21.33
        0.69     0.956250       487904        22.86
        0.69     0.959375       487904        24.62
        0.69     0.962500       487904        26.67
        0.70     0.965625       493825        29.09
        0.70     0.968750       493825        32.00
        0.70     0.970313       493825        33.68
        0.70     0.971875       493825        35.56
        0.70     0.973437       493825        37.65
        0.70     0.975000       493825        40.00
        0.71     0.976562       497683        42.67
        0.71     0.978125       497683        45.71
        0.71     0.979688       497683        49.23
        0.71     0.981250       497683        53.33
        0.72     0.982812       500022        58.18
        0.72     0.984375       500022        64.00
        0.72     0.985156       500022        67.37
        0.72     0.985938       500022        71.11
        0.72     0.986719       500022        75.29
        0.73     0.987500       501451        80.00
        0.73     0.988281       501451        85.33
        0.73     0.989062       501451        91.43
        0.73     0.989844       501451        98.46
        0.73     0.990625       502458       106.67
        0.73     0.991406       502458       116.36
        0.74     0.992188       503176       128.00
        0.74     0.992578       503176       134.74
        0.74     0.992969       503176       142.22
        0.74     0.993359       503176       150.59
        0.75     0.993750       503755       160.00
        0.75     0.994141       503755       170.67
        0.75     0.994531       503755       182.86
        0.76     0.994922       504229       196.92
        0.76     0.995313       504229       213.33
        0.77     0.995703       504612       232.73
        0.77     0.996094       504612       256.00
        0.77     0.996289       504612       269.47
        0.78     0.996484       504961       284.44
        0.78     0.996680       504961       301.18
        0.78     0.996875       504961       320.00
        0.78     0.997070       504961       341.33
        0.78     0.997266       505248       365.71
        0.78     0.997461       505248       393.85
        0.79     0.997656       505517       426.67
        0.79     0.997852       505517       465.45
        0.79     0.998047       505517       512.00
        0.79     0.998145       505517       538.95
        0.80     0.998242       505717       568.89
        0.80     0.998340       505717       602.35
        0.80     0.998437       505717       640.00
        0.80     0.998535       505717       682.67
        0.81     0.998633       505877       731.43
        0.81     0.998730       505877       787.69
        0.81     0.998828       505877       853.33
        0.81     0.998926       506007       930.91
        0.81     0.999023       506007      1024.00
        0.81     0.999072       506007      1077.89
        0.81     0.999121       506007      1137.78
        0.82     0.999170       506108      1204.71
        0.82     0.999219       506108      1280.00
        0.82     0.999268       506108      1365.33
        0.82     0.999316       506108      1462.86
        0.83     0.999365       506188      1575.38
        0.83     0.999414       506188      1706.67
        0.83     0.999463       506188      1861.82
        0.84     0.999512       506248      2048.00
        0.84     0.999536       506248      2155.79
        0.84     0.999561       506248      2275.56
        0.84     0.999585       506248      2409.41
        0.84     0.999609       506248      2560.00
        0.85     0.999634       506275      2730.67
        0.85     0.999658       506275      2925.71
        0.85     0.999683       506293      3150.77
        0.85     0.999707       506293      3413.33
        0.86     0.999731       506306      3723.64
        0.88     0.999756       506322      4096.00
        0.88     0.999768       506322      4311.58
        0.89     0.999780       506328      4551.11
        0.90     0.999792       506337      4818.82
        0.92     0.999805       506341      5120.00
        0.94     0.999817       506347      5461.33
        0.96     0.999829       506354      5851.43
        1.00     0.999841       506359      6301.54
        1.04     0.999854       506366      6826.67
        1.07     0.999866       506372      7447.27
        1.10     0.999878       506378      8192.00
        1.14     0.999884       506381      8623.16
        1.36     0.999890       506384      9102.22
        1.62     0.999896       506387      9637.65
        1.74     0.999902       506390     10240.00
        1.94     0.999908       506393     10922.67
        2.40     0.999915       506396     11702.86
        2.48     0.999921       506399     12603.08
        2.61     0.999927       506404     13653.33
        2.62     0.999933       506406     14894.55
        2.67     0.999939       506410     16384.00
        2.67     0.999942       506410     17246.32
        2.75     0.999945       506414     18204.44
        2.75     0.999948       506414     19275.29
        2.78     0.999951       506416     20480.00
        2.78     0.999954       506416     21845.33
        2.83     0.999957       506418     23405.71
        2.85     0.999960       506419     25206.15
        2.91     0.999963       506421     27306.67
        2.94     0.999966       506423     29789.09
        2.98     0.999969       506425     32768.00
        2.98     0.999971       506425     34492.63
        3.13     0.999973       506426     36408.89
        3.13     0.999974       506426     38550.59
        3.18     0.999976       506427     40960.00
        3.79     0.999977       506428     43690.67
        3.81     0.999979       506429     46811.43
        3.81     0.999980       506429     50412.31
        3.85     0.999982       506432     54613.33
        3.85     0.999983       506432     59578.18
        3.85     0.999985       506432     65536.00
        3.85     0.999986       506432     68985.26
        3.89     0.999986       506434     72817.78
        3.89     0.999987       506434     77101.18
        3.89     0.999988       506434     81920.00
        3.89     0.999989       506434     87381.33
        3.89     0.999989       506434     93622.86
        3.89     0.999990       506434    100824.62
        3.98     0.999991       506435    109226.67
        3.98     0.999992       506435    119156.36
        4.00     0.999992       506436    131072.00
        4.00     0.999993       506436    137970.53
        4.00     0.999993       506436    145635.56
        4.00     0.999994       506436    154202.35
        4.00     0.999994       506436    163840.00
        4.01     0.999994       506437    174762.67
        4.01     0.999995       506437    187245.71
        4.01     0.999995       506437    201649.23
        4.01     0.999995       506437    218453.33
        4.01     0.999996       506437    238312.73
        4.03     0.999996       506438    262144.00
        4.03     0.999996       506438    275941.05
        4.03     0.999997       506438    291271.11
        4.03     0.999997       506438    308404.71
        4.03     0.999997       506438    327680.00
        4.03     0.999997       506438    349525.33
        4.03     0.999997       506438    374491.43
        4.03     0.999998       506438    403298.46
        4.03     0.999998       506438    436906.67
        4.03     0.999998       506438    476625.45
        4.29     0.999998       506439    524288.00
        4.29     1.000000       506439          inf
#[Mean    =        0.474, StdDeviation   =        0.111]
#[Max     =        4.287, Total count    =       506439]
#[Buckets =           20, SubBuckets     =          256]
