       Value   Percentile   TotalCount 1/(1-Percentile)

        0.19     0.000000            1         1.00
        0.29     0.050000        43858         1.05
        0.30     0.100000        60345         1.11
        0.34     0.150000        82657         1.18
        0.37     0.200000       121779         1.25
        0.38     0.250000       144310         1.33
        0.38     0.300000       167415         1.43
        0.40     0.350000       210996         1.54
        0.41     0.400000       225207         1.67
        0.42     0.450000       249907         1.82
        0.44     0.500000       297173         2.00
        0.44     0.525000       297173         2.11
        0.45     0.550000       328295         2.22
        0.45     0.575000       328295         2.35
        0.46     0.600000       360604         2.50
        0.46     0.625000       360604         2.67
        0.46     0.650000       360604         2.86
        0.46     0.675000       392856         3.08
        0.46     0.700000       392856         3.33
        0.47     0.725000       420916         3.64
        0.47     0.750000       420916         4.00
        0.47     0.762500       420916         4.21
        0.48     0.775000       441010         4.44
        0.48     0.787500       441010         4.71
        0.48     0.800000       441010         5.00
        0.49     0.812500       452546         5.33
        0.49     0.825000       458862         5.71
        0.50     0.837500       462492         6.15
        0.53     0.850000       467958         6.67
        0.60     0.862500       476932         7.27
        0.61     0.875000       482788         8.00
        0.61     0.881250       492034         8.42
        0.61     0.887500       492034         8.89
        0.61     0.893750       492034         9.41
        0.62     0.900000       503935        10.00
        0.62     0.906250       503935        10.67
        0.62     0.912500       503935        11.43
        0.63     0.918750       516400        12.31
        0.63     0.925000       516400        13.33
        0.63     0.931250       516400        14.55
        0.63     0.937500       516400        16.00
        0.64     0.940625       527095        16.84
        0.64     0.943750       527095        17.78
        0.64     0.946875       527095        18.82
        0.64     0.950000       527095        20.00
        0.64     0.953125       527095        21.33
        0.64     0.956250       527095        22.86
        0.65     0.959375       534965        24.62
        0.65     0.962500       534965        26.67
        0.65     0.965625       534965        29.09
        0.65     0.968750       534965        32.00
        0.65     0.970313       534965        33.68
        0.65     0.971875       534965        35.56
        0.65     0.973437       534965        37.65
        0.66     0.975000       540015        40.00
        0.66     0.976562       540015        42.67
        0.66     0.978125       540015        45.71
        0.66     0.979688       540015        49.23
        0.66     0.981250       540015        53.33
        0.66     0.982812       542893        58.18
        0.66     0.984375       542893        64.00
        0.66     0.985156       542893        67.37
        0.66     0.985938       542893        71.11
        0.66     0.986719       542893        75.29
        0.66     0.987500       542893        80.00
        0.67     0.988281       544535        85.33
        0.67     0.989062       544535        91.43
        0.67     0.989844       544535        98.46
        0.67     0.990625       544535       106.67
        0.68     0.991406       545592       116.36
        0.68     0.992188       545592       128.00
        0.68     0.992578       545592       134.74
        0.69     0.992969       546297       142.22
        0.69     0.993359       546297       150.59
        0.69     0.993750       546297       160.00
        0.69     0.994141       546866       170.67
        0.69     0.994531       546866       182.86
        0.69     0.994922       546866       196.92
        0.70     0.995313       547330       213.33
        0.70     0.995703       547330       232.73
        0.71     0.996094       547706       256.00
        0.71     0.996289       547706       269.47
        0.71     0.996484       547706       284.44
        0.72     0.996680       548041       301.18
        0.72     0.996875       548041       320.00
        0.72     0.997070       548041       341.33
        0.72     0.997266       548041       365.71
        0.73     0.997461       548346       393.85
        0.73     0.997656       548346       426.67
        0.73     0.997852       548595       465.45
        0.73     0.998047       548595       512.00
        0.73     0.998145       548595       538.95
        0.73     0.998242       548595       568.89
        0.74     0.998340       548813       602.35
        0.74     0.998437       548813       640.00
        0.74     0.998535       548813       682.67
        0.74     0.998633       548813       731.43
        0.75     0.998730       548965       787.69
        0.75     0.998828       548965       853.33
        0.75     0.998926       548965       930.91
        0.76     0.999023       549096      1024.00
        0.76     0.999072       549096      1077.89
        0.76     0.999121       549096      1137.78
        0.76     0.999170       549096      1204.71
        0.77     0.999219       549200      1280.00
        0.77     0.999268       549200      1365.33
        0.77     0.999316       549200      1462.86
        0.77     0.999365       549200      1575.38
        0.78     0.999414       549281      1706.67
        0.78     0.999463       549281      1861.82
        0.78     0.999512       549281      2048.00
        0.78     0.999536       549328      2155.79
        0.78     0.999561       549328      2275.56
        0.78     0.999585       549328      2409.41
        0.78     0.999609       549328      2560.00
        0.79     0.999634       549349      2730.67
        0.80     0.999658       549367      2925.71
        0.80     0.999683       549367      3150.77
        0.81     0.999707       549388      3413.33
        0.81     0.999731       549400      3723.64
        0.82     0.999756       549412      4096.00
        0.83     0.999768       549415      4311.58
        0.84     0.999780       549421      4551.11
        0.85     0.999792       549427      4818.82
        0.86     0.999805       549436      5120.00
        0.87     0.999817       549441      5461.33
        0.89     0.999829       549449      5851.43
        0.90     0.999841       549454      6301.54
        0.91     0.999854       549460      6826.67
        0.93     0.999866       549467      7447.27
        0.96     0.999878       549473      8192.00
        0.98     0.999884       549477      8623.16
        1.03     0.999890       549480      9102.22
        1.50     0.999896       549483      9637.65
        1.60     0.999902       549487     10240.00
        1.71     0.999908       549490     10922.67
        2.29     0.999915       549494     11702.86
        2.37     0.999921       549497     12603.08
        2.40     0.999927       549500     13653.33
        2.45     0.999933       549504     14894.55
        2.46     0.999939       549507     16384.00
        2.48     0.999942       549510     17246.32
        2.48     0.999945       549510     18204.44
        2.56     0.999948       549512     19275.29
        2.62     0.999951       549514     20480.00
        2.64     0.999954       549515     21845.33
        2.70     0.999957       549517     23405.71
        2.72     0.999960       549519     25206.15
        2.73     0.999963       549521     27306.67
        2.75     0.999966       549522     29789.09
        2.77     0.999969       549524     32768.00
        2.80     0.999971       549525     34492.63
        2.80     0.999973       549525     36408.89
        2.83     0.999974       549526     38550.59
        2.86     0.999976       549527     40960.00
        3.02     0.999977       549528     43690.67
        3.54     0.999979       549529     46811.43
        3.55     0.999980       549530     50412.31
        3.55     0.999982       549530     54613.33
        3.58     0.999983       549531     59578.18
        3.60     0.999985       549532     65536.00
        3.65     0.999986       549533     68985.26
        3.65     0.999986       549533     72817.78
        3.65     0.999987       549533     77101.18
        3.66     0.999988       549534     81920.00
        3.66     0.999989       549534     87381.33
        3.71     0.999989       549535     93622.86
        3.71     0.999990       549535    100824.62
        3.71     0.999991       549535    109226.67
        3.73     0.999992       549536    119156.36
        3.73     0.999992       549536    131072.00
        3.74     0.999993       549537    137970.53
        3.74     0.999993       549537    145635.56
        3.74     0.999994       549537    154202.35
        3.74     0.999994       549537    163840.00
        3.74     0.999994       549537    174762.67
        3.77     0.999995       549538    187245.71
        3.77     0.999995       549538    201649.23
        3.77     0.999995       549538    218453.33
        3.77     0.999996       549538    238312.73
        3.77     0.999996       549538    262144.00
        3.97     0.999996       549539    275941.05
        3.97     0.999997       549539    291271.11
        3.97     0.999997       549539    308404.71
        3.97     0.999997       549539    327680.00
        3.97     0.999997       549539    349525.33
        3.97     0.999997       549539    374491.43
        3.97     0.999998       549539    403298.46
        3.97     0.999998       549539    436906.67
        3.97     0.999998       549539    476625.45
        3.97     0.999998       549539    524288.00
        4.01     0.999998       549540    551882.11
        4.01     1.000000       549540          inf
#[Mean    =        0.437, StdDeviation   =        0.102]
#[Max     =        4.015, Total count    =       549540]
#[Buckets =           20, SubBuckets     =          256]
