       Value   Percentile   TotalCount 1/(1-Percentile)

        0.16     0.000000            1         1.00
        0.24     0.050000        46241         1.05
        0.25     0.100000        71620         1.11
        0.28     0.150000       101269         1.18
        0.30     0.200000       155523         1.25
        0.31     0.250000       188739         1.33
        0.32     0.300000       223337         1.43
        0.33     0.350000       255489         1.54
        0.34     0.400000       276525         1.67
        0.35     0.450000       314824         1.82
        0.36     0.500000       353332         2.00
        0.36     0.525000       353332         2.11
        0.37     0.550000       401279         2.22
        0.37     0.575000       401279         2.35
        0.37     0.600000       401279         2.50
        0.38     0.625000       447557         2.67
        0.38     0.650000       447557         2.86
        0.38     0.675000       488875         3.08
        0.38     0.700000       488875         3.33
        0.38     0.725000       488875         3.64
        0.39     0.750000       523330         4.00
        0.39     0.762500       523330         4.21
        0.39     0.775000       523330         4.44
        0.40     0.787500       545047         4.71
        0.40     0.800000       545047         5.00
        0.40     0.812500       545047         5.33
        0.41     0.825000       555711         5.71
        0.41     0.837500       561238         6.15
        0.44     0.850000       569312         6.67
        0.49     0.862500       576851         7.27
        0.50     0.875000       588280         8.00
        0.51     0.881250       601175         8.42
        0.51     0.887500       601175         8.89
        0.51     0.893750       601175         9.41
        0.52     0.900000       618782        10.00
        0.52     0.906250       618782        10.67
        0.52     0.912500       618782        11.43
        0.52     0.918750       618782        12.31
        0.52     0.925000       618782        13.33
        0.53     0.931250       636741        14.55
        0.53     0.937500       636741        16.00
        0.53     0.940625       636741        16.84
        0.53     0.943750       636741        17.78
        0.53     0.946875       636741        18.82
        0.53     0.950000       636741        20.00
        0.54     0.953125       650222        21.33
        0.54     0.956250       650222        22.86
        0.54     0.959375       650222        24.62
        0.54     0.962500       650222        26.67
        0.54     0.965625       650222        29.09
        0.54     0.968750       650222        32.00
        0.54     0.970313       650222        33.68
        0.54     0.971875       650222        35.56
        0.54     0.973437       657768        37.65
        0.54     0.975000       657768        40.00
        0.54     0.976562       657768        42.67
        0.54     0.978125       657768        45.71
        0.54     0.979688       657768        49.23
        0.54     0.981250       657768        53.33
        0.54     0.982812       657768        58.18
        0.55     0.984375       661438        64.00
        0.55     0.985156       661438        67.37
        0.55     0.985938       661438        71.11
        0.55     0.986719       661438        75.29
        0.55     0.987500       661438        80.00
        0.55     0.988281       661438        85.33
        0.55     0.989062       661438        91.43
        0.55     0.989844       661438        98.46
        0.56     0.990625       663153       106.67
        0.56     0.991406       663153       116.36
        0.56     0.992188       663153       128.00
        0.57     0.992578       664165       134.74
        0.57     0.992969       664165       142.22
        0.57     0.993359       664165       150.59
        0.57     0.993750       664165       160.00
        0.57     0.994141       664875       170.67
        0.57     0.994531       664875       182.86
        0.57     0.994922       664875       196.92
        0.58     0.995313       665378       213.33
        0.58     0.995703       665378       232.73
        0.59     0.996094       665890       256.00
        0.59     0.996289       665890       269.47
        0.59     0.996484       665890       284.44
        0.60     0.996680       666329       301.18
        0.60     0.996875       666329       320.00
        0.60     0.997070       666329       341.33
        0.61     0.997266       666695       365.71
        0.61     0.997461       666695       393.85
        0.61     0.997656       666695       426.67
        0.61     0.997852       667011       465.45
        0.61     0.998047       667011       512.00
        0.61     0.998145       667011       538.95
        0.62     0.998242       667284       568.89
        0.62     0.998340       667284       602.35
        0.62     0.998437       667284       640.00
        0.62     0.998535       667284       682.67
        0.63     0.998633       667520       731.43
        0.63     0.998730       667520       787.69
        0.63     0.998828       667520       853.33
        0.63     0.998926       667520       930.91
        0.64     0.999023       667685      1024.00
        0.64     0.999072       667685      1077.89
        0.64     0.999121       667685      1137.78
        0.64     0.999170       667685      1204.71
        0.65     0.999219       667792      1280.00
        0.65     0.999268       667792      1365.33
        0.65     0.999316       667792      1462.86
        0.66     0.999365       667875      1575.38
        0.66     0.999414       667875      1706.67
        0.66     0.999463       667875      1861.82
        0.66     0.999512       667939      2048.00
        0.66     0.999536       667939      2155.79
        0.66     0.999561       667939      2275.56
        0.67     0.999585       667978      2409.41
        0.67     0.999609       667978      2560.00
        0.67     0.999634       667978      2730.67
        0.68     0.999658       668006      2925.71
        0.69     0.999683       668025      3150.77
        0.69     0.999707       668025      3413.33
        0.70     0.999731       668041      3723.64
        0.73     0.999756       668064      4096.00
        0.73     0.999768       668070      4311.58
        0.75     0.999780       668075      4551.11
        0.76     0.999792       668081      4818.82
        0.78     0.999805       668089      5120.00
        0.80     0.999817       668100      5461.33
        0.81     0.999829       668106      5851.43
        0.82     0.999841       668117      6301.54
        0.83     0.999854       668122      6826.67
        0.84     0.999866       668130      7447.27
        0.86     0.999878       668138      8192.00
        0.88     0.999884       668143      8623.16
        0.89     0.999890       668146      9102.22
        0.92     0.999896       668150      9637.65
        0.97     0.999902       668155     10240.00
        1.14     0.999908       668158     10922.67
        1.27     0.999915       668162     11702.86
        1.36     0.999921       668167     12603.08
        1.65     0.999927       668171     13653.33
        2.02     0.999933       668175     14894.55
        2.10     0.999939       668180     16384.00
        2.13     0.999942       668182     17246.32
        2.16     0.999945       668183     18204.44
        2.22     0.999948       668185     19275.29
        2.27     0.999951       668188     20480.00
        2.30     0.999954       668190     21845.33
        2.33     0.999957       668191     23405.71
        2.37     0.999960       668193     25206.15
        2.50     0.999963       668195     27306.67
        2.62     0.999966       668197     29789.09
        2.64     0.999969       668200     32768.00
        2.64     0.999971       668200     34492.63
        2.67     0.999973       668202     36408.89
        2.67     0.999974       668202     38550.59
        2.69     0.999976       668203     40960.00
        2.72     0.999977       668204     43690.67
        2.77     0.999979       668205     46811.43
        2.78     0.999980       668206     50412.31
        2.88     0.999982       668207     54613.33
        3.04     0.999983       668208     59578.18
        3.06     0.999985       668210     65536.00
        3.06     0.999986       668210     68985.26
        3.06     0.999986       668210     72817.78
        3.07     0.999987       668212     77101.18
        3.07     0.999988       668212     81920.00
        3.07     0.999989       668212     87381.33
        3.07     0.999989       668212     93622.86
        3.12     0.999990       668213    100824.62
        3.12     0.999991       668213    109226.67
        3.15     0.999992       668214    119156.36
        3.15     0.999992       668214    131072.00
        3.18     0.999993       668216    137970.53
        3.18     0.999993       668216    145635.56
        3.18     0.999994       668216    154202.35
        3.18     0.999994       668216    163840.00
        3.18     0.999994       668216    174762.67
        3.18     0.999995       668216    187245.71
        3.18     0.999995       668216    201649.23
        3.18     0.999995       668216    218453.33
        3.20     0.999996       668217    238312.73
        3.20     0.999996       668217    262144.00
        3.20     0.999996       668217    275941.05
        3.20     0.999997       668217    291271.11
        3.20     0.999997       668217    308404.71
        3.20     0.999997       668217    327680.00
        3.25     0.999997       668218    349525.33
        3.25     0.999997       668218    374491.43
        3.25     0.999998       668218    403298.46
        3.25     0.999998       668218    436906.67
        3.25     0.999998       668218    476625.45
        3.25     0.999998       668218    524288.00
        3.25     0.999998       668218    551882.11
        3.25     0.999998       668218    582542.22
        3.25     0.999998       668218    616809.41
        3.25     0.999998       668218    655360.00
        3.33     0.999999       668219    699050.67
        3.33     1.000000       668219          inf
#[Mean    =        0.359, StdDeviation   =        0.086]
#[Max     =        3.327, Total count    =       668219]
#[Buckets =           20, SubBuckets     =          256]
