       Value   Percentile   TotalCount 1/(1-Percentile)

        0.07     0.000000          150         1.00
        0.15     0.050000      2349240         1.05
        0.16     0.100000      2997790         1.11
        0.20     0.150000      4446860         1.18
        0.43     0.200000      5957360         1.25
        0.52     0.250000      7378080         1.33
        0.58     0.300000      8943750         1.43
        0.60     0.350000     11692010         1.54
        0.61     0.400000     14121580         1.67
        0.61     0.450000     14121580         1.82
        0.61     0.500000     16038940         2.00
        0.61     0.525000     16038940         2.11
        0.62     0.550000     17492270         2.22
        0.62     0.575000     17492270         2.35
        0.63     0.600000     18670830         2.50
        0.63     0.625000     18670830         2.67
        0.64     0.650000     19680730         2.86
        0.65     0.675000     20634290         3.08
        0.65     0.700000     20634290         3.33
        0.66     0.725000     21571820         3.64
        0.66     0.750000     22453810         4.00
        0.67     0.762500     23250690         4.21
        0.67     0.775000     23250690         4.44
        0.67     0.787500     23250690         4.71
        0.68     0.800000     23918790         5.00
        0.69     0.812500     24437070         5.33
        0.69     0.825000     24437070         5.71
        0.69     0.837500     24828330         6.15
        0.70     0.850000     25104070         6.67
        0.72     0.862500     25424230         7.27
        0.75     0.875000     25796880         8.00
        0.77     0.881250     26017660         8.42
        0.78     0.887500     26176270         8.89
        0.81     0.893750     26353950         9.41
        0.83     0.900000     26535060        10.00
        0.85     0.906250     26730910        10.67
        0.88     0.912500     26955650        11.43
        0.90     0.918750     27133360        12.31
        0.91     0.925000     27341670        13.33
        0.92     0.931250     27452250        14.55
        0.94     0.937500     27683610        16.00
        0.94     0.940625     27805040        16.84
        0.95     0.943750     27927800        17.78
        0.95     0.946875     27927800        18.82
        0.96     0.950000     28049840        20.00
        0.97     0.953125     28169560        21.33
        0.97     0.956250     28286910        22.86
        0.97     0.959375     28286910        24.62
        0.98     0.962500     28395490        26.67
        0.99     0.965625     28493650        29.09
        1.00     0.968750     28580200        32.00
        1.01     0.970313     28656710        33.68
        1.01     0.971875     28656710        35.56
        1.01     0.973437     28720030        37.65
        1.02     0.975000     28774230        40.00
        1.03     0.976562     28817610        42.67
        1.04     0.978125     28850300        45.71
        1.05     0.979688     28876970        49.23
        1.07     0.981250     28927320        53.33
        1.11     0.982812     28972520        58.18
        1.18     0.984375     29013140        64.00
        1.22     0.985156     29036690        67.37
        1.30     0.985938     29060570        71.11
        1.40     0.986719     29082570        75.29
        1.50     0.987500     29105570        80.00
        1.64     0.988281     29129030        85.33
        1.85     0.989062     29151600        91.43
        2.27     0.989844     29174590        98.46
        2.69     0.990625     29197940       106.67
        3.18     0.991406     29220630       116.36
        3.79     0.992188     29243790       128.00
        4.13     0.992578     29254900       134.74
        4.54     0.992969     29267050       142.22
        4.99     0.993359     29278650       150.59
        5.44     0.993750     29290020       160.00
        5.82     0.994141     29300950       170.67
        6.33     0.994531     29313060       182.86
        6.72     0.994922     29324410       196.92
        7.07     0.995313     29335580       213.33
        7.49     0.995703     29347410       232.73
        7.93     0.996094     29358670       256.00
        8.32     0.996289     29364540       269.47
        8.64     0.996484     29370600       284.44
        8.96     0.996680     29375860       301.18
        9.47     0.996875     29382370       320.00
        9.92     0.997070     29387400       341.33
       10.43     0.997266     29393300       365.71
       11.13     0.997461     29398840       393.85
       12.16     0.997656     29405000       426.67
       12.99     0.997852     29410380       465.45
       14.34     0.998047     29416150       512.00
       14.91     0.998145     29419150       538.95
       15.42     0.998242     29422060       568.89
       15.87     0.998340     29424890       602.35
       16.32     0.998437     29427620       640.00
       16.64     0.998535     29430870       682.67
       17.02     0.998633     29433550       731.43
       17.66     0.998730     29436730       787.69
       18.30     0.998828     29439290       853.33
       18.94     0.998926     29442050       930.91
       19.84     0.999023     29444860      1024.00
       20.22     0.999072     29447610      1077.89
       20.35     0.999121     29448720      1137.78
       20.48     0.999170     29451040      1204.71
       20.48     0.999219     29451040      1280.00
       20.73     0.999268     29452410      1365.33
       21.12     0.999316     29453480      1462.86
       21.89     0.999365     29455050      1575.38
       22.53     0.999414     29456410      1706.67
       23.17     0.999463     29457810      1861.82
       24.19     0.999512     29463460      2048.00
       24.19     0.999536     29463460      2155.79
       24.19     0.999561     29463460      2275.56
       24.19     0.999585     29463460      2409.41
       24.19     0.999609     29463460      2560.00
       24.19     0.999634     29463460      2730.67
       24.32     0.999658     29465380      2925.71
       24.32     0.999683     29465380      3150.77
       24.32     0.999707     29465380      3413.33
       24.45     0.999731     29466030      3723.64
       24.57     0.999756     29466600      4096.00
       24.83     0.999768     29466870      4311.58
       25.09     0.999780     29467270      4551.11
       25.47     0.999792     29467570      4818.82
       25.73     0.999805     29468070      5120.00
       25.98     0.999817     29468250      5461.33
       26.62     0.999829     29468690      5851.43
       27.01     0.999841     29469040      6301.54
       27.65     0.999854     29469360      6826.67
       28.16     0.999866     29470220      7447.27
       28.16     0.999878     29470220      8192.00
       28.16     0.999884     29470220      8623.16
       28.29     0.999890     29471210      9102.22
       28.29     0.999896     29471210      9637.65
       28.29     0.999902     29471210     10240.00
       28.29     0.999908     29471210     10922.67
       28.29     0.999915     29471210     11702.86
       28.41     0.999921     29471470     12603.08
       28.41     0.999927     29471470     13653.33
       28.54     0.999933     29471760     14894.55
       28.67     0.999939     29471830     16384.00
       29.05     0.999942     29471960     17246.32
       29.18     0.999945     29472080     18204.44
       29.31     0.999948     29472160     19275.29
       29.44     0.999951     29472230     20480.00
       29.70     0.999954     29472310     21845.33
       29.82     0.999957     29472410     23405.71
       30.21     0.999960     29472490     25206.15
       30.72     0.999963     29472600     27306.67
       31.10     0.999966     29472640     29789.09
       32.13     0.999969     29472860     32768.00
       32.13     0.999971     29472860     34492.63
       32.13     0.999973     29472860     36408.89
       32.13     0.999974     29472860     38550.59
       32.26     0.999976     29473380     40960.00
       32.26     0.999977     29473380     43690.67
       32.26     0.999979     29473380     46811.43
       32.26     0.999980     29473380     50412.31
       32.26     0.999982     29473380     54613.33
       32.26     0.999983     29473380     59578.18
       32.26     0.999985     29473380     65536.00
       32.26     0.999986     29473380     68985.26
       32.26     0.999986     29473380     72817.78
       32.26     0.999987     29473380     77101.18
       32.26     0.999988     29473380     81920.00
       32.26     0.999989     29473380     87381.33
       32.26     0.999989     29473380     93622.86
       32.26     0.999990     29473380    100824.62
       32.26     0.999991     29473380    109226.67
       32.26     0.999992     29473380    119156.36
       32.51     0.999992     29473460    131072.00
       32.51     0.999993     29473460    137970.53
       32.51     0.999993     29473460    145635.56
       32.51     0.999994     29473460    154202.35
       32.51     0.999994     29473460    163840.00
       32.51     0.999994     29473460    174762.67
       36.35     0.999995     29473570    187245.71
       36.35     0.999995     29473570    201649.23
       36.35     0.999995     29473570    218453.33
       36.35     0.999996     29473570    238312.73
       36.35     0.999996     29473570    262144.00
       36.35     0.999996     29473570    275941.05
       36.35     0.999997     29473570    291271.11
       36.35     0.999997     29473570    308404.71
       36.35     0.999997     29473570    327680.00
       36.35     0.999997     29473570    349525.33
       36.35     0.999997     29473570    374491.43
       36.35     0.999998     29473570    403298.46
       36.35     0.999998     29473570    436906.67
       36.35     0.999998     29473570    476625.45
       36.35     0.999998     29473570    524288.00
       36.35     0.999998     29473570    551882.11
       36.35     0.999998     29473570    582542.22
       36.61     0.999998     29473600    616809.41
       36.61     0.999998     29473600    655360.00
       36.61     0.999999     29473600    699050.67
       36.61     0.999999     29473600    748982.86
       36.61     0.999999     29473600    806596.92
       36.61     0.999999     29473600    873813.33
       36.61     0.999999     29473600    953250.91
       36.61     0.999999     29473600   1048576.00
       36.61     0.999999     29473600   1103764.21
       36.61     0.999999     29473600   1165084.44
       36.61     0.999999     29473600   1233618.82
       36.61     0.999999     29473600   1310720.00
       36.61     0.999999     29473600   1398101.33
       36.86     0.999999     29473620   1497965.71
       36.86     1.000000     29473620          inf
#[Mean    =        0.649, StdDeviation   =        1.074]
#[Max     =       36.863, Total count    =     29473620]
#[Buckets =           20, SubBuckets     =          256]
