       Value   Percentile   TotalCount 1/(1-Percentile)

        0.26     0.000000            1         1.00
        0.46     0.050000        21494         1.05
        0.48     0.100000        36317         1.11
        0.54     0.150000        56267         1.18
        0.57     0.200000        78477         1.25
        0.58     0.250000        98822         1.33
        0.59     0.300000       110222         1.43
        0.61     0.350000       130914         1.54
        0.62     0.400000       146606         1.67
        0.65     0.450000       162640         1.82
        0.67     0.500000       182508         2.00
        0.68     0.525000       191687         2.11
        0.69     0.550000       201789         2.22
        0.69     0.575000       212854         2.35
        0.70     0.600000       224581         2.50
        0.70     0.625000       224581         2.67
        0.71     0.650000       236361         2.86
        0.72     0.675000       247971         3.08
        0.73     0.700000       258948         3.33
        0.73     0.725000       268941         3.64
        0.73     0.750000       268941         4.00
        0.74     0.762500       277861         4.21
        0.74     0.775000       277861         4.44
        0.75     0.787500       285030         4.71
        0.76     0.800000       290864         5.00
        0.76     0.812500       290864         5.33
        0.77     0.825000       295374         5.71
        0.78     0.837500       301227         6.15
        0.80     0.850000       304124         6.67
        0.87     0.862500       308652         7.27
        0.90     0.875000       314559         8.00
        0.91     0.881250       317302         8.42
        0.91     0.887500       317302         8.89
        0.92     0.893750       320718         9.41
        0.93     0.900000       324448        10.00
        0.93     0.906250       324448        10.67
        0.94     0.912500       328650        11.43
        0.94     0.918750       328650        12.31
        0.94     0.925000       333060        13.33
        0.94     0.931250       333060        14.55
        0.95     0.937500       337537        16.00
        0.95     0.940625       337537        16.84
        0.95     0.943750       337537        17.78
        0.96     0.946875       341659        18.82
        0.96     0.950000       341659        20.00
        0.96     0.953125       341659        21.33
        0.96     0.956250       341659        22.86
        0.97     0.959375       345344        24.62
        0.97     0.962500       345344        26.67
        0.97     0.965625       345344        29.09
        0.97     0.968750       348596        32.00
        0.97     0.970313       348596        33.68
        0.97     0.971875       348596        35.56
        0.97     0.973437       348596        37.65
        0.97     0.975000       348596        40.00
        0.98     0.976562       351160        42.67
        0.98     0.978125       351160        45.71
        0.98     0.979688       351160        49.23
        0.98     0.981250       351160        53.33
        0.98     0.982812       351160        58.18
        0.99     0.984375       353052        64.00
        0.99     0.985156       353052        67.37
        0.99     0.985938       353052        71.11
        0.99     0.986719       353052        75.29
        0.99     0.987500       353052        80.00
        0.99     0.988281       353052        85.33
        1.00     0.989062       354437        91.43
        1.00     0.989844       354437        98.46
        1.00     0.990625       354437       106.67
        1.00     0.991406       354437       116.36
        1.00     0.992188       354437       128.00
        1.01     0.992578       355385       134.74
        1.01     0.992969       355385       142.22
        1.01     0.993359       355385       150.59
        1.01     0.993750       355385       160.00
        1.01     0.994141       355385       170.67
        1.01     0.994531       355385       182.86
        1.01     0.994922       355997       196.92
        1.01     0.995313       355997       213.33
        1.01     0.995703       355997       232.73
        1.01     0.996094       355997       256.00
        1.01     0.996289       355997       269.47
        1.01     0.996484       355997       284.44
        1.02     0.996680       356410       301.18
        1.02     0.996875       356410       320.00
        1.02     0.997070       356410       341.33
        1.02     0.997266       356410       365.71
        1.02     0.997461       356410       393.85
        1.02     0.997656       356410       426.67
        1.03     0.997852       356673       465.45
        1.03     0.998047       356673       512.00
        1.03     0.998145       356673       538.95
        1.03     0.998242       356673       568.89
        1.03     0.998340       356673       602.35
        1.03     0.998437       356673       640.00
        1.04     0.998535       356839       682.67
        1.04     0.998633       356839       731.43
        1.04     0.998730       356839       787.69
        1.04     0.998828       356839       853.33
        1.05     0.998926       356940       930.91
        1.05     0.999023       356940      1024.00
        1.05     0.999072       356940      1077.89
        1.05     0.999121       356940      1137.78
        1.05     0.999170       356940      1204.71
        1.05     0.999219       356998      1280.00
        1.05     0.999268       356998      1365.33
        1.05     0.999316       356998      1462.86
        1.06     0.999365       357039      1575.38
        1.06     0.999414       357039      1706.67
        1.06     0.999463       357039      1861.82
        1.07     0.999512       357070      2048.00
        1.07     0.999536       357070      2155.79
        1.08     0.999561       357092      2275.56
        1.08     0.999585       357092      2409.41
        1.08     0.999609       357092      2560.00
        1.09     0.999634       357103      2730.67
        1.09     0.999658       357117      2925.71
        1.09     0.999683       357117      3150.77
        1.10     0.999707       357125      3413.33
        1.11     0.999731       357134      3723.64
        1.12     0.999756       357140      4096.00
        1.13     0.999768       357145      4311.58
        1.14     0.999780       357153      4551.11
        1.14     0.999792       357153      4818.82
        1.16     0.999805       357166      5120.00
        1.16     0.999817       357166      5461.33
        1.16     0.999829       357166      5851.43
        1.17     0.999841       357171      6301.54
        1.18     0.999854       357179      6826.67
        1.18     0.999866       357182      7447.27
        1.19     0.999878       357186      8192.00
        1.19     0.999884       357186      8623.16
        1.20     0.999890       357189      9102.22
        1.21     0.999896       357190      9637.65
        1.22     0.999902       357198     10240.00
        1.22     0.999908       357198     10922.67
        1.22     0.999915       357198     11702.86
        1.24     0.999921       357199     12603.08
        1.25     0.999927       357201     13653.33
        1.27     0.999933       357205     14894.55
        1.28     0.999939       357207     16384.00
        1.28     0.999942       357207     17246.32
        1.29     0.999945       357209     18204.44
        1.29     0.999948       357209     19275.29
        1.29     0.999951       357211     20480.00
        1.29     0.999954       357211     21845.33
        1.30     0.999957       357212     23405.71
        1.31     0.999960       357213     25206.15
        1.32     0.999963       357214     27306.67
        1.33     0.999966       357216     29789.09
        1.40     0.999969       357217     32768.00
        1.40     0.999971       357217     34492.63
        1.41     0.999973       357220     36408.89
        1.41     0.999974       357220     38550.59
        1.41     0.999976       357220     40960.00
        1.41     0.999977       357220     43690.67
        1.41     0.999979       357220     46811.43
        1.41     0.999980       357220     50412.31
        1.47     0.999982       357221     54613.33
        1.51     0.999983       357222     59578.18
        1.51     0.999985       357222     65536.00
        1.51     0.999986       357222     68985.26
        1.61     0.999986       357223     72817.78
        1.61     0.999987       357223     77101.18
        1.61     0.999988       357223     81920.00
        1.61     0.999989       357223     87381.33
        2.67     0.999989       357224     93622.86
        2.67     0.999990       357224    100824.62
        2.67     0.999991       357224    109226.67
        2.94     0.999992       357225    119156.36
        2.94     0.999992       357225    131072.00
        2.94     0.999993       357225    137970.53
        2.94     0.999993       357225    145635.56
        2.94     0.999994       357225    154202.35
        2.94     0.999994       357225    163840.00
        2.94     0.999994       357225    174762.67
        3.21     0.999995       357226    187245.71
        3.21     0.999995       357226    201649.23
        3.21     0.999995       357226    218453.33
        3.21     0.999996       357226    238312.73
        3.21     0.999996       357226    262144.00
        3.21     0.999996       357226    275941.05
        3.21     0.999997       357226    291271.11
        3.21     0.999997       357226    308404.71
        3.21     0.999997       357226    327680.00
        3.21     0.999997       357226    349525.33
        3.23     0.999997       357227    374491.43
        3.23     1.000000       357227          inf
#[Mean    =        0.671, StdDeviation   =        0.144]
#[Max     =        3.231, Total count    =       357227]
#[Buckets =           20, SubBuckets     =          256]
