       Value   Percentile   TotalCount 1/(1-Percentile)

        0.03     0.000000            2         1.00
        0.07     0.050000       224238         1.05
        0.07     0.100000       224238         1.11
        0.08     0.150000       321998         1.18
        0.09     0.200000       752121         1.25
        0.09     0.250000       752121         1.33
        0.09     0.300000       752121         1.43
        0.09     0.350000       752121         1.54
        0.09     0.400000       752121         1.67
        0.10     0.450000      1069824         1.82
        0.10     0.500000      1069824         2.00
        0.10     0.525000      1069824         2.11
        0.10     0.550000      1069824         2.22
        0.10     0.575000      1069824         2.35
        0.10     0.600000      1216000         2.50
        0.10     0.625000      1216000         2.67
        0.10     0.650000      1216000         2.86
        0.10     0.675000      1216000         3.08
        0.11     0.700000      1371612         3.33
        0.11     0.725000      1371612         3.64
        0.11     0.750000      1371612         4.00
        0.11     0.762500      1371612         4.21
        0.12     0.775000      1499182         4.44
        0.12     0.787500      1499182         4.71
        0.12     0.800000      1499182         5.00
        0.12     0.812500      1499182         5.33
        0.12     0.825000      1499182         5.71
        0.13     0.837500      1580489         6.15
        0.13     0.850000      1580489         6.67
        0.13     0.862500      1580489         7.27
        0.13     0.875000      1580489         8.00
        0.14     0.881250      1650287         8.42
        0.14     0.887500      1650287         8.89
        0.14     0.893750      1650287         9.41
        0.14     0.900000      1650287        10.00
        0.14     0.906250      1650287        10.67
        0.14     0.912500      1650287        11.43
        0.14     0.918750      1695702        12.31
        0.14     0.925000      1695702        13.33
        0.14     0.931250      1695702        14.55
        0.14     0.937500      1695702        16.00
        0.14     0.940625      1695702        16.84
        0.15     0.943750      1721678        17.78
        0.15     0.946875      1721678        18.82
        0.15     0.950000      1721678        20.00
        0.15     0.953125      1721678        21.33
        0.15     0.956250      1721678        22.86
        0.16     0.959375      1738945        24.62
        0.16     0.962500      1738945        26.67
        0.16     0.965625      1738945        29.09
        0.17     0.968750      1749202        32.00
        0.17     0.970313      1749202        33.68
        0.17     0.971875      1749202        35.56
        0.17     0.973437      1756000        37.65
        0.17     0.975000      1756000        40.00
        0.17     0.976562      1756000        42.67
        0.18     0.978125      1761189        45.71
        0.18     0.979688      1761189        49.23
        0.19     0.981250      1764714        53.33
        0.20     0.982812      1767461        58.18
        0.21     0.984375      1769614        64.00
        0.21     0.985156      1771120        67.37
        0.22     0.985938      1772405        71.11
        0.23     0.986719      1773418        75.29
        0.25     0.987500      1774956        80.00
        0.27     0.988281      1776447        85.33
        0.34     0.989062      1777475        91.43
        0.99     0.989844      1778885        98.46
        1.01     0.990625      1780870       106.67
        1.02     0.991406      1781838       116.36
        1.04     0.992188      1784197       128.00
        1.04     0.992578      1784197       134.74
        1.05     0.992969      1785463       142.22
        1.05     0.993359      1785463       150.59
        1.05     0.993750      1786714       160.00
        1.05     0.994141      1786714       170.67
        1.06     0.994531      1787862       182.86
        1.07     0.994922      1788927       196.92
        1.07     0.995313      1788927       213.33
        1.08     0.995703      1789923       232.73
        1.09     0.996094      1790836       256.00
        1.09     0.996289      1790836       269.47
        1.09     0.996484      1790836       284.44
        1.09     0.996680      1791542       301.18
        1.09     0.996875      1791542       320.00
        1.10     0.997070      1792197       341.33
        1.10     0.997266      1792197       365.71
        1.11     0.997461      1792697       393.85
        1.12     0.997656      1793097       426.67
        1.13     0.997852      1793412       465.45
        1.14     0.998047      1793658       512.00
        1.14     0.998145      1793857       538.95
        1.15     0.998242      1794008       568.89
        1.17     0.998340      1794200       602.35
        1.18     0.998437      1794296       640.00
        1.21     0.998535      1794482       682.67
        1.42     0.998633      1794642       731.43
        2.17     0.998730      1794815       787.69
        3.50     0.998828      1794989       853.33
        3.84     0.998926      1795172       930.91
        3.92     0.999023      1795362      1024.00
        3.95     0.999072      1795464      1077.89
        3.97     0.999121      1795531      1137.78
        3.98     0.999170      1795620      1204.71
        4.00     0.999219      1795696      1280.00
        4.01     0.999268      1795788      1365.33
        4.03     0.999316      1795877      1462.86
        4.05     0.999365      1795971      1575.38
        4.06     0.999414      1796065      1706.67
        4.08     0.999463      1796161      1861.82
        4.09     0.999512      1796244      2048.00
        4.13     0.999536      1796450      2155.79
        4.13     0.999561      1796450      2275.56
        4.13     0.999585      1796450      2409.41
        4.13     0.999609      1796450      2560.00
        4.13     0.999634      1796450      2730.67
        4.16     0.999658      1796589      2925.71
        4.16     0.999683      1796589      3150.77
        4.16     0.999707      1796589      3413.33
        4.19     0.999731      1796700      3723.64
        4.19     0.999756      1796700      4096.00
        4.19     0.999768      1796700      4311.58
        4.19     0.999780      1796700      4551.11
        4.22     0.999792      1796769      4818.82
        4.22     0.999805      1796769      5120.00
        4.22     0.999817      1796769      5461.33
        4.25     0.999829      1796820      5851.43
        4.25     0.999841      1796820      6301.54
        4.29     0.999854      1796842      6826.67
        4.32     0.999866      1796868      7447.27
        4.35     0.999878      1796884      8192.00
        4.38     0.999884      1796897      8623.16
        4.38     0.999890      1796897      9102.22
        4.42     0.999896      1796911      9637.65
        4.48     0.999902      1796929     10240.00
        4.51     0.999908      1796941     10922.67
        4.51     0.999915      1796941     11702.86
        4.58     0.999921      1796952     12603.08
        4.64     0.999927      1796973     13653.33
        4.67     0.999933      1796984     14894.55
        4.70     0.999939      1796992     16384.00
        4.70     0.999942      1796992     17246.32
        4.74     0.999945      1796999     18204.44
        4.77     0.999948      1797006     19275.29
        4.80     0.999951      1797012     20480.00
        4.80     0.999954      1797012     21845.33
        4.83     0.999957      1797024     23405.71
        4.83     0.999960      1797024     25206.15
        4.86     0.999963      1797034     27306.67
        4.86     0.999966      1797034     29789.09
        4.89     0.999969      1797043     32768.00
        4.89     0.999971      1797043     34492.63
        4.93     0.999973      1797054     36408.89
        4.93     0.999974      1797054     38550.59
        4.93     0.999976      1797054     40960.00
        4.93     0.999977      1797054     43690.67
        4.96     0.999979      1797062     46811.43
        4.96     0.999980      1797062     50412.31
        4.96     0.999982      1797062     54613.33
        4.99     0.999983      1797066     59578.18
        5.02     0.999985      1797070     65536.00
        5.02     0.999986      1797070     68985.26
        5.02     0.999986      1797070     72817.78
        5.05     0.999987      1797072     77101.18
        5.09     0.999988      1797077     81920.00
        5.09     0.999989      1797077     87381.33
        5.09     0.999989      1797077     93622.86
        5.09     0.999990      1797077    100824.62
        5.12     0.999991      1797078    109226.67
        5.15     0.999992      1797085    119156.36
        5.15     0.999992      1797085    131072.00
        5.15     0.999993      1797085    137970.53
        5.15     0.999993      1797085    145635.56
        5.15     0.999994      1797085    154202.35
        5.15     0.999994      1797085    163840.00
        5.15     0.999994      1797085    174762.67
        5.15     0.999995      1797085    187245.71
        5.18     0.999995      1797088    201649.23
        5.18     0.999995      1797088    218453.33
        5.18     0.999996      1797088    238312.73
        5.18     0.999996      1797088    262144.00
        5.18     0.999996      1797088    275941.05
        5.18     0.999997      1797088    291271.11
        5.21     0.999997      1797089    308404.71
        5.21     0.999997      1797089    327680.00
        5.21     0.999997      1797089    349525.33
        5.47     0.999997      1797091    374491.43
        5.47     0.999998      1797091    403298.46
        5.47     0.999998      1797091    436906.67
        5.47     0.999998      1797091    476625.45
        5.47     0.999998      1797091    524288.00
        5.47     0.999998      1797091    551882.11
        5.47     0.999998      1797091    582542.22
        5.57     0.999998      1797093    616809.41
        5.57     0.999998      1797093    655360.00
        5.57     0.999999      1797093    699050.67
        5.57     0.999999      1797093    748982.86
        5.57     0.999999      1797093    806596.92
        5.57     0.999999      1797093    873813.33
        5.57     0.999999      1797093    953250.91
        5.57     0.999999      1797093   1048576.00
        5.57     0.999999      1797093   1103764.21
        5.57     0.999999      1797093   1165084.44
        5.57     0.999999      1797093   1233618.82
        5.57     0.999999      1797093   1310720.00
        5.57     0.999999      1797093   1398101.33
        5.57     0.999999      1797093   1497965.71
        5.57     0.999999      1797093   1613193.85
        5.57     0.999999      1797093   1747626.67
        6.53     0.999999      1797094   1906501.82
        6.53     1.000000      1797094          inf
#[Mean    =        0.112, StdDeviation   =        0.170]
#[Max     =        6.527, Total count    =      1797094]
#[Buckets =           20, SubBuckets     =          256]
