       Value   Percentile   TotalCount 1/(1-Percentile)

        0.17     0.000000            1         1.00
        0.58     0.050000        17365         1.05
        0.61     0.100000        39283         1.11
        0.63     0.150000        57991         1.18
        0.64     0.200000        69588         1.25
        0.66     0.250000        97504         1.33
        0.66     0.300000       113699         1.43
        0.67     0.350000       130973         1.54
        0.68     0.400000       148825         1.67
        0.69     0.450000       167582         1.82
        0.69     0.500000       186052         2.00
        0.69     0.525000       186052         2.11
        0.70     0.550000       204293         2.22
        0.70     0.575000       204293         2.35
        0.71     0.600000       221660         2.50
        0.71     0.625000       221660         2.67
        0.72     0.650000       237769         2.86
        0.72     0.675000       237769         3.08
        0.73     0.700000       252640         3.33
        0.73     0.725000       252640         3.64
        0.73     0.750000       266084         4.00
        0.73     0.762500       266084         4.21
        0.74     0.775000       278387         4.44
        0.74     0.787500       278387         4.71
        0.74     0.800000       278387         5.00
        0.75     0.812500       289157         5.33
        0.75     0.825000       289157         5.71
        0.76     0.837500       298335         6.15
        0.76     0.850000       298335         6.67
        0.77     0.862500       306322         7.27
        0.77     0.875000       306322         8.00
        0.77     0.881250       306322         8.42
        0.78     0.887500       313110         8.89
        0.78     0.893750       313110         9.41
        0.78     0.900000       313110        10.00
        0.78     0.906250       318909        10.67
        0.78     0.912500       318909        11.43
        0.78     0.918750       318909        12.31
        0.79     0.925000       323960        13.33
        0.79     0.931250       323960        14.55
        0.80     0.937500       327983        16.00
        0.80     0.940625       327983        16.84
        0.80     0.943750       327983        17.78
        0.81     0.946875       331408        18.82
        0.81     0.950000       331408        20.00
        0.81     0.953125       331408        21.33
        0.81     0.956250       334302        22.86
        0.81     0.959375       334302        24.62
        0.81     0.962500       334302        26.67
        0.82     0.965625       336654        29.09
        0.82     0.968750       336654        32.00
        0.83     0.970313       338598        33.68
        0.83     0.971875       338598        35.56
        0.83     0.973437       338598        37.65
        0.83     0.975000       338598        40.00
        0.84     0.976562       340219        42.67
        0.84     0.978125       340219        45.71
        0.84     0.979688       340219        49.23
        0.85     0.981250       341552        53.33
        0.85     0.982812       341552        58.18
        0.85     0.984375       341552        64.00
        0.85     0.985156       342568        67.37
        0.85     0.985938       342568        71.11
        0.85     0.986719       342568        75.29
        0.86     0.987500       343411        80.00
        0.86     0.988281       343411        85.33
        0.86     0.989062       343411        91.43
        0.87     0.989844       344075        98.46
        0.87     0.990625       344075       106.67
        0.87     0.991406       344075       116.36
        0.88     0.992188       344648       128.00
        0.88     0.992578       344648       134.74
        0.88     0.992969       344648       142.22
        0.89     0.993359       345115       150.59
        0.89     0.993750       345115       160.00
        0.89     0.994141       345115       170.67
        0.89     0.994531       345115       182.86
        0.90     0.994922       345501       196.92
        0.90     0.995313       345501       213.33
        0.90     0.995703       345501       232.73
        0.90     0.996094       345802       256.00
        0.90     0.996289       345802       269.47
        0.90     0.996484       345802       284.44
        0.91     0.996680       346023       301.18
        0.91     0.996875       346023       320.00
        0.91     0.997070       346023       341.33
        0.91     0.997266       346023       365.71
        0.92     0.997461       346199       393.85
        0.92     0.997656       346199       426.67
        0.93     0.997852       346316       465.45
        0.93     0.998047       346316       512.00
        0.94     0.998145       346408       538.95
        0.94     0.998242       346408       568.89
        0.94     0.998340       346408       602.35
        0.94     0.998437       346477       640.00
        0.94     0.998535       346477       682.67
        0.95     0.998633       346552       731.43
        0.95     0.998730       346552       787.69
        0.96     0.998828       346596       853.33
        0.96     0.998926       346596       930.91
        0.97     0.999023       346633      1024.00
        0.97     0.999072       346654      1077.89
        0.98     0.999121       346675      1137.78
        0.98     0.999170       346675      1204.71
        0.99     0.999219       346705      1280.00
        1.00     0.999268       346722      1365.33
        1.01     0.999316       346736      1462.86
        1.01     0.999365       346748      1575.38
        1.02     0.999414       346760      1706.67
        1.04     0.999463       346781      1861.82
        1.06     0.999512       346801      2048.00
        1.07     0.999536       346804      2155.79
        1.09     0.999561       346817      2275.56
        1.09     0.999585       346826      2409.41
        1.10     0.999609       346830      2560.00
        1.11     0.999634       346838      2730.67
        1.13     0.999658       346847      2925.71
        1.14     0.999683       346855      3150.77
        1.16     0.999707       346867      3413.33
        1.17     0.999731       346870      3723.64
        1.18     0.999756       346880      4096.00
        1.19     0.999768       346884      4311.58
        1.20     0.999780       346892      4551.11
        1.20     0.999792       346892      4818.82
        1.21     0.999805       346897      5120.00
        1.22     0.999817       346900      5461.33
        1.23     0.999829       346904      5851.43
        1.25     0.999841       346908      6301.54
        1.25     0.999854       346913      6826.67
        1.26     0.999866       346918      7447.27
        1.29     0.999878       346923      8192.00
        1.29     0.999884       346923      8623.16
        1.30     0.999890       346926      9102.22
        1.31     0.999896       346927      9637.65
        1.33     0.999902       346932     10240.00
        1.33     0.999908       346932     10922.67
        1.38     0.999915       346934     11702.86
        2.03     0.999921       346936     12603.08
        2.69     0.999927       346938     13653.33
        2.77     0.999933       346940     14894.55
        2.80     0.999939       346942     16384.00
        2.85     0.999942       346943     17246.32
        2.96     0.999945       346944     18204.44
        3.01     0.999948       346945     19275.29
        3.07     0.999951       346947     20480.00
        3.21     0.999954       346948     21845.33
        3.31     0.999957       346950     23405.71
        3.31     0.999960       346950     25206.15
        3.41     0.999963       346952     27306.67
        3.41     0.999966       346952     29789.09
        3.46     0.999969       346953     32768.00
        3.46     0.999971       346953     34492.63
        3.60     0.999973       346954     36408.89
        3.60     0.999974       346954     38550.59
        3.65     0.999976       346955     40960.00
        3.66     0.999977       346956     43690.67
        3.66     0.999979       346956     46811.43
        3.68     0.999980       346957     50412.31
        3.68     0.999982       346957     54613.33
        3.79     0.999983       346958     59578.18
        3.79     0.999985       346958     65536.00
        3.79     0.999986       346958     68985.26
        3.97     0.999986       346959     72817.78
        3.97     0.999987       346959     77101.18
        3.97     0.999988       346959     81920.00
        4.13     0.999989       346960     87381.33
        4.13     0.999989       346960     93622.86
        4.13     0.999990       346960    100824.62
        4.13     0.999991       346960    109226.67
        4.16     0.999992       346962    119156.36
        4.16     0.999992       346962    131072.00
        4.16     0.999993       346962    137970.53
        4.16     0.999993       346962    145635.56
        4.16     0.999994       346962    154202.35
        4.16     0.999994       346962    163840.00
        4.16     0.999994       346962    174762.67
        4.16     0.999995       346962    187245.71
        4.16     0.999995       346962    201649.23
        4.16     0.999995       346962    218453.33
        4.16     0.999996       346962    238312.73
        4.16     0.999996       346962    262144.00
        4.16     0.999996       346962    275941.05
        4.16     0.999997       346962    291271.11
        4.16     0.999997       346962    308404.71
        4.16     0.999997       346962    327680.00
        4.19     0.999997       346963    349525.33
        4.19     1.000000       346963          inf
#[Mean    =        0.691, StdDeviation   =        0.076]
#[Max     =        4.191, Total count    =       346963]
#[Buckets =           20, SubBuckets     =          256]
