       Value   Percentile   TotalCount 1/(1-Percentile)

        0.18     0.000000            1         1.00
        0.59     0.050000        20704         1.05
        0.61     0.100000        38373         1.11
        0.63     0.150000        56732         1.18
        0.65     0.200000        80706         1.25
        0.66     0.250000        95105         1.33
        0.66     0.300000       111054         1.43
        0.67     0.350000       128102         1.54
        0.68     0.400000       146232         1.67
        0.69     0.450000       164789         1.82
        0.69     0.500000       183289         2.00
        0.69     0.525000       183289         2.11
        0.70     0.550000       201741         2.22
        0.70     0.575000       201741         2.35
        0.71     0.600000       219164         2.50
        0.71     0.625000       219164         2.67
        0.72     0.650000       235947         2.86
        0.72     0.675000       235947         3.08
        0.73     0.700000       251300         3.33
        0.73     0.725000       251300         3.64
        0.73     0.750000       265079         4.00
        0.73     0.762500       265079         4.21
        0.74     0.775000       277360         4.44
        0.74     0.787500       277360         4.71
        0.74     0.800000       277360         5.00
        0.75     0.812500       288226         5.33
        0.75     0.825000       288226         5.71
        0.76     0.837500       297707         6.15
        0.76     0.850000       297707         6.67
        0.77     0.862500       305829         7.27
        0.77     0.875000       305829         8.00
        0.77     0.881250       305829         8.42
        0.78     0.887500       312818         8.89
        0.78     0.893750       312818         9.41
        0.78     0.900000       312818        10.00
        0.78     0.906250       318755        10.67
        0.78     0.912500       318755        11.43
        0.78     0.918750       318755        12.31
        0.79     0.925000       323607        13.33
        0.79     0.931250       323607        14.55
        0.80     0.937500       327698        16.00
        0.80     0.940625       327698        16.84
        0.80     0.943750       327698        17.78
        0.81     0.946875       331133        18.82
        0.81     0.950000       331133        20.00
        0.81     0.953125       331133        21.33
        0.81     0.956250       333958        22.86
        0.81     0.959375       333958        24.62
        0.81     0.962500       333958        26.67
        0.82     0.965625       336301        29.09
        0.82     0.968750       336301        32.00
        0.82     0.970313       336301        33.68
        0.83     0.971875       338185        35.56
        0.83     0.973437       338185        37.65
        0.83     0.975000       338185        40.00
        0.84     0.976562       339790        42.67
        0.84     0.978125       339790        45.71
        0.84     0.979688       339790        49.23
        0.85     0.981250       341058        53.33
        0.85     0.982812       341058        58.18
        0.85     0.984375       342145        64.00
        0.85     0.985156       342145        67.37
        0.85     0.985938       342145        71.11
        0.85     0.986719       342145        75.29
        0.86     0.987500       342997        80.00
        0.86     0.988281       342997        85.33
        0.86     0.989062       342997        91.43
        0.87     0.989844       343721        98.46
        0.87     0.990625       343721       106.67
        0.87     0.991406       343721       116.36
        0.88     0.992188       344296       128.00
        0.88     0.992578       344296       134.74
        0.88     0.992969       344296       142.22
        0.88     0.993359       344296       150.59
        0.89     0.993750       344753       160.00
        0.89     0.994141       344753       170.67
        0.89     0.994531       344753       182.86
        0.90     0.994922       345100       196.92
        0.90     0.995313       345100       213.33
        0.90     0.995703       345100       232.73
        0.90     0.996094       345380       256.00
        0.90     0.996289       345380       269.47
        0.90     0.996484       345380       284.44
        0.91     0.996680       345610       301.18
        0.91     0.996875       345610       320.00
        0.91     0.997070       345610       341.33
        0.91     0.997266       345610       365.71
        0.92     0.997461       345791       393.85
        0.92     0.997656       345791       426.67
        0.93     0.997852       345901       465.45
        0.93     0.998047       345901       512.00
        0.94     0.998145       346027       538.95
        0.94     0.998242       346027       568.89
        0.94     0.998340       346027       602.35
        0.94     0.998437       346027       640.00
        0.94     0.998535       346108       682.67
        0.94     0.998633       346108       731.43
        0.95     0.998730       346173       787.69
        0.95     0.998828       346173       853.33
        0.96     0.998926       346225       930.91
        0.96     0.999023       346225      1024.00
        0.97     0.999072       346261      1077.89
        0.97     0.999121       346261      1137.78
        0.97     0.999170       346293      1204.71
        0.97     0.999219       346293      1280.00
        0.98     0.999268       346314      1365.33
        0.99     0.999316       346327      1462.86
        1.00     0.999365       346344      1575.38
        1.01     0.999414       346354      1706.67
        1.02     0.999463       346375      1861.82
        1.05     0.999512       346389      2048.00
        1.06     0.999536       346399      2155.79
        1.07     0.999561       346404      2275.56
        1.08     0.999585       346412      2409.41
        1.09     0.999609       346423      2560.00
        1.10     0.999634       346432      2730.67
        1.11     0.999658       346438      2925.71
        1.13     0.999683       346447      3150.77
        1.14     0.999707       346454      3413.33
        1.15     0.999731       346464      3723.64
        1.17     0.999756       346475      4096.00
        1.17     0.999768       346475      4311.58
        1.18     0.999780       346481      4551.11
        1.19     0.999792       346485      4818.82
        1.21     0.999805       346494      5120.00
        1.21     0.999817       346494      5461.33
        1.22     0.999829       346500      5851.43
        1.22     0.999841       346501      6301.54
        1.23     0.999854       346506      6826.67
        1.25     0.999866       346512      7447.27
        1.25     0.999878       346515      8192.00
        1.25     0.999884       346515      8623.16
        1.27     0.999890       346518      9102.22
        1.33     0.999896       346521      9637.65
        1.34     0.999902       346522     10240.00
        2.91     0.999908       346524     10922.67
        2.99     0.999915       346528     11702.86
        2.99     0.999921       346528     12603.08
        3.17     0.999927       346530     13653.33
        3.39     0.999933       346532     14894.55
        3.44     0.999939       346536     16384.00
        3.44     0.999942       346536     17246.32
        3.44     0.999945       346536     18204.44
        3.60     0.999948       346539     19275.29
        3.60     0.999951       346539     20480.00
        3.62     0.999954       346540     21845.33
        3.69     0.999957       346541     23405.71
        3.73     0.999960       346542     25206.15
        3.76     0.999963       346544     27306.67
        3.76     0.999966       346544     29789.09
        3.77     0.999969       346545     32768.00
        3.77     0.999971       346545     34492.63
        4.08     0.999973       346546     36408.89
        4.19     0.999974       346547     38550.59
        4.19     0.999976       346547     40960.00
        4.22     0.999977       346550     43690.67
        4.22     0.999979       346550     46811.43
        4.22     0.999980       346550     50412.31
        4.22     0.999982       346550     54613.33
        4.22     0.999983       346550     59578.18
        4.22     0.999985       346550     65536.00
        4.22     0.999986       346550     68985.26
        4.25     0.999986       346551     72817.78
        4.25     0.999987       346551     77101.18
        4.25     0.999988       346551     81920.00
        4.32     0.999989       346552     87381.33
        4.32     0.999989       346552     93622.86
        4.32     0.999990       346552    100824.62
        4.32     0.999991       346552    109226.67
        4.74     0.999992       346553    119156.36
        4.74     0.999992       346553    131072.00
        4.74     0.999993       346553    137970.53
        4.74     0.999993       346553    145635.56
        4.74     0.999994       346553    154202.35
        4.74     0.999994       346553    163840.00
        4.77     0.999994       346554    174762.67
        4.77     0.999995       346554    187245.71
        4.77     0.999995       346554    201649.23
        4.77     0.999995       346554    218453.33
        4.77     0.999996       346554    238312.73
        4.77     0.999996       346554    262144.00
        4.77     0.999996       346554    275941.05
        4.77     0.999997       346554    291271.11
        4.77     0.999997       346554    308404.71
        4.77     0.999997       346554    327680.00
        4.89     0.999997       346555    349525.33
        4.89     1.000000       346555          inf
#[Mean    =        0.692, StdDeviation   =        0.078]
#[Max     =        4.895, Total count    =       346555]
#[Buckets =           20, SubBuckets     =          256]
