       Value   Percentile   TotalCount 1/(1-Percentile)

        0.21     0.000000           10         1.00
        0.40     0.050000        21350         1.05
        0.43     0.100000        43968         1.11
        0.47     0.150000        63607         1.18
        0.49     0.200000        81371         1.25
        0.51     0.250000       102764         1.33
        0.53     0.300000       129263         1.43
        0.54     0.350000       141727         1.54
        0.55     0.400000       162052         1.67
        0.57     0.450000       185018         1.82
        0.59     0.500000       202900         2.00
        0.60     0.525000       213947         2.11
        0.61     0.550000       226332         2.22
        0.61     0.575000       239404         2.35
        0.62     0.600000       252921         2.50
        0.62     0.625000       252921         2.67
        0.63     0.650000       266339         2.86
        0.64     0.675000       279295         3.08
        0.65     0.700000       291468         3.33
        0.65     0.725000       291468         3.64
        0.66     0.750000       302397         4.00
        0.66     0.762500       311781         4.21
        0.66     0.775000       311781         4.44
        0.67     0.787500       319428         4.71
        0.68     0.800000       325691         5.00
        0.69     0.812500       330441         5.33
        0.69     0.825000       334067         5.71
        0.70     0.837500       336751         6.15
        0.73     0.850000       341814         6.67
        0.77     0.862500       346512         7.27
        0.80     0.875000       353680         8.00
        0.81     0.881250       356647         8.42
        0.81     0.887500       356647         8.89
        0.81     0.893750       360148         9.41
        0.82     0.900000       363986        10.00
        0.82     0.906250       363986        10.67
        0.83     0.912500       368140        11.43
        0.84     0.918750       372503        12.31
        0.84     0.925000       372503        13.33
        0.85     0.931250       377195        14.55
        0.85     0.937500       377195        16.00
        0.85     0.940625       381630        16.84
        0.85     0.943750       381630        17.78
        0.85     0.946875       381630        18.82
        0.85     0.950000       381630        20.00
        0.86     0.953125       385702        21.33
        0.86     0.956250       385702        22.86
        0.86     0.959375       385702        24.62
        0.87     0.962500       389277        26.67
        0.87     0.965625       389277        29.09
        0.87     0.968750       389277        32.00
        0.88     0.970313       392283        33.68
        0.88     0.971875       392283        35.56
        0.88     0.973437       392283        37.65
        0.88     0.975000       392283        40.00
        0.88     0.976562       392283        42.67
        0.89     0.978125       394558        45.71
        0.89     0.979688       394558        49.23
        0.89     0.981250       394558        53.33
        0.90     0.982812       396241        58.18
        0.90     0.984375       396241        64.00
        0.90     0.985156       396241        67.37
        0.90     0.985938       396241        71.11
        0.90     0.986719       397517        75.29
        0.90     0.987500       397517        80.00
        0.90     0.988281       397517        85.33
        0.90     0.989062       397517        91.43
        0.91     0.989844       398448        98.46
        0.91     0.990625       398448       106.67
        0.91     0.991406       398448       116.36
        0.92     0.992188       399105       128.00
        0.92     0.992578       399105       134.74
        0.92     0.992969       399105       142.22
        0.92     0.993359       399105       150.59
        0.92     0.993750       399105       160.00
        0.93     0.994141       399617       170.67
        0.93     0.994531       399617       182.86
        0.93     0.994922       399617       196.92
        0.94     0.995313       399981       213.33
        0.94     0.995703       399981       232.73
        0.94     0.996094       400257       256.00
        0.94     0.996289       400257       269.47
        0.94     0.996484       400257       284.44
        0.95     0.996680       400465       301.18
        0.95     0.996875       400465       320.00
        0.95     0.997070       400465       341.33
        0.96     0.997266       400647       365.71
        0.96     0.997461       400647       393.85
        0.97     0.997656       400815       426.67
        0.97     0.997852       400815       465.45
        0.97     0.998047       400953       512.00
        0.97     0.998145       400953       538.95
        0.97     0.998242       400953       568.89
        0.97     0.998340       400953       602.35
        0.98     0.998437       401048       640.00
        0.98     0.998535       401048       682.67
        0.99     0.998633       401127       731.43
        0.99     0.998730       401127       787.69
        1.00     0.998828       401198       853.33
        1.00     0.998926       401198       930.91
        1.01     0.999023       401263      1024.00
        1.01     0.999072       401263      1077.89
        1.01     0.999121       401263      1137.78
        1.01     0.999170       401329      1204.71
        1.01     0.999219       401329      1280.00
        1.01     0.999268       401329      1365.33
        1.02     0.999316       401367      1462.86
        1.02     0.999365       401367      1575.38
        1.03     0.999414       401404      1706.67
        1.03     0.999463       401404      1861.82
        1.04     0.999512       401436      2048.00
        1.04     0.999536       401436      2155.79
        1.04     0.999561       401436      2275.56
        1.05     0.999585       401460      2409.41
        1.05     0.999609       401460      2560.00
        1.05     0.999634       401460      2730.67
        1.05     0.999658       401476      2925.71
        1.06     0.999683       401489      3150.77
        1.06     0.999707       401489      3413.33
        1.07     0.999731       401499      3723.64
        1.08     0.999756       401508      4096.00
        1.09     0.999768       401515      4311.58
        1.09     0.999780       401518      4551.11
        1.11     0.999792       401524      4818.82
        1.13     0.999805       401530      5120.00
        1.14     0.999817       401533      5461.33
        1.14     0.999829       401538      5851.43
        1.20     0.999841       401544      6301.54
        1.27     0.999854       401549      6826.67
        1.33     0.999866       401553      7447.27
        2.30     0.999878       401557      8192.00
        2.37     0.999884       401560      8623.16
        2.70     0.999890       401562      9102.22
        3.49     0.999896       401565      9637.65
        3.54     0.999902       401567     10240.00
        3.62     0.999908       401573     10922.67
        3.62     0.999915       401573     11702.86
        3.74     0.999921       401575     12603.08
        3.82     0.999927       401577     13653.33
        3.85     0.999933       401581     14894.55
        3.87     0.999939       401582     16384.00
        3.90     0.999942       401583     17246.32
        3.95     0.999945       401584     18204.44
        3.98     0.999948       401586     19275.29
        4.03     0.999951       401588     20480.00
        4.03     0.999954       401588     21845.33
        4.05     0.999957       401589     23405.71
        4.13     0.999960       401592     25206.15
        4.13     0.999963       401592     27306.67
        4.38     0.999966       401593     29789.09
        4.42     0.999969       401594     32768.00
        5.89     0.999971       401596     34492.63
        5.89     0.999973       401596     36408.89
        5.89     0.999974       401596     38550.59
        5.95     0.999976       401597     40960.00
        5.95     0.999977       401597     43690.67
        5.98     0.999979       401598     46811.43
        6.01     0.999980       401599     50412.31
        6.01     0.999982       401599     54613.33
        6.05     0.999983       401600     59578.18
        6.05     0.999985       401600     65536.00
        6.08     0.999986       401601     68985.26
        6.08     0.999986       401601     72817.78
        6.08     0.999987       401601     77101.18
        6.11     0.999988       401602     81920.00
        6.11     0.999989       401602     87381.33
        6.11     0.999989       401602     93622.86
        6.21     0.999990       401603    100824.62
        6.21     0.999991       401603    109226.67
        6.21     0.999992       401603    119156.36
        6.21     0.999992       401603    131072.00
        6.27     0.999993       401604    137970.53
        6.27     0.999993       401604    145635.56
        6.27     0.999994       401604    154202.35
        6.27     0.999994       401604    163840.00
        6.27     0.999994       401604    174762.67
        6.27     0.999995       401604    187245.71
        6.30     0.999995       401605    201649.23
        6.30     0.999995       401605    218453.33
        6.30     0.999996       401605    238312.73
        6.30     0.999996       401605    262144.00
        6.30     0.999996       401605    275941.05
        6.30     0.999997       401605    291271.11
        6.30     0.999997       401605    308404.71
        6.30     0.999997       401605    327680.00
        6.30     0.999997       401605    349525.33
        6.30     0.999997       401605    374491.43
        6.50     0.999998       401606    403298.46
        6.50     1.000000       401606          inf
#[Mean    =        0.597, StdDeviation   =        0.138]
#[Max     =        6.495, Total count    =       401606]
#[Buckets =           20, SubBuckets     =          256]
