       Value   Percentile   TotalCount 1/(1-Percentile)

        0.16     0.000000            1         1.00
        0.61     0.050000        18516         1.05
        0.64     0.100000        35745         1.11
        0.66     0.150000        53270         1.18
        0.67     0.200000        76374         1.25
        0.68     0.250000        89762         1.33
        0.69     0.300000       104729         1.43
        0.69     0.350000       121112         1.54
        0.70     0.400000       138177         1.67
        0.71     0.450000       156049         1.82
        0.72     0.500000       174223         2.00
        0.73     0.525000       191961         2.11
        0.73     0.550000       191961         2.22
        0.73     0.575000       191961         2.35
        0.73     0.600000       209235         2.50
        0.73     0.625000       209235         2.67
        0.74     0.650000       225575         2.86
        0.74     0.675000       225575         3.08
        0.75     0.700000       240565         3.33
        0.76     0.725000       254290         3.64
        0.76     0.750000       254290         4.00
        0.77     0.762500       266442         4.21
        0.77     0.775000       266442         4.44
        0.77     0.787500       266442         4.71
        0.78     0.800000       277145         5.00
        0.78     0.812500       277145         5.33
        0.78     0.825000       277145         5.71
        0.78     0.837500       285980         6.15
        0.78     0.850000       285980         6.67
        0.79     0.862500       293706         7.27
        0.79     0.875000       293706         8.00
        0.80     0.881250       300243         8.42
        0.80     0.887500       300243         8.89
        0.80     0.893750       300243         9.41
        0.81     0.900000       305753        10.00
        0.81     0.906250       305753        10.67
        0.81     0.912500       305753        11.43
        0.81     0.918750       310328        12.31
        0.81     0.925000       310328        13.33
        0.82     0.931250       314093        14.55
        0.82     0.937500       314093        16.00
        0.82     0.940625       314093        16.84
        0.83     0.943750       317254        17.78
        0.83     0.946875       317254        18.82
        0.83     0.950000       317254        20.00
        0.84     0.953125       319849        21.33
        0.84     0.956250       319849        22.86
        0.85     0.959375       322073        24.62
        0.85     0.962500       322073        26.67
        0.85     0.965625       323924        29.09
        0.85     0.968750       323924        32.00
        0.85     0.970313       323924        33.68
        0.86     0.971875       325469        35.56
        0.86     0.973437       325469        37.65
        0.86     0.975000       325469        40.00
        0.87     0.976562       326787        42.67
        0.87     0.978125       326787        45.71
        0.88     0.979688       327896        49.23
        0.88     0.981250       327896        53.33
        0.89     0.982812       328901        58.18
        0.89     0.984375       328901        64.00
        0.89     0.985156       328901        67.37
        0.90     0.985938       329716        71.11
        0.90     0.986719       329716        75.29
        0.90     0.987500       329716        80.00
        0.90     0.988281       330414        85.33
        0.90     0.989062       330414        91.43
        0.90     0.989844       330414        98.46
        0.91     0.990625       331036       106.67
        0.91     0.991406       331036       116.36
        0.92     0.992188       331554       128.00
        0.92     0.992578       331554       134.74
        0.92     0.992969       331554       142.22
        0.92     0.993359       331554       150.59
        0.93     0.993750       331941       160.00
        0.93     0.994141       331941       170.67
        0.93     0.994531       331941       182.86
        0.94     0.994922       332268       196.92
        0.94     0.995313       332268       213.33
        0.94     0.995703       332542       232.73
        0.94     0.996094       332542       256.00
        0.94     0.996289       332542       269.47
        0.95     0.996484       332761       284.44
        0.95     0.996680       332761       301.18
        0.95     0.996875       332761       320.00
        0.96     0.997070       332942       341.33
        0.96     0.997266       332942       365.71
        0.96     0.997461       332942       393.85
        0.97     0.997656       333085       426.67
        0.97     0.997852       333085       465.45
        0.97     0.998047       333204       512.00
        0.97     0.998145       333204       538.95
        0.97     0.998242       333204       568.89
        0.98     0.998340       333282       602.35
        0.98     0.998437       333282       640.00
        0.98     0.998535       333282       682.67
        0.99     0.998633       333352       731.43
        0.99     0.998730       333352       787.69
        1.00     0.998828       333409       853.33
        1.00     0.998926       333409       930.91
        1.01     0.999023       333442      1024.00
        1.01     0.999072       333467      1077.89
        1.01     0.999121       333467      1137.78
        1.02     0.999170       333493      1204.71
        1.03     0.999219       333515      1280.00
        1.04     0.999268       333533      1365.33
        1.04     0.999316       333533      1462.86
        1.05     0.999365       333558      1575.38
        1.06     0.999414       333570      1706.67
        1.07     0.999463       333582      1861.82
        1.09     0.999512       333604      2048.00
        1.10     0.999536       333612      2155.79
        1.11     0.999561       333621      2275.56
        1.12     0.999585       333630      2409.41
        1.12     0.999609       333630      2560.00
        1.14     0.999634       333643      2730.67
        1.14     0.999658       333648      2925.71
        1.16     0.999683       333659      3150.77
        1.17     0.999707       333663      3413.33
        1.18     0.999731       333671      3723.64
        1.20     0.999756       333683      4096.00
        1.20     0.999768       333683      4311.58
        1.21     0.999780       333692      4551.11
        1.21     0.999792       333692      4818.82
        1.22     0.999805       333697      5120.00
        1.23     0.999817       333701      5461.33
        1.25     0.999829       333706      5851.43
        1.25     0.999841       333712      6301.54
        1.25     0.999854       333712      6826.67
        1.26     0.999866       333716      7447.27
        1.29     0.999878       333720      8192.00
        1.29     0.999884       333722      8623.16
        1.30     0.999890       333726      9102.22
        1.30     0.999896       333726      9637.65
        1.33     0.999902       333729     10240.00
        1.34     0.999908       333730     10922.67
        1.38     0.999915       333732     11702.86
        1.39     0.999921       333734     12603.08
        1.47     0.999927       333736     13653.33
        2.90     0.999933       333738     14894.55
        3.04     0.999939       333740     16384.00
        3.50     0.999942       333741     17246.32
        3.54     0.999945       333742     18204.44
        3.82     0.999948       333743     19275.29
        3.85     0.999951       333745     20480.00
        3.85     0.999954       333745     21845.33
        3.89     0.999957       333748     23405.71
        3.89     0.999960       333748     25206.15
        3.89     0.999963       333748     27306.67
        4.42     0.999966       333749     29789.09
        4.48     0.999969       333750     32768.00
        4.86     0.999971       333751     34492.63
        4.86     0.999973       333751     36408.89
        4.89     0.999974       333752     38550.59
        4.89     0.999976       333752     40960.00
        4.93     0.999977       333754     43690.67
        4.93     0.999979       333754     46811.43
        4.93     0.999980       333754     50412.31
        4.93     0.999982       333754     54613.33
        4.99     0.999983       333755     59578.18
        4.99     0.999985       333755     65536.00
        5.05     0.999986       333756     68985.26
        5.05     0.999986       333756     72817.78
        5.05     0.999987       333756     77101.18
        5.05     0.999988       333756     81920.00
        5.09     0.999989       333757     87381.33
        5.09     0.999989       333757     93622.86
        5.09     0.999990       333757    100824.62
        5.09     0.999991       333757    109226.67
        5.12     0.999992       333758    119156.36
        5.12     0.999992       333758    131072.00
        5.12     0.999993       333758    137970.53
        5.12     0.999993       333758    145635.56
        5.12     0.999994       333758    154202.35
        5.12     0.999994       333758    163840.00
        5.41     0.999994       333759    174762.67
        5.41     0.999995       333759    187245.71
        5.41     0.999995       333759    201649.23
        5.41     0.999995       333759    218453.33
        5.41     0.999996       333759    238312.73
        5.41     0.999996       333759    262144.00
        5.41     0.999996       333759    275941.05
        5.41     0.999997       333759    291271.11
        5.41     0.999997       333759    308404.71
        5.41     0.999997       333759    327680.00
        5.44     0.999997       333760    349525.33
        5.44     1.000000       333760          inf
#[Mean    =        0.718, StdDeviation   =        0.077]
#[Max     =        5.439, Total count    =       333760]
#[Buckets =           20, SubBuckets     =          256]
