       Value   Percentile   TotalCount 1/(1-Percentile)

        0.17     0.000000            1         1.00
        0.32     0.050000        25902         1.05
        0.34     0.100000        54493         1.11
        0.38     0.150000        77167         1.18
        0.41     0.200000       111827         1.25
        0.41     0.250000       129704         1.33
        0.43     0.300000       165957         1.43
        0.44     0.350000       183418         1.54
        0.46     0.400000       207092         1.67
        0.47     0.450000       228626         1.82
        0.49     0.500000       267548         2.00
        0.49     0.525000       267548         2.11
        0.49     0.550000       292873         2.22
        0.49     0.575000       292873         2.35
        0.50     0.600000       319334         2.50
        0.50     0.625000       319334         2.67
        0.51     0.650000       345705         2.86
        0.51     0.675000       345705         3.08
        0.52     0.700000       370190         3.33
        0.52     0.725000       370190         3.64
        0.53     0.750000       389468         4.00
        0.53     0.762500       389468         4.21
        0.53     0.775000       389468         4.44
        0.54     0.787500       402286         4.71
        0.54     0.800000       402286         5.00
        0.54     0.812500       409847         5.33
        0.54     0.825000       409847         5.71
        0.56     0.837500       417239         6.15
        0.58     0.850000       422199         6.67
        0.66     0.862500       427871         7.27
        0.67     0.875000       435514         8.00
        0.68     0.881250       442976         8.42
        0.68     0.887500       442976         8.89
        0.69     0.893750       452323         9.41
        0.69     0.900000       452323        10.00
        0.69     0.906250       452323        10.67
        0.69     0.912500       462362        11.43
        0.69     0.918750       462362        12.31
        0.69     0.925000       462362        13.33
        0.69     0.931250       462362        14.55
        0.70     0.937500       471611        16.00
        0.70     0.940625       471611        16.84
        0.70     0.943750       471611        17.78
        0.70     0.946875       471611        18.82
        0.70     0.950000       471611        20.00
        0.71     0.953125       479046        21.33
        0.71     0.956250       479046        22.86
        0.71     0.959375       479046        24.62
        0.71     0.962500       479046        26.67
        0.71     0.965625       479046        29.09
        0.72     0.968750       484234        32.00
        0.72     0.970313       484234        33.68
        0.72     0.971875       484234        35.56
        0.72     0.973437       484234        37.65
        0.72     0.975000       484234        40.00
        0.73     0.976562       487600        42.67
        0.73     0.978125       487600        45.71
        0.73     0.979688       487600        49.23
        0.73     0.981250       487600        53.33
        0.73     0.982812       487600        58.18
        0.73     0.984375       489626        64.00
        0.73     0.985156       489626        67.37
        0.73     0.985938       489626        71.11
        0.73     0.986719       489626        75.29
        0.74     0.987500       491019        80.00
        0.74     0.988281       491019        85.33
        0.74     0.989062       491019        91.43
        0.74     0.989844       491019        98.46
        0.75     0.990625       491943       106.67
        0.75     0.991406       491943       116.36
        0.76     0.992188       492608       128.00
        0.76     0.992578       492608       134.74
        0.76     0.992969       492608       142.22
        0.77     0.993359       493127       150.59
        0.77     0.993750       493127       160.00
        0.77     0.994141       493127       170.67
        0.78     0.994531       493613       182.86
        0.78     0.994922       493613       196.92
        0.78     0.995313       494018       213.33
        0.78     0.995703       494018       232.73
        0.78     0.996094       494018       256.00
        0.79     0.996289       494351       269.47
        0.79     0.996484       494351       284.44
        0.79     0.996680       494351       301.18
        0.80     0.996875       494652       320.00
        0.80     0.997070       494652       341.33
        0.80     0.997266       494652       365.71
        0.81     0.997461       494939       393.85
        0.81     0.997656       494939       426.67
        0.81     0.997852       494939       465.45
        0.81     0.998047       495198       512.00
        0.81     0.998145       495198       538.95
        0.81     0.998242       495198       568.89
        0.81     0.998340       495198       602.35
        0.81     0.998437       495198       640.00
        0.82     0.998535       495377       682.67
        0.82     0.998633       495377       731.43
        0.82     0.998730       495377       787.69
        0.82     0.998828       495377       853.33
        0.83     0.998926       495522       930.91
        0.83     0.999023       495522      1024.00
        0.83     0.999072       495522      1077.89
        0.83     0.999121       495522      1137.78
        0.84     0.999170       495631      1204.71
        0.84     0.999219       495631      1280.00
        0.84     0.999268       495631      1365.33
        0.84     0.999316       495631      1462.86
        0.85     0.999365       495723      1575.38
        0.85     0.999414       495723      1706.67
        0.85     0.999463       495723      1861.82
        0.85     0.999512       495723      2048.00
        0.85     0.999536       495723      2155.79
        0.85     0.999561       495779      2275.56
        0.85     0.999585       495779      2409.41
        0.85     0.999609       495779      2560.00
        0.85     0.999634       495779      2730.67
        0.85     0.999658       495779      2925.71
        0.86     0.999683       495815      3150.77
        0.86     0.999707       495815      3413.33
        0.86     0.999731       495815      3723.64
        0.87     0.999756       495835      4096.00
        0.87     0.999768       495835      4311.58
        0.88     0.999780       495847      4551.11
        0.88     0.999792       495847      4818.82
        0.89     0.999805       495854      5120.00
        0.90     0.999817       495860      5461.33
        0.91     0.999829       495866      5851.43
        0.94     0.999841       495871      6301.54
        0.97     0.999854       495876      6826.67
        1.06     0.999866       495883      7447.27
        1.66     0.999878       495889      8192.00
        1.77     0.999884       495891      8623.16
        1.81     0.999890       495894      9102.22
        2.43     0.999896       495897      9637.65
        2.51     0.999902       495902     10240.00
        2.56     0.999908       495903     10922.67
        2.61     0.999915       495906     11702.86
        2.67     0.999921       495911     12603.08
        2.69     0.999927       495914     13653.33
        2.70     0.999933       495915     14894.55
        2.81     0.999939       495919     16384.00
        2.83     0.999942       495921     17246.32
        2.83     0.999945       495921     18204.44
        2.86     0.999948       495924     19275.29
        2.86     0.999951       495924     20480.00
        2.91     0.999954       495926     21845.33
        2.93     0.999957       495928     23405.71
        2.94     0.999960       495930     25206.15
        2.94     0.999963       495930     27306.67
        2.98     0.999966       495933     29789.09
        2.98     0.999969       495933     32768.00
        3.09     0.999971       495934     34492.63
        3.10     0.999973       495935     36408.89
        3.12     0.999974       495936     38550.59
        3.12     0.999976       495936     40960.00
        3.71     0.999977       495937     43690.67
        3.81     0.999979       495938     46811.43
        3.82     0.999980       495939     50412.31
        3.82     0.999982       495939     54613.33
        3.87     0.999983       495940     59578.18
        3.92     0.999985       495942     65536.00
        3.92     0.999986       495942     68985.26
        3.92     0.999986       495942     72817.78
        3.92     0.999987       495942     77101.18
        3.92     0.999988       495942     81920.00
        3.94     0.999989       495943     87381.33
        3.94     0.999989       495943     93622.86
        3.95     0.999990       495944    100824.62
        3.95     0.999991       495944    109226.67
        3.95     0.999992       495944    119156.36
        4.06     0.999992       495946    131072.00
        4.06     0.999993       495946    137970.53
        4.06     0.999993       495946    145635.56
        4.06     0.999994       495946    154202.35
        4.06     0.999994       495946    163840.00
        4.06     0.999994       495946    174762.67
        4.06     0.999995       495946    187245.71
        4.06     0.999995       495946    201649.23
        4.06     0.999995       495946    218453.33
        4.06     0.999996       495946    238312.73
        4.22     0.999996       495948    262144.00
        4.22     1.000000       495948          inf
#[Mean    =        0.484, StdDeviation   =        0.114]
#[Max     =        4.223, Total count    =       495948]
#[Buckets =           20, SubBuckets     =          256]
