       Value   Percentile   TotalCount 1/(1-Percentile)

        0.12     0.000000           25         1.00
        0.26     0.050000       426810         1.05
        0.33     0.100000       796790         1.11
        0.81     0.150000      1172005         1.18
        0.94     0.200000      1564210         1.25
        1.04     0.250000      2008155         1.33
        1.08     0.300000      2412820         1.43
        1.10     0.350000      2749545         1.54
        1.13     0.400000      3177770         1.67
        1.14     0.450000      3547220         1.82
        1.16     0.500000      3983300         2.00
        1.17     0.525000      4205065         2.11
        1.18     0.550000      4419000         2.22
        1.18     0.575000      4622525         2.35
        1.19     0.600000      4811065         2.50
        1.20     0.625000      4980275         2.67
        1.21     0.650000      5132500         2.86
        1.22     0.675000      5268970         3.08
        1.23     0.700000      5505775         3.33
        1.25     0.725000      5697650         3.64
        1.27     0.750000      5911730         4.00
        1.28     0.762500      5968275         4.21
        1.29     0.775000      6063085         4.44
        1.32     0.787500      6167305         4.71
        1.34     0.800000      6247185         5.00
        1.38     0.812500      6357795         5.33
        1.42     0.825000      6448945         5.71
        1.45     0.837500      6538775         6.15
        1.49     0.850000      6649230         6.67
        1.52     0.862500      6742065         7.27
        1.55     0.875000      6839670         8.00
        1.57     0.881250      6884720         8.42
        1.58     0.887500      6928720         8.89
        1.61     0.893750      6994060         9.41
        1.62     0.900000      7036830        10.00
        1.64     0.906250      7080505        10.67
        1.66     0.912500      7123605        11.43
        1.68     0.918750      7188050        12.31
        1.70     0.925000      7231420        13.33
        1.71     0.931250      7273200        14.55
        1.73     0.937500      7313725        16.00
        1.74     0.940625      7352805        16.84
        1.75     0.943750      7372005        17.78
        1.76     0.946875      7390945        18.82
        1.77     0.950000      7426315        20.00
        1.78     0.953125      7442695        21.33
        1.80     0.956250      7474640        22.86
        1.81     0.959375      7488970        24.62
        1.82     0.962500      7516395        26.67
        1.84     0.965625      7541570        29.09
        1.85     0.968750      7562065        32.00
        1.86     0.970313      7570885        33.68
        1.88     0.971875      7586915        35.56
        1.89     0.973437      7594010        37.65
        1.90     0.975000      7606625        40.00
        1.93     0.976562      7620810        42.67
        1.95     0.978125      7631050        45.71
        1.99     0.979688      7643435        49.23
        2.05     0.981250      7654965        53.33
        2.13     0.982812      7667060        58.18
        2.24     0.984375      7679125        64.00
        2.33     0.985156      7685395        67.37
        2.43     0.985938      7691445        71.11
        2.54     0.986719      7697825        75.29
        2.65     0.987500      7703590        80.00
        2.80     0.988281      7709865        85.33
        2.99     0.989062      7715820        91.43
        3.29     0.989844      7721810        98.46
        3.82     0.990625      7727840       106.67
        4.51     0.991406      7733945       116.36
        5.44     0.992188      7740200       128.00
        5.95     0.992578      7743035       134.74
        6.69     0.992969      7746290       142.22
        7.10     0.993359      7749120       150.59
        7.52     0.993750      7752260       160.00
        7.87     0.994141      7755280       170.67
        8.32     0.994531      7758710       182.86
        8.70     0.994922      7761265       196.92
        9.28     0.995313      7764450       213.33
        9.92     0.995703      7767360       232.73
       10.75     0.996094      7770505       256.00
       11.71     0.996289      7771925       269.47
       13.38     0.996484      7773455       284.44
       15.23     0.996680      7775010       301.18
       16.38     0.996875      7776650       320.00
       17.02     0.997070      7778065       341.33
       18.18     0.997266      7779605       365.71
       20.22     0.997461      7781155       393.85
       20.73     0.997656      7782745       426.67
       21.76     0.997852      7784120       465.45
       23.55     0.998047      7785645       512.00
       24.19     0.998145      7786605       538.95
       24.32     0.998242      7790450       568.89
       24.32     0.998340      7790450       602.35
       24.32     0.998437      7790450       640.00
       24.32     0.998535      7790450       682.67
       24.32     0.998633      7790450       731.43
       24.45     0.998730      7793685       787.69
       24.45     0.998828      7793685       853.33
       24.45     0.998926      7793685       930.91
       24.45     0.999023      7793685      1024.00
       24.45     0.999072      7793685      1077.89
       24.70     0.999121      7794235      1137.78
       24.83     0.999170      7794580      1204.71
       24.96     0.999219      7794820      1280.00
       25.34     0.999268      7795240      1365.33
       25.73     0.999316      7795555      1462.86
       26.62     0.999365      7795925      1575.38
       27.52     0.999414      7796365      1706.67
       28.29     0.999463      7797265      1861.82
       28.29     0.999512      7797265      2048.00
       28.29     0.999536      7797265      2155.79
       28.41     0.999561      7798050      2275.56
       28.41     0.999585      7798050      2409.41
       28.41     0.999609      7798050      2560.00
       28.41     0.999634      7798050      2730.67
       28.54     0.999658      7798225      2925.71
       28.80     0.999683      7798610      3150.77
       28.80     0.999707      7798610      3413.33
       29.05     0.999731      7798785      3723.64
       29.44     0.999756      7798985      4096.00
       29.70     0.999768      7799070      4311.58
       30.08     0.999780      7799175      4551.11
       30.34     0.999792      7799265      4818.82
       30.59     0.999805      7799370      5120.00
       30.85     0.999817      7799470      5461.33
       31.23     0.999829      7799570      5851.43
       31.61     0.999841      7799635      6301.54
       32.26     0.999854      7799810      6826.67
       32.38     0.999866      7800030      7447.27
       32.38     0.999878      7800030      8192.00
       32.38     0.999884      7800030      8623.16
       32.38     0.999890      7800030      9102.22
       32.51     0.999896      7800120      9637.65
       32.51     0.999902      7800120     10240.00
       32.77     0.999908      7800195     10922.67
       33.02     0.999915      7800285     11702.86
       33.02     0.999921      7800285     12603.08
       33.28     0.999927      7800325     13653.33
       33.53     0.999933      7800370     14894.55
       34.30     0.999939      7800390     16384.00
       34.81     0.999942      7800440     17246.32
       34.81     0.999945      7800440     18204.44
       35.07     0.999948      7800480     19275.29
       35.33     0.999951      7800500     20480.00
       35.58     0.999954      7800510     21845.33
       36.35     0.999957      7800625     23405.71
       36.35     0.999960      7800625     25206.15
       36.35     0.999963      7800625     27306.67
       36.35     0.999966      7800625     29789.09
       36.61     0.999969      7800675     32768.00
       36.61     0.999971      7800675     34492.63
       36.61     0.999973      7800675     36408.89
       36.61     0.999974      7800675     38550.59
       36.61     0.999976      7800675     40960.00
       37.12     0.999977      7800730     43690.67
       37.12     0.999979      7800730     46811.43
       37.12     0.999980      7800730     50412.31
       37.12     0.999982      7800730     54613.33
       37.38     0.999983      7800735     59578.18
       38.91     0.999985      7800750     65536.00
       39.17     0.999986      7800785     68985.26
       39.17     0.999986      7800785     72817.78
       39.17     0.999987      7800785     77101.18
       39.17     0.999988      7800785     81920.00
       39.17     0.999989      7800785     87381.33
       39.17     0.999989      7800785     93622.86
       41.98     0.999990      7800795    100824.62
       41.98     0.999991      7800795    109226.67
       42.24     0.999992      7800800    119156.36
       42.75     0.999992      7800810    131072.00
       42.75     0.999993      7800810    137970.53
       43.01     0.999993      7800820    145635.56
       43.01     0.999994      7800820    154202.35
       43.01     0.999994      7800820    163840.00
       43.26     0.999994      7800825    174762.67
       43.26     0.999995      7800825    187245.71
       48.38     0.999995      7800840    201649.23
       48.38     0.999995      7800840    218453.33
       48.38     0.999996      7800840    238312.73
       48.38     0.999996      7800840    262144.00
       48.38     0.999996      7800840    275941.05
       48.38     0.999997      7800840    291271.11
       48.38     0.999997      7800840    308404.71
       48.64     0.999997      7800865    327680.00
       48.64     1.000000      7800865          inf
#[Mean    =        1.225, StdDeviation   =        1.466]
#[Max     =       48.639, Total count    =      7800865]
#[Buckets =           20, SubBuckets     =          256]
