       Value   Percentile   TotalCount 1/(1-Percentile)

        0.26     0.000000            1         1.00
        0.57     0.050000        22777         1.05
        0.58     0.100000        36444         1.11
        0.60     0.150000        56112         1.18
        0.61     0.200000        83112         1.25
        0.62     0.250000        99262         1.33
        0.63     0.300000       117226         1.43
        0.64     0.350000       136841         1.54
        0.65     0.400000       157665         1.67
        0.66     0.450000       178935         1.82
        0.66     0.500000       200065         2.00
        0.66     0.525000       200065         2.11
        0.67     0.550000       220617         2.22
        0.67     0.575000       220617         2.35
        0.67     0.600000       220617         2.50
        0.68     0.625000       240144         2.67
        0.68     0.650000       240144         2.86
        0.69     0.675000       258017         3.08
        0.69     0.700000       258017         3.33
        0.69     0.725000       274312         3.64
        0.69     0.750000       274312         4.00
        0.70     0.762500       288498         4.21
        0.70     0.775000       288498         4.44
        0.70     0.787500       288498         4.71
        0.71     0.800000       300998         5.00
        0.71     0.812500       300998         5.33
        0.71     0.825000       300998         5.71
        0.72     0.837500       311805         6.15
        0.72     0.850000       311805         6.67
        0.73     0.862500       321045         7.27
        0.73     0.875000       321045         8.00
        0.73     0.881250       321045         8.42
        0.73     0.887500       328758         8.89
        0.73     0.893750       328758         9.41
        0.73     0.900000       328758        10.00
        0.74     0.906250       335350        10.67
        0.74     0.912500       335350        11.43
        0.74     0.918750       335350        12.31
        0.75     0.925000       340823        13.33
        0.75     0.931250       340823        14.55
        0.76     0.937500       345331        16.00
        0.76     0.940625       345331        16.84
        0.76     0.943750       345331        17.78
        0.76     0.946875       345331        18.82
        0.77     0.950000       348999        20.00
        0.77     0.953125       348999        21.33
        0.77     0.956250       348999        22.86
        0.78     0.959375       351898        24.62
        0.78     0.962500       351898        26.67
        0.78     0.965625       351898        29.09
        0.78     0.968750       354291        32.00
        0.78     0.970313       354291        33.68
        0.78     0.971875       354291        35.56
        0.79     0.973437       356164        37.65
        0.79     0.975000       356164        40.00
        0.79     0.976562       356164        42.67
        0.79     0.978125       356164        45.71
        0.80     0.979688       357697        49.23
        0.80     0.981250       357697        53.33
        0.81     0.982812       358963        58.18
        0.81     0.984375       358963        64.00
        0.81     0.985156       358963        67.37
        0.81     0.985938       359983        71.11
        0.81     0.986719       359983        75.29
        0.81     0.987500       359983        80.00
        0.81     0.988281       359983        85.33
        0.82     0.989062       360767        91.43
        0.82     0.989844       360767        98.46
        0.82     0.990625       360767       106.67
        0.83     0.991406       361467       116.36
        0.83     0.992188       361467       128.00
        0.83     0.992578       361467       134.74
        0.84     0.992969       361982       142.22
        0.84     0.993359       361982       150.59
        0.84     0.993750       361982       160.00
        0.84     0.994141       361982       170.67
        0.85     0.994531       362392       182.86
        0.85     0.994922       362392       196.92
        0.85     0.995313       362392       213.33
        0.85     0.995703       362729       232.73
        0.85     0.996094       362729       256.00
        0.86     0.996289       362955       269.47
        0.86     0.996484       362955       284.44
        0.86     0.996680       362955       301.18
        0.86     0.996875       362955       320.00
        0.87     0.997070       363126       341.33
        0.87     0.997266       363126       365.71
        0.88     0.997461       363266       393.85
        0.88     0.997656       363266       426.67
        0.89     0.997852       363375       465.45
        0.89     0.998047       363375       512.00
        0.90     0.998145       363460       538.95
        0.90     0.998242       363460       568.89
        0.90     0.998340       363519       602.35
        0.90     0.998437       363519       640.00
        0.91     0.998535       363571       682.67
        0.92     0.998633       363612       731.43
        0.93     0.998730       363647       787.69
        0.94     0.998828       363662       853.33
        0.95     0.998926       363706       930.91
        0.97     0.999023       363734      1024.00
        0.97     0.999072       363748      1077.89
        0.98     0.999121       363772      1137.78
        0.99     0.999170       363785      1204.71
        1.01     0.999219       363811      1280.00
        1.01     0.999268       363821      1365.33
        1.03     0.999316       363844      1462.86
        1.05     0.999365       363866      1575.38
        1.06     0.999414       363878      1706.67
        1.07     0.999463       363891      1861.82
        1.09     0.999512       363910      2048.00
        1.09     0.999536       363918      2155.79
        1.10     0.999561       363933      2275.56
        1.10     0.999585       363933      2409.41
        1.12     0.999609       363947      2560.00
        1.13     0.999634       363952      2730.67
        1.14     0.999658       363964      2925.71
        1.15     0.999683       363973      3150.77
        1.16     0.999707       363979      3413.33
        1.18     0.999731       363991      3723.64
        1.18     0.999756       363996      4096.00
        1.20     0.999768       364006      4311.58
        1.20     0.999780       364006      4551.11
        1.21     0.999792       364010      4818.82
        1.22     0.999805       364016      5120.00
        1.24     0.999817       364018      5461.33
        1.28     0.999829       364022      5851.43
        1.29     0.999841       364029      6301.54
        1.30     0.999854       364032      6826.67
        1.32     0.999866       364036      7447.27
        1.35     0.999878       364040      8192.00
        1.43     0.999884       364042      8623.16
        1.51     0.999890       364045      9102.22
        1.53     0.999896       364047      9637.65
        1.57     0.999902       364049     10240.00
        1.60     0.999908       364051     10922.67
        2.16     0.999915       364053     11702.86
        2.88     0.999921       364056     12603.08
        3.06     0.999927       364058     13653.33
        3.20     0.999933       364060     14894.55
        3.33     0.999939       364062     16384.00
        3.36     0.999942       364063     17246.32
        3.50     0.999945       364066     18204.44
        3.50     0.999948       364066     19275.29
        3.54     0.999951       364067     20480.00
        3.55     0.999954       364069     21845.33
        3.55     0.999957       364069     23405.71
        3.68     0.999960       364070     25206.15
        3.77     0.999963       364071     27306.67
        3.82     0.999966       364072     29789.09
        3.84     0.999969       364074     32768.00
        3.84     0.999971       364074     34492.63
        3.87     0.999973       364075     36408.89
        3.87     0.999974       364075     38550.59
        3.89     0.999976       364076     40960.00
        3.89     0.999977       364076     43690.67
        4.13     0.999979       364077     46811.43
        4.13     0.999980       364077     50412.31
        4.25     0.999982       364078     54613.33
        4.25     0.999983       364078     59578.18
        4.64     0.999985       364080     65536.00
        4.64     0.999986       364080     68985.26
        4.64     0.999986       364080     72817.78
        4.64     0.999987       364080     77101.18
        4.64     0.999988       364080     81920.00
        4.64     0.999989       364080     87381.33
        4.70     0.999989       364082     93622.86
        4.70     0.999990       364082    100824.62
        4.70     0.999991       364082    109226.67
        4.70     0.999992       364082    119156.36
        4.70     0.999992       364082    131072.00
        4.70     0.999993       364082    137970.53
        4.70     0.999993       364082    145635.56
        4.70     0.999994       364082    154202.35
        4.70     0.999994       364082    163840.00
        4.70     0.999994       364082    174762.67
        4.74     0.999995       364083    187245.71
        4.74     0.999995       364083    201649.23
        4.74     0.999995       364083    218453.33
        4.74     0.999996       364083    238312.73
        4.74     0.999996       364083    262144.00
        4.74     0.999996       364083    275941.05
        4.74     0.999997       364083    291271.11
        4.74     0.999997       364083    308404.71
        4.74     0.999997       364083    327680.00
        4.74     0.999997       364083    349525.33
        4.77     0.999997       364084    374491.43
        4.77     1.000000       364084          inf
#[Mean    =        0.658, StdDeviation   =        0.071]
#[Max     =        4.767, Total count    =       364084]
#[Buckets =           20, SubBuckets     =          256]
