       Value   Percentile   TotalCount 1/(1-Percentile)

        0.20     0.000000            1         1.00
        0.42     0.050000        20675         1.05
        0.46     0.100000        42030         1.11
        0.49     0.150000        58981         1.18
        0.53     0.200000        79079         1.25
        0.54     0.250000        99559         1.33
        0.56     0.300000       124613         1.43
        0.57     0.350000       136588         1.54
        0.58     0.400000       155746         1.67
        0.61     0.450000       175471         1.82
        0.63     0.500000       198722         2.00
        0.64     0.525000       209241         2.11
        0.65     0.550000       220845         2.22
        0.65     0.575000       220845         2.35
        0.66     0.600000       233067         2.50
        0.66     0.625000       245536         2.67
        0.67     0.650000       258043         2.86
        0.67     0.675000       258043         3.08
        0.68     0.700000       270200         3.33
        0.69     0.725000       281530         3.64
        0.69     0.750000       291756         4.00
        0.69     0.762500       291756         4.21
        0.70     0.775000       300439         4.44
        0.70     0.787500       300439         4.71
        0.71     0.800000       307452         5.00
        0.72     0.812500       313037         5.33
        0.73     0.825000       317243         5.71
        0.73     0.837500       320370         6.15
        0.75     0.850000       323965         6.67
        0.81     0.862500       328487         7.27
        0.85     0.875000       335218         8.00
        0.85     0.881250       337897         8.42
        0.85     0.887500       337897         8.89
        0.86     0.893750       341120         9.41
        0.87     0.900000       344770        10.00
        0.88     0.906250       348917        10.67
        0.88     0.912500       348917        11.43
        0.89     0.918750       353117        12.31
        0.89     0.925000       353117        13.33
        0.90     0.931250       357640        14.55
        0.90     0.937500       357640        16.00
        0.90     0.940625       362144        16.84
        0.90     0.943750       362144        17.78
        0.90     0.946875       362144        18.82
        0.90     0.950000       362144        20.00
        0.91     0.953125       366252        21.33
        0.91     0.956250       366252        22.86
        0.91     0.959375       366252        24.62
        0.92     0.962500       369952        26.67
        0.92     0.965625       369952        29.09
        0.92     0.968750       369952        32.00
        0.92     0.970313       369952        33.68
        0.93     0.971875       373041        35.56
        0.93     0.973437       373041        37.65
        0.93     0.975000       373041        40.00
        0.93     0.976562       373041        42.67
        0.93     0.978125       373041        45.71
        0.93     0.979688       373041        49.23
        0.94     0.981250       375382        53.33
        0.94     0.982812       375382        58.18
        0.94     0.984375       375382        64.00
        0.94     0.985156       375382        67.37
        0.94     0.985938       375382        71.11
        0.94     0.986719       377092        75.29
        0.94     0.987500       377092        80.00
        0.94     0.988281       377092        85.33
        0.94     0.989062       377092        91.43
        0.94     0.989844       377092        98.46
        0.95     0.990625       378381       106.67
        0.95     0.991406       378381       116.36
        0.95     0.992188       378381       128.00
        0.95     0.992578       378381       134.74
        0.95     0.992969       378381       142.22
        0.95     0.993359       378381       150.59
        0.95     0.993750       378381       160.00
        0.96     0.994141       379217       170.67
        0.96     0.994531       379217       182.86
        0.96     0.994922       379217       196.92
        0.96     0.995313       379217       213.33
        0.96     0.995703       379217       232.73
        0.97     0.996094       379750       256.00
        0.97     0.996289       379750       269.47
        0.97     0.996484       379750       284.44
        0.97     0.996680       379750       301.18
        0.97     0.996875       379750       320.00
        0.97     0.997070       379750       341.33
        0.97     0.997266       379750       365.71
        0.97     0.997461       380090       393.85
        0.97     0.997656       380090       426.67
        0.97     0.997852       380090       465.45
        0.97     0.998047       380090       512.00
        0.97     0.998145       380090       538.95
        0.97     0.998242       380090       568.89
        0.98     0.998340       380291       602.35
        0.98     0.998437       380291       640.00
        0.98     0.998535       380291       682.67
        0.98     0.998633       380291       731.43
        0.98     0.998730       380291       787.69
        0.98     0.998828       380291       853.33
        0.99     0.998926       380423       930.91
        0.99     0.999023       380423      1024.00
        0.99     0.999072       380423      1077.89
        0.99     0.999121       380423      1137.78
        0.99     0.999170       380423      1204.71
        1.00     0.999219       380513      1280.00
        1.00     0.999268       380513      1365.33
        1.00     0.999316       380513      1462.86
        1.00     0.999365       380513      1575.38
        1.00     0.999414       380513      1706.67
        1.01     0.999463       380566      1861.82
        1.01     0.999512       380566      2048.00
        1.01     0.999536       380566      2155.79
        1.01     0.999561       380566      2275.56
        1.01     0.999585       380602      2409.41
        1.01     0.999609       380602      2560.00
        1.01     0.999634       380602      2730.67
        1.01     0.999658       380602      2925.71
        1.02     0.999683       380622      3150.77
        1.02     0.999707       380622      3413.33
        1.03     0.999731       380635      3723.64
        1.04     0.999756       380649      4096.00
        1.04     0.999768       380649      4311.58
        1.04     0.999780       380649      4551.11
        1.05     0.999792       380661      4818.82
        1.05     0.999805       380661      5120.00
        1.05     0.999817       380661      5461.33
        1.05     0.999829       380665      5851.43
        1.07     0.999841       380672      6301.54
        1.08     0.999854       380680      6826.67
        1.08     0.999866       380680      7447.27
        1.09     0.999878       380683      8192.00
        1.10     0.999884       380687      8623.16
        1.11     0.999890       380690      9102.22
        1.11     0.999896       380690      9637.65
        1.14     0.999902       380695     10240.00
        1.14     0.999908       380695     10922.67
        1.15     0.999915       380698     11702.86
        1.16     0.999921       380700     12603.08
        1.18     0.999927       380704     13653.33
        1.18     0.999933       380704     14894.55
        1.20     0.999939       380706     16384.00
        1.21     0.999942       380707     17246.32
        1.22     0.999945       380711     18204.44
        1.22     0.999948       380711     19275.29
        1.22     0.999951       380711     20480.00
        1.23     0.999954       380712     21845.33
        1.24     0.999957       380713     23405.71
        1.25     0.999960       380714     25206.15
        1.25     0.999963       380716     27306.67
        1.26     0.999966       380717     29789.09
        1.27     0.999969       380718     32768.00
        1.27     0.999971       380718     34492.63
        1.28     0.999973       380720     36408.89
        1.28     0.999974       380720     38550.59
        1.28     0.999976       380720     40960.00
        1.29     0.999977       380722     43690.67
        1.29     0.999979       380722     46811.43
        1.29     0.999980       380722     50412.31
        1.30     0.999982       380723     54613.33
        1.30     0.999983       380723     59578.18
        1.32     0.999985       380724     65536.00
        1.32     0.999986       380724     68985.26
        1.32     0.999986       380724     72817.78
        1.33     0.999987       380725     77101.18
        1.33     0.999988       380725     81920.00
        1.33     0.999989       380725     87381.33
        1.33     0.999989       380725     93622.86
        1.42     0.999990       380726    100824.62
        1.42     0.999991       380726    109226.67
        1.42     0.999992       380726    119156.36
        1.44     0.999992       380727    131072.00
        1.44     0.999993       380727    137970.53
        1.44     0.999993       380727    145635.56
        1.44     0.999994       380727    154202.35
        1.44     0.999994       380727    163840.00
        1.44     0.999994       380727    174762.67
        1.44     0.999995       380727    187245.71
        1.50     0.999995       380728    201649.23
        1.50     0.999995       380728    218453.33
        1.50     0.999996       380728    238312.73
        1.50     0.999996       380728    262144.00
        1.50     0.999996       380728    275941.05
        1.50     0.999997       380728    291271.11
        1.50     0.999997       380728    308404.71
        1.50     0.999997       380728    327680.00
        1.50     0.999997       380728    349525.33
        1.50     0.999997       380728    374491.43
        1.53     0.999998       380729    403298.46
        1.53     1.000000       380729          inf
#[Mean    =        0.630, StdDeviation   =        0.137]
#[Max     =        1.527, Total count    =       380729]
#[Buckets =           20, SubBuckets     =          256]
