       Value   Percentile   TotalCount 1/(1-Percentile)

        0.19     0.000000            1         1.00
        0.65     0.050000        18629         1.05
        0.67     0.100000        32968         1.11
        0.69     0.150000        55911         1.18
        0.70     0.200000        65592         1.25
        0.72     0.250000        88254         1.33
        0.73     0.300000       101241         1.43
        0.73     0.350000       115108         1.54
        0.74     0.400000       129540         1.67
        0.75     0.450000       144495         1.82
        0.76     0.500000       159815         2.00
        0.77     0.525000       174778         2.11
        0.77     0.550000       174778         2.22
        0.78     0.575000       189477         2.35
        0.78     0.600000       189477         2.50
        0.78     0.625000       203429         2.67
        0.79     0.650000       216988         2.86
        0.79     0.675000       216988         3.08
        0.80     0.700000       229350         3.33
        0.80     0.725000       229350         3.64
        0.81     0.750000       240627         4.00
        0.81     0.762500       240627         4.21
        0.81     0.775000       250792         4.44
        0.81     0.787500       250792         4.71
        0.82     0.800000       259809         5.00
        0.82     0.812500       259809         5.33
        0.83     0.825000       267871         5.71
        0.83     0.837500       267871         6.15
        0.84     0.850000       274820         6.67
        0.84     0.862500       274820         7.27
        0.85     0.875000       280829         8.00
        0.85     0.881250       280829         8.42
        0.85     0.887500       280829         8.89
        0.85     0.893750       286088         9.41
        0.85     0.900000       286088        10.00
        0.85     0.906250       286088        10.67
        0.86     0.912500       290603        11.43
        0.86     0.918750       290603        12.31
        0.87     0.925000       294422        13.33
        0.87     0.931250       294422        14.55
        0.88     0.937500       297705        16.00
        0.88     0.940625       297705        16.84
        0.89     0.943750       300507        17.78
        0.89     0.946875       300507        18.82
        0.89     0.950000       300507        20.00
        0.90     0.953125       302896        21.33
        0.90     0.956250       302896        22.86
        0.90     0.959375       302896        24.62
        0.90     0.962500       304954        26.67
        0.90     0.965625       304954        29.09
        0.91     0.968750       306699        32.00
        0.91     0.970313       306699        33.68
        0.91     0.971875       306699        35.56
        0.92     0.973437       308157        37.65
        0.92     0.975000       308157        40.00
        0.92     0.976562       308157        42.67
        0.93     0.978125       309400        45.71
        0.93     0.979688       309400        49.23
        0.94     0.981250       310440        53.33
        0.94     0.982812       310440        58.18
        0.94     0.984375       311326        64.00
        0.94     0.985156       311326        67.37
        0.94     0.985938       311326        71.11
        0.94     0.986719       311326        75.29
        0.95     0.987500       312027        80.00
        0.95     0.988281       312027        85.33
        0.95     0.989062       312027        91.43
        0.96     0.989844       312567        98.46
        0.96     0.990625       312567       106.67
        0.97     0.991406       313077       116.36
        0.97     0.992188       313077       128.00
        0.97     0.992578       313487       134.74
        0.97     0.992969       313487       142.22
        0.97     0.993359       313487       150.59
        0.97     0.993750       313487       160.00
        0.98     0.994141       313798       170.67
        0.98     0.994531       313798       182.86
        0.99     0.994922       314059       196.92
        0.99     0.995313       314059       213.33
        1.00     0.995703       314284       232.73
        1.00     0.996094       314284       256.00
        1.01     0.996289       314465       269.47
        1.01     0.996484       314465       284.44
        1.01     0.996680       314465       301.18
        1.01     0.996875       314624       320.00
        1.01     0.997070       314624       341.33
        1.01     0.997266       314624       365.71
        1.02     0.997461       314755       393.85
        1.02     0.997656       314755       426.67
        1.03     0.997852       314841       465.45
        1.03     0.998047       314841       512.00
        1.04     0.998145       314917       538.95
        1.04     0.998242       314917       568.89
        1.05     0.998340       314994       602.35
        1.05     0.998437       314994       640.00
        1.05     0.998535       315042       682.67
        1.05     0.998633       315042       731.43
        1.06     0.998730       315082       787.69
        1.07     0.998828       315113       853.33
        1.08     0.998926       315144       930.91
        1.09     0.999023       315168      1024.00
        1.09     0.999072       315168      1077.89
        1.09     0.999121       315181      1137.78
        1.10     0.999170       315205      1204.71
        1.11     0.999219       315213      1280.00
        1.12     0.999268       315226      1365.33
        1.14     0.999316       315243      1462.86
        1.15     0.999365       315261      1575.38
        1.17     0.999414       315276      1706.67
        1.18     0.999463       315292      1861.82
        1.20     0.999512       315307      2048.00
        1.21     0.999536       315315      2155.79
        1.22     0.999561       315328      2275.56
        1.22     0.999585       315328      2409.41
        1.23     0.999609       315337      2560.00
        1.24     0.999634       315348      2730.67
        1.25     0.999658       315355      2925.71
        1.25     0.999683       315357      3150.77
        1.27     0.999707       315368      3413.33
        1.28     0.999731       315375      3723.64
        1.29     0.999756       315380      4096.00
        1.32     0.999768       315387      4311.58
        1.33     0.999780       315391      4551.11
        1.33     0.999792       315393      4818.82
        1.34     0.999805       315396      5120.00
        1.36     0.999817       315400      5461.33
        1.37     0.999829       315404      5851.43
        1.38     0.999841       315407      6301.54
        1.38     0.999854       315412      6826.67
        1.40     0.999866       315417      7447.27
        1.41     0.999878       315420      8192.00
        1.42     0.999884       315421      8623.16
        1.43     0.999890       315423      9102.22
        1.45     0.999896       315425      9637.65
        1.48     0.999902       315427     10240.00
        1.56     0.999908       315430     10922.67
        1.63     0.999915       315431     11702.86
        1.69     0.999921       315432     12603.08
        2.54     0.999927       315434     13653.33
        3.28     0.999933       315437     14894.55
        3.29     0.999939       315438     16384.00
        3.42     0.999942       315439     17246.32
        3.58     0.999945       315440     18204.44
        3.87     0.999948       315442     19275.29
        3.87     0.999951       315442     20480.00
        3.92     0.999954       315443     21845.33
        3.94     0.999957       315444     23405.71
        4.05     0.999960       315446     25206.15
        4.05     0.999963       315446     27306.67
        4.06     0.999966       315447     29789.09
        4.19     0.999969       315448     32768.00
        4.19     0.999971       315448     34492.63
        4.22     0.999973       315449     36408.89
        4.22     0.999974       315449     38550.59
        4.25     0.999976       315450     40960.00
        4.25     0.999977       315450     43690.67
        4.38     0.999979       315451     46811.43
        4.38     0.999980       315451     50412.31
        4.89     0.999982       315452     54613.33
        4.89     0.999983       315452     59578.18
        4.99     0.999985       315453     65536.00
        4.99     0.999986       315453     68985.26
        4.99     0.999986       315453     72817.78
        4.99     0.999987       315453     77101.18
        5.05     0.999988       315454     81920.00
        5.05     0.999989       315454     87381.33
        5.05     0.999989       315454     93622.86
        5.05     0.999990       315454    100824.62
        5.38     0.999991       315455    109226.67
        5.38     0.999992       315455    119156.36
        5.38     0.999992       315455    131072.00
        5.38     0.999993       315455    137970.53
        5.38     0.999993       315455    145635.56
        5.38     0.999994       315455    154202.35
        5.79     0.999994       315457    163840.00
        5.79     1.000000       315457          inf
#[Mean    =        0.760, StdDeviation   =        0.084]
#[Max     =        5.791, Total count    =       315457]
#[Buckets =           20, SubBuckets     =          256]
