       Value   Percentile   TotalCount 1/(1-Percentile)

        0.17     0.000000            1         1.00
        0.28     0.050000        40874         1.05
        0.29     0.100000        59943         1.11
        0.33     0.150000        89067         1.18
        0.35     0.200000       130047         1.25
        0.36     0.250000       153758         1.33
        0.37     0.300000       178096         1.43
        0.38     0.350000       203091         1.54
        0.39     0.400000       240606         1.67
        0.41     0.450000       269457         1.82
        0.41     0.500000       293857         2.00
        0.42     0.525000       325209         2.11
        0.42     0.550000       325209         2.22
        0.43     0.575000       359572         2.35
        0.43     0.600000       359572         2.50
        0.43     0.625000       359572         2.67
        0.44     0.650000       393317         2.86
        0.44     0.675000       393317         3.08
        0.45     0.700000       425044         3.33
        0.45     0.725000       425044         3.64
        0.46     0.750000       450965         4.00
        0.46     0.762500       450965         4.21
        0.46     0.775000       450965         4.44
        0.46     0.787500       468145         4.71
        0.46     0.800000       468145         5.00
        0.46     0.812500       468145         5.33
        0.47     0.825000       477490         5.71
        0.48     0.837500       482602         6.15
        0.50     0.850000       489677         6.67
        0.56     0.862500       496448         7.27
        0.58     0.875000       507131         8.00
        0.58     0.881250       507131         8.42
        0.59     0.887500       516717         8.89
        0.59     0.893750       516717         9.41
        0.60     0.900000       529019        10.00
        0.60     0.906250       529019        10.67
        0.60     0.912500       529019        11.43
        0.60     0.918750       529019        12.31
        0.61     0.925000       542298        13.33
        0.61     0.931250       542298        14.55
        0.61     0.937500       542298        16.00
        0.61     0.940625       542298        16.84
        0.61     0.943750       553694        17.78
        0.61     0.946875       553694        18.82
        0.61     0.950000       553694        20.00
        0.61     0.953125       553694        21.33
        0.61     0.956250       553694        22.86
        0.61     0.959375       553694        24.62
        0.61     0.962500       553694        26.67
        0.62     0.965625       561859        29.09
        0.62     0.968750       561859        32.00
        0.62     0.970313       561859        33.68
        0.62     0.971875       561859        35.56
        0.62     0.973437       561859        37.65
        0.62     0.975000       561859        40.00
        0.62     0.976562       561859        42.67
        0.63     0.978125       566696        45.71
        0.63     0.979688       566696        49.23
        0.63     0.981250       566696        53.33
        0.63     0.982812       566696        58.18
        0.63     0.984375       566696        64.00
        0.63     0.985156       566696        67.37
        0.64     0.985938       569360        71.11
        0.64     0.986719       569360        75.29
        0.64     0.987500       569360        80.00
        0.64     0.988281       569360        85.33
        0.64     0.989062       569360        91.43
        0.65     0.989844       570779        98.46
        0.65     0.990625       570779       106.67
        0.65     0.991406       570779       116.36
        0.65     0.992188       570779       128.00
        0.66     0.992578       571667       134.74
        0.66     0.992969       571667       142.22
        0.66     0.993359       571667       150.59
        0.66     0.993750       571667       160.00
        0.66     0.994141       572294       170.67
        0.66     0.994531       572294       182.86
        0.66     0.994922       572294       196.92
        0.67     0.995313       572807       213.33
        0.67     0.995703       572807       232.73
        0.68     0.996094       573216       256.00
        0.68     0.996289       573216       269.47
        0.68     0.996484       573216       284.44
        0.69     0.996680       573584       301.18
        0.69     0.996875       573584       320.00
        0.69     0.997070       573584       341.33
        0.69     0.997266       573882       365.71
        0.69     0.997461       573882       393.85
        0.69     0.997656       573882       426.67
        0.70     0.997852       574167       465.45
        0.70     0.998047       574167       512.00
        0.70     0.998145       574167       538.95
        0.71     0.998242       574405       568.89
        0.71     0.998340       574405       602.35
        0.71     0.998437       574405       640.00
        0.71     0.998535       574405       682.67
        0.72     0.998633       574603       731.43
        0.72     0.998730       574603       787.69
        0.72     0.998828       574603       853.33
        0.72     0.998926       574603       930.91
        0.73     0.999023       574766      1024.00
        0.73     0.999072       574766      1077.89
        0.73     0.999121       574766      1137.78
        0.73     0.999170       574766      1204.71
        0.73     0.999219       574766      1280.00
        0.73     0.999268       574886      1365.33
        0.73     0.999316       574886      1462.86
        0.73     0.999365       574886      1575.38
        0.73     0.999414       574886      1706.67
        0.74     0.999463       574975      1861.82
        0.74     0.999512       574975      2048.00
        0.74     0.999536       574975      2155.79
        0.74     0.999561       574975      2275.56
        0.74     0.999585       574975      2409.41
        0.75     0.999609       575043      2560.00
        0.75     0.999634       575043      2730.67
        0.75     0.999658       575043      2925.71
        0.75     0.999683       575043      3150.77
        0.75     0.999707       575043      3413.33
        0.76     0.999731       575073      3723.64
        0.76     0.999756       575073      4096.00
        0.76     0.999768       575073      4311.58
        0.77     0.999780       575105      4551.11
        0.77     0.999792       575105      4818.82
        0.77     0.999805       575105      5120.00
        0.77     0.999817       575105      5461.33
        0.78     0.999829       575114      5851.43
        0.78     0.999841       575114      6301.54
        0.78     0.999854       575121      6826.67
        0.80     0.999866       575128      7447.27
        0.81     0.999878       575134      8192.00
        0.84     0.999884       575138      8623.16
        0.88     0.999890       575141      9102.22
        1.37     0.999896       575145      9637.65
        1.50     0.999902       575148     10240.00
        1.60     0.999908       575152     10922.67
        1.72     0.999915       575155     11702.86
        2.27     0.999921       575161     12603.08
        2.30     0.999927       575162     13653.33
        2.33     0.999933       575167     14894.55
        2.35     0.999939       575169     16384.00
        2.42     0.999942       575172     17246.32
        2.43     0.999945       575174     18204.44
        2.45     0.999948       575175     19275.29
        2.46     0.999951       575176     20480.00
        2.59     0.999954       575179     21845.33
        2.62     0.999957       575180     23405.71
        2.67     0.999960       575182     25206.15
        2.70     0.999963       575183     27306.67
        2.72     0.999966       575185     29789.09
        2.81     0.999969       575188     32768.00
        2.81     0.999971       575188     34492.63
        2.83     0.999973       575189     36408.89
        2.85     0.999974       575190     38550.59
        2.85     0.999976       575190     40960.00
        2.99     0.999977       575191     43690.67
        3.07     0.999979       575192     46811.43
        3.46     0.999980       575193     50412.31
        3.52     0.999982       575194     54613.33
        3.54     0.999983       575196     59578.18
        3.54     0.999985       575196     65536.00
        3.54     0.999986       575196     68985.26
        3.55     0.999986       575197     72817.78
        3.55     0.999987       575197     77101.18
        3.55     0.999988       575197     81920.00
        3.63     0.999989       575199     87381.33
        3.63     0.999989       575199     93622.86
        3.63     0.999990       575199    100824.62
        3.63     0.999991       575199    109226.67
        3.69     0.999992       575200    119156.36
        3.69     0.999992       575200    131072.00
        3.69     0.999993       575200    137970.53
        3.71     0.999993       575201    145635.56
        3.71     0.999994       575201    154202.35
        3.71     0.999994       575201    163840.00
        3.71     0.999994       575201    174762.67
        3.71     0.999995       575201    187245.71
        3.85     0.999995       575202    201649.23
        3.85     0.999995       575202    218453.33
        3.85     0.999996       575202    238312.73
        3.85     0.999996       575202    262144.00
        3.85     0.999996       575202    275941.05
        3.92     0.999997       575203    291271.11
        3.92     0.999997       575203    308404.71
        3.92     0.999997       575203    327680.00
        3.92     0.999997       575203    349525.33
        3.92     0.999997       575203    374491.43
        3.92     0.999998       575203    403298.46
        3.92     0.999998       575203    436906.67
        3.92     0.999998       575203    476625.45
        3.92     0.999998       575203    524288.00
        3.92     0.999998       575203    551882.11
        3.97     0.999998       575204    582542.22
        3.97     1.000000       575204          inf
#[Mean    =        0.417, StdDeviation   =        0.099]
#[Max     =        3.967, Total count    =       575204]
#[Buckets =           20, SubBuckets     =          256]
