       Value   Percentile   TotalCount 1/(1-Percentile)

        0.06     0.000000           20         1.00
        0.14     0.050000       969360         1.05
        0.15     0.100000      1695050         1.11
        0.18     0.150000      2512170         1.18
        0.42     0.200000      3498560         1.25
        0.46     0.250000      4072830         1.33
        0.50     0.300000      4881790         1.43
        0.54     0.350000      5738870         1.54
        0.56     0.400000      7835635         1.67
        0.56     0.450000      7835635         1.82
        0.57     0.500000      9787335         2.00
        0.57     0.525000      9787335         2.11
        0.57     0.550000      9787335         2.22
        0.57     0.575000      9787335         2.35
        0.57     0.600000      9787335         2.50
        0.57     0.625000     10969825         2.67
        0.57     0.650000     10969825         2.86
        0.57     0.675000     10969825         3.08
        0.58     0.700000     11670615         3.33
        0.59     0.725000     12140015         3.64
        0.60     0.750000     12468665         4.00
        0.60     0.762500     12468665         4.21
        0.61     0.775000     12728315         4.44
        0.61     0.787500     12935165         4.71
        0.62     0.800000     13094745         5.00
        0.63     0.812500     13220115         5.33
        0.65     0.825000     13415825         5.71
        0.66     0.837500     13605125         6.15
        0.68     0.850000     13866005         6.67
        0.69     0.862500     14113465         7.27
        0.70     0.875000     14254710         8.00
        0.71     0.881250     14381900         8.42
        0.72     0.887500     14488670         8.89
        0.73     0.893750     14587275         9.41
        0.73     0.900000     14686545        10.00
        0.74     0.906250     14787990        10.67
        0.75     0.912500     14885590        11.43
        0.76     0.918750     14972055        12.31
        0.77     0.925000     15053105        13.33
        0.78     0.931250     15125395        14.55
        0.79     0.937500     15259885        16.00
        0.80     0.940625     15324455        16.84
        0.81     0.943750     15385030        17.78
        0.81     0.946875     15385030        18.82
        0.81     0.950000     15444170        20.00
        0.82     0.953125     15501300        21.33
        0.83     0.956250     15558390        22.86
        0.84     0.959375     15612955        24.62
        0.85     0.962500     15666385        26.67
        0.85     0.965625     15717495        29.09
        0.86     0.968750     15765130        32.00
        0.86     0.970313     15765130        33.68
        0.87     0.971875     15810050        35.56
        0.87     0.973437     15810050        37.65
        0.88     0.975000     15848685        40.00
        0.89     0.976562     15882310        42.67
        0.90     0.978125     15911205        45.71
        0.90     0.979688     15911205        49.23
        0.91     0.981250     15953195        53.33
        0.92     0.982812     15968095        58.18
        0.94     0.984375     15989455        64.00
        0.95     0.985156     16005080        67.37
        0.96     0.985938     16011480        71.11
        0.98     0.986719     16025740        75.29
        1.01     0.987500     16038560        80.00
        1.05     0.988281     16051380        85.33
        1.10     0.989062     16063305        91.43
        1.17     0.989844     16074900        98.46
        1.27     0.990625     16088190       106.67
        1.38     0.991406     16100230       116.36
        1.54     0.992188     16113075       128.00
        1.67     0.992578     16119270       134.74
        1.98     0.992969     16125600       142.22
        2.42     0.993359     16131840       150.59
        2.96     0.993750     16138165       160.00
        3.69     0.994141     16144575       170.67
        4.45     0.994531     16150880       182.86
        5.50     0.994922     16157290       196.92
        6.37     0.995313     16163560       213.33
        7.01     0.995703     16170080       232.73
        7.62     0.996094     16176580       256.00
        7.93     0.996289     16179485       269.47
        8.26     0.996484     16182895       284.44
        8.64     0.996680     16185995       301.18
        9.28     0.996875     16189050       320.00
        9.92     0.997070     16192110       341.33
       11.52     0.997266     16195330       365.71
       12.61     0.997461     16198465       393.85
       14.21     0.997656     16201585       426.67
       15.68     0.997852     16204915       465.45
       16.32     0.998047     16208065       512.00
       16.51     0.998145     16209980       538.95
       16.89     0.998242     16211280       568.89
       17.54     0.998340     16212810       602.35
       18.30     0.998437     16214410       640.00
       19.20     0.998535     16216005       682.67
       20.22     0.998633     16219190       731.43
       20.22     0.998730     16219190       787.69
       20.48     0.998828     16220925       853.33
       21.50     0.998926     16222395       930.91
       22.53     0.999023     16223910      1024.00
       23.30     0.999072     16224650      1077.89
       24.06     0.999121     16225500      1137.78
       24.19     0.999170     16231580      1204.71
       24.19     0.999219     16231580      1280.00
       24.19     0.999268     16231580      1365.33
       24.19     0.999316     16231580      1462.86
       24.19     0.999365     16231580      1575.38
       24.19     0.999414     16231580      1706.67
       24.19     0.999463     16231580      1861.82
       24.32     0.999512     16232655      2048.00
       24.32     0.999536     16232655      2155.79
       24.32     0.999561     16232655      2275.56
       24.45     0.999585     16233365      2409.41
       24.45     0.999609     16233365      2560.00
       24.57     0.999634     16233790      2730.67
       25.21     0.999658     16234195      2925.71
       25.73     0.999683     16234510      3150.77
       26.62     0.999707     16234905      3413.33
       27.52     0.999731     16235335      3723.64
       28.16     0.999756     16236215      4096.00
       28.16     0.999768     16236215      4311.58
       28.16     0.999780     16236215      4551.11
       28.29     0.999792     16237165      4818.82
       28.29     0.999805     16237165      5120.00
       28.29     0.999817     16237165      5461.33
       28.29     0.999829     16237165      5851.43
       28.29     0.999841     16237165      6301.54
       28.41     0.999854     16237470      6826.67
       28.41     0.999866     16237470      7447.27
       28.93     0.999878     16237695      8192.00
       29.70     0.999884     16237805      8623.16
       30.46     0.999890     16237910      9102.22
       30.72     0.999896     16237975      9637.65
       31.61     0.999902     16238125     10240.00
       31.74     0.999908     16238180     10922.67
       32.13     0.999915     16238500     11702.86
       32.13     0.999921     16238500     12603.08
       32.13     0.999927     16238500     13653.33
       32.26     0.999933     16239045     14894.55
       32.26     0.999939     16239045     16384.00
       32.26     0.999942     16239045     17246.32
       32.26     0.999945     16239045     18204.44
       32.26     0.999948     16239045     19275.29
       32.26     0.999951     16239045     20480.00
       32.26     0.999954     16239045     21845.33
       32.26     0.999957     16239045     23405.71
       32.26     0.999960     16239045     25206.15
       32.38     0.999963     16239135     27306.67
       32.38     0.999966     16239135     29789.09
       32.51     0.999969     16239180     32768.00
       32.51     0.999971     16239180     34492.63
       32.64     0.999973     16239205     36408.89
       34.05     0.999974     16239225     38550.59
       34.30     0.999976     16239250     40960.00
       36.09     0.999977     16239310     43690.67
       36.09     0.999979     16239310     46811.43
       36.35     0.999980     16239465     50412.31
       36.35     0.999982     16239465     54613.33
       36.35     0.999983     16239465     59578.18
       36.35     0.999985     16239465     65536.00
       36.35     0.999986     16239465     68985.26
       36.35     0.999986     16239465     72817.78
       36.35     0.999987     16239465     77101.18
       36.35     0.999988     16239465     81920.00
       36.35     0.999989     16239465     87381.33
       36.61     0.999989     16239485     93622.86
       36.61     0.999990     16239485    100824.62
       37.38     0.999991     16239525    109226.67
       37.38     0.999992     16239525    119156.36
       37.38     0.999992     16239525    131072.00
       40.19     0.999993     16239620    137970.53
       40.19     0.999993     16239620    145635.56
       40.19     0.999994     16239620    154202.35
       40.19     0.999994     16239620    163840.00
       40.19     0.999994     16239620    174762.67
       40.19     0.999995     16239620    187245.71
       40.19     0.999995     16239620    201649.23
       40.19     0.999995     16239620    218453.33
       40.19     0.999996     16239620    238312.73
       40.19     0.999996     16239620    262144.00
       40.19     0.999996     16239620    275941.05
       40.19     0.999997     16239620    291271.11
       40.19     0.999997     16239620    308404.71
       40.19     0.999997     16239620    327680.00
       40.19     0.999997     16239620    349525.33
       40.19     0.999997     16239620    374491.43
       40.19     0.999998     16239620    403298.46
       40.19     0.999998     16239620    436906.67
       40.19     0.999998     16239620    476625.45
       40.19     0.999998     16239620    524288.00
       40.19     0.999998     16239620    551882.11
       40.19     0.999998     16239620    582542.22
       40.19     0.999998     16239620    616809.41
       40.45     0.999998     16239645    655360.00
       40.45     1.000000     16239645          inf
#[Mean    =        0.589, StdDeviation   =        1.141]
#[Max     =       40.447, Total count    =     16239645]
#[Buckets =           20, SubBuckets     =          256]
