       Value   Percentile   TotalCount 1/(1-Percentile)

        0.20     0.000000            1         1.00
        0.31     0.050000        41129         1.05
        0.32     0.100000        56497         1.11
        0.37     0.150000        82549         1.18
        0.38     0.200000       107463         1.25
        0.40     0.250000       146767         1.33
        0.41     0.300000       166974         1.43
        0.41     0.350000       187135         1.54
        0.43     0.400000       215958         1.67
        0.45     0.450000       239226         1.82
        0.46     0.500000       282239         2.00
        0.46     0.525000       282239         2.11
        0.47     0.550000       310278         2.22
        0.47     0.575000       310278         2.35
        0.48     0.600000       340252         2.50
        0.48     0.625000       340252         2.67
        0.48     0.650000       340252         2.86
        0.49     0.675000       370068         3.08
        0.49     0.700000       370068         3.33
        0.49     0.725000       396548         3.64
        0.49     0.750000       396548         4.00
        0.50     0.762500       416097         4.21
        0.50     0.775000       416097         4.44
        0.50     0.787500       416097         4.71
        0.51     0.800000       428110         5.00
        0.51     0.812500       428110         5.33
        0.52     0.825000       434559         5.71
        0.53     0.837500       438125         6.15
        0.55     0.850000       443573         6.67
        0.63     0.862500       452348         7.27
        0.64     0.875000       457503         8.00
        0.65     0.881250       465784         8.42
        0.65     0.887500       465784         8.89
        0.66     0.893750       476489         9.41
        0.66     0.900000       476489        10.00
        0.66     0.906250       476489        10.67
        0.66     0.912500       476489        11.43
        0.66     0.918750       487855        12.31
        0.66     0.925000       487855        13.33
        0.66     0.931250       487855        14.55
        0.67     0.937500       498197        16.00
        0.67     0.940625       498197        16.84
        0.67     0.943750       498197        17.78
        0.67     0.946875       498197        18.82
        0.67     0.950000       498197        20.00
        0.67     0.953125       498197        21.33
        0.68     0.956250       506089        22.86
        0.68     0.959375       506089        24.62
        0.68     0.962500       506089        26.67
        0.68     0.965625       506089        29.09
        0.68     0.968750       506089        32.00
        0.68     0.970313       506089        33.68
        0.69     0.971875       511340        35.56
        0.69     0.973437       511340        37.65
        0.69     0.975000       511340        40.00
        0.69     0.976562       511340        42.67
        0.69     0.978125       511340        45.71
        0.69     0.979688       511340        49.23
        0.69     0.981250       514377        53.33
        0.69     0.982812       514377        58.18
        0.69     0.984375       514377        64.00
        0.69     0.985156       514377        67.37
        0.69     0.985938       514377        71.11
        0.70     0.986719       516175        75.29
        0.70     0.987500       516175        80.00
        0.70     0.988281       516175        85.33
        0.70     0.989062       516175        91.43
        0.70     0.989844       516175        98.46
        0.71     0.990625       517270       106.67
        0.71     0.991406       517270       116.36
        0.72     0.992188       518033       128.00
        0.72     0.992578       518033       134.74
        0.72     0.992969       518033       142.22
        0.72     0.993359       518033       150.59
        0.73     0.993750       518636       160.00
        0.73     0.994141       518636       170.67
        0.73     0.994531       518636       182.86
        0.73     0.994922       519111       196.92
        0.73     0.995313       519111       213.33
        0.74     0.995703       519519       232.73
        0.74     0.996094       519519       256.00
        0.75     0.996289       519879       269.47
        0.75     0.996484       519879       284.44
        0.75     0.996680       519879       301.18
        0.75     0.996875       519879       320.00
        0.76     0.997070       520172       341.33
        0.76     0.997266       520172       365.71
        0.76     0.997461       520172       393.85
        0.77     0.997656       520402       426.67
        0.77     0.997852       520402       465.45
        0.78     0.998047       520634       512.00
        0.78     0.998145       520634       538.95
        0.78     0.998242       520634       568.89
        0.78     0.998340       520634       602.35
        0.78     0.998437       520824       640.00
        0.78     0.998535       520824       682.67
        0.78     0.998633       520824       731.43
        0.78     0.998730       520824       787.69
        0.79     0.998828       520994       853.33
        0.79     0.998926       520994       930.91
        0.79     0.999023       520994      1024.00
        0.79     0.999072       520994      1077.89
        0.80     0.999121       521110      1137.78
        0.80     0.999170       521110      1204.71
        0.80     0.999219       521110      1280.00
        0.80     0.999268       521110      1365.33
        0.80     0.999316       521110      1462.86
        0.81     0.999365       521197      1575.38
        0.81     0.999414       521197      1706.67
        0.81     0.999463       521197      1861.82
        0.81     0.999512       521257      2048.00
        0.81     0.999536       521257      2155.79
        0.81     0.999561       521257      2275.56
        0.81     0.999585       521257      2409.41
        0.82     0.999609       521291      2560.00
        0.82     0.999634       521291      2730.67
        0.82     0.999658       521291      2925.71
        0.83     0.999683       521311      3150.77
        0.83     0.999707       521311      3413.33
        0.84     0.999731       521327      3723.64
        0.85     0.999756       521336      4096.00
        0.86     0.999768       521344      4311.58
        0.87     0.999780       521349      4551.11
        0.89     0.999792       521354      4818.82
        0.91     0.999805       521364      5120.00
        0.92     0.999817       521368      5461.33
        0.94     0.999829       521375      5851.43
        0.96     0.999841       521380      6301.54
        0.97     0.999854       521386      6826.67
        1.00     0.999866       521392      7447.27
        1.05     0.999878       521399      8192.00
        1.09     0.999884       521403      8623.16
        1.12     0.999890       521405      9102.22
        1.57     0.999896       521408      9637.65
        1.75     0.999902       521412     10240.00
        2.53     0.999908       521416     10922.67
        2.54     0.999915       521418     11702.86
        2.59     0.999921       521421     12603.08
        2.62     0.999927       521427     13653.33
        2.62     0.999933       521427     14894.55
        2.69     0.999939       521431     16384.00
        2.72     0.999942       521432     17246.32
        2.77     0.999945       521435     18204.44
        2.77     0.999948       521435     19275.29
        2.85     0.999951       521437     20480.00
        3.04     0.999954       521439     21845.33
        3.06     0.999957       521440     23405.71
        3.10     0.999960       521442     25206.15
        3.23     0.999963       521444     27306.67
        3.26     0.999966       521446     29789.09
        3.28     0.999969       521447     32768.00
        3.28     0.999971       521447     34492.63
        3.49     0.999973       521448     36408.89
        3.50     0.999974       521449     38550.59
        3.55     0.999976       521450     40960.00
        3.90     0.999977       521451     43690.67
        3.90     0.999979       521451     46811.43
        3.94     0.999980       521453     50412.31
        3.94     0.999982       521453     54613.33
        3.95     0.999983       521455     59578.18
        3.95     0.999985       521455     65536.00
        3.95     0.999986       521455     68985.26
        3.95     0.999986       521455     72817.78
        3.98     0.999987       521456     77101.18
        3.98     0.999988       521456     81920.00
        4.08     0.999989       521458     87381.33
        4.08     0.999989       521458     93622.86
        4.08     0.999990       521458    100824.62
        4.08     0.999991       521458    109226.67
        4.08     0.999992       521458    119156.36
        4.13     0.999992       521460    131072.00
        4.13     0.999993       521460    137970.53
        4.13     0.999993       521460    145635.56
        4.13     0.999994       521460    154202.35
        4.13     0.999994       521460    163840.00
        4.13     0.999994       521460    174762.67
        4.13     0.999995       521460    187245.71
        4.13     0.999995       521460    201649.23
        4.13     0.999995       521460    218453.33
        4.13     0.999996       521460    238312.73
        4.25     0.999996       521461    262144.00
        4.25     0.999996       521461    275941.05
        4.25     0.999997       521461    291271.11
        4.25     0.999997       521461    308404.71
        4.25     0.999997       521461    327680.00
        4.25     0.999997       521461    349525.33
        4.25     0.999997       521461    374491.43
        4.25     0.999998       521461    403298.46
        4.25     0.999998       521461    436906.67
        4.25     0.999998       521461    476625.45
        4.35     0.999998       521462    524288.00
        4.35     1.000000       521462          inf
#[Mean    =        0.460, StdDeviation   =        0.108]
#[Max     =        4.351, Total count    =       521462]
#[Buckets =           20, SubBuckets     =          256]
