       Value   Percentile   TotalCount 1/(1-Percentile)

        0.11     0.000000           20         1.00
        0.27     0.050000       418355         1.05
        0.35     0.100000       787155         1.11
        0.86     0.150000      1170550         1.18
        1.02     0.200000      1557275         1.25
        1.09     0.250000      2001920         1.33
        1.12     0.300000      2307180         1.43
        1.14     0.350000      2715165         1.54
        1.16     0.400000      3080480         1.67
        1.18     0.450000      3529430         1.82
        1.19     0.500000      4026180         2.00
        1.20     0.525000      4272450         2.11
        1.20     0.550000      4272450         2.22
        1.21     0.575000      4504110         2.35
        1.22     0.600000      4719095         2.50
        1.22     0.625000      4915170         2.67
        1.23     0.650000      5090400         2.86
        1.24     0.675000      5245255         3.08
        1.25     0.700000      5385325         3.33
        1.26     0.725000      5626015         3.64
        1.28     0.750000      5826045         4.00
        1.29     0.762500      5912180         4.21
        1.29     0.775000      5988605         4.44
        1.30     0.787500      6056945         4.71
        1.32     0.800000      6169290         5.00
        1.33     0.812500      6258990         5.33
        1.36     0.825000      6355210         5.71
        1.39     0.837500      6446090         6.15
        1.43     0.850000      6538105         6.67
        1.48     0.862500      6646900         7.27
        1.52     0.875000      6736060         8.00
        1.54     0.881250      6785990         8.42
        1.57     0.887500      6836970         8.89
        1.59     0.893750      6886150         9.41
        1.61     0.900000      6933765        10.00
        1.63     0.906250      6966615        10.67
        1.66     0.912500      7030420        11.43
        1.68     0.918750      7063520        12.31
        1.70     0.925000      7113340        13.33
        1.73     0.931250      7163010        14.55
        1.75     0.937500      7210240        16.00
        1.77     0.940625      7242135        16.84
        1.77     0.943750      7257565        17.78
        1.79     0.946875      7289155        18.82
        1.80     0.950000      7304395        20.00
        1.81     0.953125      7334205        21.33
        1.83     0.956250      7362890        22.86
        1.84     0.959375      7376605        24.62
        1.85     0.962500      7403575        26.67
        1.87     0.965625      7429595        29.09
        1.89     0.968750      7451730        32.00
        1.90     0.970313      7462225        33.68
        1.90     0.971875      7471715        35.56
        1.92     0.973437      7488970        37.65
        1.93     0.975000      7496585        40.00
        1.94     0.976562      7510105        42.67
        1.96     0.978125      7521235        45.71
        1.98     0.979688      7533880        49.23
        2.01     0.981250      7543160        53.33
        2.06     0.982812      7555370        58.18
        2.17     0.984375      7567990        64.00
        2.24     0.985156      7573200        67.37
        2.33     0.985938      7579485        71.11
        2.45     0.986719      7585815        75.29
        2.54     0.987500      7591395        80.00
        2.67     0.988281      7597865        85.33
        2.85     0.989062      7603360        91.43
        3.20     0.989844      7609345        98.46
        3.62     0.990625      7615200       106.67
        4.19     0.991406      7621305       116.36
        5.02     0.992188      7627425       128.00
        5.50     0.992578      7630400       134.74
        5.89     0.992969      7633310       142.22
        6.50     0.993359      7636370       150.59
        6.97     0.993750      7639260       160.00
        7.49     0.994141      7642365       170.67
        7.87     0.994531      7645345       182.86
        8.26     0.994922      7648225       196.92
        8.70     0.995313      7651325       213.33
        9.34     0.995703      7654280       232.73
       10.05     0.996094      7657330       256.00
       10.81     0.996289      7658805       269.47
       12.41     0.996484      7660240       284.44
       14.14     0.996680      7661765       301.18
       16.13     0.996875      7663330       320.00
       16.64     0.997070      7664740       341.33
       17.54     0.997266      7666345       365.71
       18.56     0.997461      7667765       393.85
       20.35     0.997656      7670060       426.67
       20.73     0.997852      7670990       465.45
       21.63     0.998047      7672370       512.00
       22.40     0.998145      7673045       538.95
       23.81     0.998242      7673830       568.89
       24.32     0.998340      7678020       602.35
       24.32     0.998437      7678020       640.00
       24.32     0.998535      7678020       682.67
       24.32     0.998633      7678020       731.43
       24.32     0.998730      7678020       787.69
       24.45     0.998828      7681030       853.33
       24.45     0.998926      7681030       930.91
       24.45     0.999023      7681030      1024.00
       24.45     0.999072      7681030      1077.89
       24.45     0.999121      7681030      1137.78
       24.45     0.999170      7681030      1204.71
       24.57     0.999219      7681405      1280.00
       24.83     0.999268      7682015      1365.33
       24.83     0.999316      7682015      1462.86
       25.09     0.999365      7682490      1575.38
       25.34     0.999414      7682760      1706.67
       25.98     0.999463      7683200      1861.82
       26.75     0.999512      7683510      2048.00
       27.26     0.999536      7683695      2155.79
       28.03     0.999561      7683890      2275.56
       28.29     0.999585      7684520      2409.41
       28.29     0.999609      7684520      2560.00
       28.29     0.999634      7684520      2730.67
       28.41     0.999658      7685465      2925.71
       28.41     0.999683      7685465      3150.77
       28.41     0.999707      7685465      3413.33
       28.41     0.999731      7685465      3723.64
       28.41     0.999756      7685465      4096.00
       28.54     0.999768      7685560      4311.58
       28.67     0.999780      7685590      4551.11
       28.80     0.999792      7685805      4818.82
       28.80     0.999805      7685805      5120.00
       28.93     0.999817      7685900      5461.33
       29.82     0.999829      7685955      5851.43
       30.21     0.999841      7686075      6301.54
       31.49     0.999854      7686135      6826.67
       32.26     0.999866      7686325      7447.27
       32.26     0.999878      7686325      8192.00
       32.38     0.999884      7686615      8623.16
       32.38     0.999890      7686615      9102.22
       32.38     0.999896      7686615      9637.65
       32.38     0.999902      7686615     10240.00
       32.38     0.999908      7686615     10922.67
       32.38     0.999915      7686615     11702.86
       32.51     0.999921      7686790     12603.08
       32.51     0.999927      7686790     13653.33
       32.51     0.999933      7686790     14894.55
       32.64     0.999939      7686850     16384.00
       32.64     0.999942      7686850     17246.32
       32.64     0.999945      7686850     18204.44
       32.77     0.999948      7686890     19275.29
       32.77     0.999951      7686890     20480.00
       33.02     0.999954      7686940     21845.33
       33.02     0.999957      7686940     23405.71
       33.53     0.999960      7686975     25206.15
       34.05     0.999963      7686980     27306.67
       34.30     0.999966      7687015     29789.09
       36.35     0.999969      7687090     32768.00
       36.35     0.999971      7687090     34492.63
       36.35     0.999973      7687090     36408.89
       36.35     0.999974      7687090     38550.59
       36.35     0.999976      7687090     40960.00
       36.35     0.999977      7687090     43690.67
       36.61     0.999979      7687140     46811.43
       36.61     0.999980      7687140     50412.31
       36.61     0.999982      7687140     54613.33
       36.61     0.999983      7687140     59578.18
       40.19     0.999985      7687145     65536.00
       40.45     0.999986      7687260     68985.26
       40.45     1.000000      7687260          inf
#[Mean    =        1.243, StdDeviation   =        1.408]
#[Max     =       40.447, Total count    =      7687260]
#[Buckets =           20, SubBuckets     =          256]
