       Value   Percentile   TotalCount 1/(1-Percentile)

        0.03     0.000000           37         1.00
        0.06     0.050000        25959         1.05
        0.06     0.100000        89086         1.11
        0.06     0.150000        89086         1.18
        0.06     0.200000        89086         1.25
        0.07     0.250000       180407         1.33
        0.07     0.300000       180407         1.43
        0.07     0.350000       180407         1.54
        0.07     0.400000       180407         1.67
        0.08     0.450000       268463         1.82
        0.08     0.500000       268463         2.00
        0.08     0.525000       268463         2.11
        0.08     0.550000       268463         2.22
        0.08     0.575000       268463         2.35
        0.08     0.600000       268463         2.50
        0.09     0.625000       332189         2.67
        0.09     0.650000       332189         2.86
        0.09     0.675000       332189         3.08
        0.09     0.700000       332189         3.33
        0.09     0.725000       332189         3.64
        0.10     0.750000       370692         4.00
        0.10     0.762500       370692         4.21
        0.10     0.775000       370692         4.44
        0.10     0.787500       370692         4.71
        0.10     0.800000       370692         5.00
        0.10     0.812500       370692         5.33
        0.10     0.825000       370692         5.71
        0.10     0.837500       394776         6.15
        0.10     0.850000       394776         6.67
        0.10     0.862500       394776         7.27
        0.10     0.875000       394776         8.00
        0.10     0.881250       394776         8.42
        0.10     0.887500       394776         8.89
        0.11     0.893750       413853         9.41
        0.11     0.900000       413853        10.00
        0.11     0.906250       413853        10.67
        0.11     0.912500       413853        11.43
        0.11     0.918750       413853        12.31
        0.11     0.925000       413853        13.33
        0.11     0.931250       413853        14.55
        0.12     0.937500       428178        16.00
        0.12     0.940625       428178        16.84
        0.12     0.943750       428178        17.78
        0.12     0.946875       428178        18.82
        0.12     0.950000       428178        20.00
        0.12     0.953125       428178        21.33
        0.12     0.956250       428178        22.86
        0.12     0.959375       428178        24.62
        0.12     0.962500       428178        26.67
        0.13     0.965625       436547        29.09
        0.13     0.968750       436547        32.00
        0.13     0.970313       436547        33.68
        0.13     0.971875       436547        35.56
        0.13     0.973437       436547        37.65
        0.13     0.975000       436547        40.00
        0.13     0.976562       436547        42.67
        0.13     0.978125       436547        45.71
        0.13     0.979688       436547        49.23
        0.13     0.981250       436547        53.33
        0.13     0.982812       436547        58.18
        0.14     0.984375       440124        64.00
        0.14     0.985156       440124        67.37
        0.14     0.985938       440124        71.11
        0.14     0.986719       440124        75.29
        0.14     0.987500       440124        80.00
        0.14     0.988281       440124        85.33
        0.14     0.989062       440124        91.43
        0.14     0.989844       440124        98.46
        0.14     0.990625       440124       106.67
        0.14     0.991406       440124       116.36
        0.14     0.992188       441639       128.00
        0.14     0.992578       441639       134.74
        0.14     0.992969       441639       142.22
        0.14     0.993359       441639       150.59
        0.14     0.993750       441639       160.00
        0.14     0.994141       441639       170.67
        0.14     0.994531       441639       182.86
        0.14     0.994922       441639       196.92
        0.14     0.995313       441639       213.33
        0.15     0.995703       442293       232.73
        0.15     0.996094       442293       256.00
        0.15     0.996289       442293       269.47
        0.15     0.996484       442293       284.44
        0.15     0.996680       442293       301.18
        0.15     0.996875       442293       320.00
        0.16     0.997070       442669       341.33
        0.16     0.997266       442669       365.71
        0.16     0.997461       442669       393.85
        0.16     0.997656       442669       426.67
        0.17     0.997852       442853       465.45
        0.17     0.998047       442853       512.00
        0.17     0.998145       442853       538.95
        0.17     0.998242       442956       568.89
        0.17     0.998340       442956       602.35
        0.18     0.998437       443012       640.00
        0.18     0.998535       443012       682.67
        0.20     0.998633       443063       731.43
        0.22     0.998730       443100       787.69
        1.57     0.998828       443142       853.33
        4.42     0.998926       443186       930.91
        4.48     0.999023       443238      1024.00
        4.51     0.999072       443290      1077.89
        4.51     0.999121       443290      1137.78
        4.54     0.999170       443359      1204.71
        4.54     0.999219       443359      1280.00
        4.54     0.999268       443359      1365.33
        4.54     0.999316       443359      1462.86
        4.58     0.999365       443442      1575.38
        4.58     0.999414       443442      1706.67
        4.58     0.999463       443442      1861.82
        4.61     0.999512       443520      2048.00
        4.61     0.999536       443520      2155.79
        4.61     0.999561       443520      2275.56
        4.61     0.999585       443520      2409.41
        4.61     0.999609       443520      2560.00
        4.61     0.999634       443520      2730.67
        4.61     0.999658       443520      2925.71
        4.61     0.999683       443520      3150.77
        4.64     0.999707       443568      3413.33
        4.64     0.999731       443568      3723.64
        4.64     0.999756       443568      4096.00
        4.64     0.999768       443568      4311.58
        4.64     0.999780       443568      4551.11
        4.64     0.999792       443568      4818.82
        4.67     0.999805       443613      5120.00
        4.67     0.999817       443613      5461.33
        4.67     0.999829       443613      5851.43
        4.67     0.999841       443613      6301.54
        4.67     0.999854       443613      6826.67
        4.67     0.999866       443613      7447.27
        4.67     0.999878       443613      8192.00
        4.67     0.999884       443613      8623.16
        4.67     0.999890       443613      9102.22
        4.70     0.999896       443631      9637.65
        4.70     0.999902       443631     10240.00
        4.70     0.999908       443631     10922.67
        4.70     0.999915       443631     11702.86
        4.70     0.999921       443631     12603.08
        4.70     0.999927       443631     13653.33
        4.70     0.999933       443631     14894.55
        4.74     0.999939       443637     16384.00
        4.74     0.999942       443637     17246.32
        4.74     0.999945       443637     18204.44
        4.74     0.999948       443637     19275.29
        4.77     0.999951       443643     20480.00
        4.77     0.999954       443643     21845.33
        4.77     0.999957       443643     23405.71
        4.77     0.999960       443643     25206.15
        4.80     0.999963       443652     27306.67
        4.80     0.999966       443652     29789.09
        4.80     0.999969       443652     32768.00
        4.80     0.999971       443652     34492.63
        4.80     0.999973       443652     36408.89
        4.80     0.999974       443652     38550.59
        4.80     0.999976       443652     40960.00
        4.80     0.999977       443652     43690.67
        4.80     0.999979       443652     46811.43
        4.80     0.999980       443652     50412.31
        4.80     0.999982       443652     54613.33
        4.83     0.999983       443653     59578.18
        4.86     0.999985       443654     65536.00
        4.86     0.999986       443654     68985.26
        4.86     0.999986       443654     72817.78
        5.05     0.999987       443655     77101.18
        5.05     0.999988       443655     81920.00
        5.05     0.999989       443655     87381.33
        5.82     0.999989       443656     93622.86
        5.82     0.999990       443656    100824.62
        5.82     0.999991       443656    109226.67
        5.86     0.999992       443657    119156.36
        5.86     0.999992       443657    131072.00
        5.86     0.999993       443657    137970.53
        5.86     0.999993       443657    145635.56
        6.30     0.999994       443658    154202.35
        6.30     0.999994       443658    163840.00
        6.30     0.999994       443658    174762.67
        6.30     0.999995       443658    187245.71
        6.30     0.999995       443658    201649.23
        6.30     0.999995       443658    218453.33
        7.52     0.999996       443659    238312.73
        7.52     0.999996       443659    262144.00
        7.52     0.999996       443659    275941.05
        7.52     0.999997       443659    291271.11
        7.52     0.999997       443659    308404.71
        7.52     0.999997       443659    327680.00
        7.52     0.999997       443659    349525.33
        7.52     0.999997       443659    374491.43
        7.52     0.999998       443659    403298.46
        7.52     0.999998       443659    436906.67
        7.65     0.999998       443660    476625.45
        7.65     1.000000       443660          inf
#[Mean    =        0.084, StdDeviation   =        0.152]
#[Max     =        7.647, Total count    =       443660]
#[Buckets =           20, SubBuckets     =          256]
