       Value   Percentile   TotalCount 1/(1-Percentile)

        0.26     0.000000            1         1.00
        0.46     0.050000        21657         1.05
        0.48     0.100000        35714         1.11
        0.53     0.150000        54206         1.18
        0.57     0.200000        77379         1.25
        0.58     0.250000        95969         1.33
        0.60     0.300000       117398         1.43
        0.61     0.350000       127527         1.54
        0.62     0.400000       144145         1.67
        0.65     0.450000       161575         1.82
        0.67     0.500000       180702         2.00
        0.68     0.525000       189098         2.11
        0.69     0.550000       198302         2.22
        0.69     0.575000       208449         2.35
        0.70     0.600000       219151         2.50
        0.71     0.625000       230142         2.67
        0.72     0.650000       241123         2.86
        0.72     0.675000       241123         3.08
        0.73     0.700000       251713         3.33
        0.73     0.725000       261922         3.64
        0.74     0.750000       271084         4.00
        0.75     0.762500       279064         4.21
        0.75     0.775000       279064         4.44
        0.76     0.787500       285563         4.71
        0.76     0.800000       285563         5.00
        0.77     0.812500       290770         5.33
        0.78     0.825000       294791         5.71
        0.79     0.837500       299954         6.15
        0.81     0.850000       302661         6.67
        0.87     0.862500       307372         7.27
        0.90     0.875000       312213         8.00
        0.91     0.881250       314397         8.42
        0.92     0.887500       316966         8.89
        0.93     0.893750       320063         9.41
        0.94     0.900000       323517        10.00
        0.94     0.906250       323517        10.67
        0.94     0.912500       327218        11.43
        0.94     0.918750       327218        12.31
        0.95     0.925000       331134        13.33
        0.96     0.931250       335213        14.55
        0.96     0.937500       335213        16.00
        0.96     0.940625       335213        16.84
        0.97     0.943750       339008        17.78
        0.97     0.946875       339008        18.82
        0.97     0.950000       339008        20.00
        0.97     0.953125       339008        21.33
        0.97     0.956250       342664        22.86
        0.97     0.959375       342664        24.62
        0.97     0.962500       342664        26.67
        0.98     0.965625       345831        29.09
        0.98     0.968750       345831        32.00
        0.98     0.970313       345831        33.68
        0.98     0.971875       345831        35.56
        0.99     0.973437       348457        37.65
        0.99     0.975000       348457        40.00
        0.99     0.976562       348457        42.67
        0.99     0.978125       348457        45.71
        0.99     0.979688       348457        49.23
        1.00     0.981250       350502        53.33
        1.00     0.982812       350502        58.18
        1.00     0.984375       350502        64.00
        1.00     0.985156       350502        67.37
        1.01     0.985938       352022        71.11
        1.01     0.986719       352022        75.29
        1.01     0.987500       352022        80.00
        1.01     0.988281       352022        85.33
        1.01     0.989062       352022        91.43
        1.01     0.989844       353183        98.46
        1.01     0.990625       353183       106.67
        1.01     0.991406       353183       116.36
        1.01     0.992188       353183       128.00
        1.01     0.992578       353183       134.74
        1.01     0.992969       353183       142.22
        1.02     0.993359       353975       150.59
        1.02     0.993750       353975       160.00
        1.02     0.994141       353975       170.67
        1.02     0.994531       353975       182.86
        1.02     0.994922       353975       196.92
        1.03     0.995313       354510       213.33
        1.03     0.995703       354510       232.73
        1.03     0.996094       354510       256.00
        1.03     0.996289       354510       269.47
        1.03     0.996484       354510       284.44
        1.03     0.996680       354510       301.18
        1.04     0.996875       354854       320.00
        1.04     0.997070       354854       341.33
        1.04     0.997266       354854       365.71
        1.04     0.997461       354854       393.85
        1.04     0.997656       354854       426.67
        1.05     0.997852       355089       465.45
        1.05     0.998047       355089       512.00
        1.05     0.998145       355089       538.95
        1.05     0.998242       355089       568.89
        1.05     0.998340       355089       602.35
        1.05     0.998437       355250       640.00
        1.05     0.998535       355250       682.67
        1.05     0.998633       355250       731.43
        1.05     0.998730       355250       787.69
        1.05     0.998828       355250       853.33
        1.06     0.998926       355348       930.91
        1.06     0.999023       355348      1024.00
        1.06     0.999072       355348      1077.89
        1.06     0.999121       355348      1137.78
        1.07     0.999170       355413      1204.71
        1.07     0.999219       355413      1280.00
        1.07     0.999268       355413      1365.33
        1.08     0.999316       355451      1462.86
        1.08     0.999365       355451      1575.38
        1.08     0.999414       355451      1706.67
        1.09     0.999463       355478      1861.82
        1.09     0.999512       355497      2048.00
        1.09     0.999536       355497      2155.79
        1.10     0.999561       355514      2275.56
        1.10     0.999585       355514      2409.41
        1.11     0.999609       355527      2560.00
        1.12     0.999634       355531      2730.67
        1.13     0.999658       355547      2925.71
        1.13     0.999683       355547      3150.77
        1.14     0.999707       355559      3413.33
        1.15     0.999731       355564      3723.64
        1.17     0.999756       355576      4096.00
        1.18     0.999768       355581      4311.58
        1.18     0.999780       355581      4551.11
        1.19     0.999792       355587      4818.82
        1.20     0.999805       355592      5120.00
        1.21     0.999817       355597      5461.33
        1.22     0.999829       355600      5851.43
        1.23     0.999841       355604      6301.54
        1.25     0.999854       355609      6826.67
        1.26     0.999866       355612      7447.27
        1.29     0.999878       355617      8192.00
        1.29     0.999884       355618      8623.16
        1.30     0.999890       355620      9102.22
        1.33     0.999896       355623      9637.65
        1.35     0.999902       355625     10240.00
        1.37     0.999908       355628     10922.67
        1.38     0.999915       355629     11702.86
        1.41     0.999921       355631     12603.08
        1.43     0.999927       355634     13653.33
        1.44     0.999933       355636     14894.55
        1.46     0.999939       355639     16384.00
        1.46     0.999942       355639     17246.32
        1.46     0.999945       355640     18204.44
        1.48     0.999948       355641     19275.29
        1.50     0.999951       355643     20480.00
        1.50     0.999954       355643     21845.33
        1.50     0.999957       355645     23405.71
        1.50     0.999960       355645     25206.15
        1.53     0.999963       355646     27306.67
        1.55     0.999966       355648     29789.09
        1.57     0.999969       355650     32768.00
        1.57     0.999971       355650     34492.63
        1.57     0.999973       355650     36408.89
        1.57     0.999974       355650     38550.59
        1.58     0.999976       355651     40960.00
        1.58     0.999977       355651     43690.67
        1.59     0.999979       355652     46811.43
        1.59     0.999980       355652     50412.31
        1.61     0.999982       355653     54613.33
        1.62     0.999983       355654     59578.18
        1.62     0.999985       355654     65536.00
        1.62     0.999986       355654     68985.26
        1.65     0.999986       355655     72817.78
        1.65     0.999987       355655     77101.18
        1.65     0.999988       355655     81920.00
        1.65     0.999989       355655     87381.33
        1.68     0.999989       355656     93622.86
        1.68     0.999990       355656    100824.62
        1.68     0.999991       355656    109226.67
        1.70     0.999992       355657    119156.36
        1.70     0.999992       355657    131072.00
        1.70     0.999993       355657    137970.53
        1.70     0.999993       355657    145635.56
        1.70     0.999994       355657    154202.35
        1.70     0.999994       355657    163840.00
        1.70     0.999994       355657    174762.67
        1.78     0.999995       355658    187245.71
        1.78     0.999995       355658    201649.23
        1.78     0.999995       355658    218453.33
        1.78     0.999996       355658    238312.73
        1.78     0.999996       355658    262144.00
        1.78     0.999996       355658    275941.05
        1.78     0.999997       355658    291271.11
        1.78     0.999997       355658    308404.71
        1.78     0.999997       355658    327680.00
        1.78     0.999997       355658    349525.33
        2.06     0.999997       355659    374491.43
        2.06     1.000000       355659          inf
#[Mean    =        0.674, StdDeviation   =        0.146]
#[Max     =        2.063, Total count    =       355659]
#[Buckets =           20, SubBuckets     =          256]
