       Value   Percentile   TotalCount 1/(1-Percentile)

        0.22     0.000000            1         1.00
        0.59     0.050000        21362         1.05
        0.61     0.100000        40081         1.11
        0.63     0.150000        59279         1.18
        0.64     0.200000        71237         1.25
        0.66     0.250000        99337         1.33
        0.66     0.300000       115307         1.43
        0.67     0.350000       132597         1.54
        0.68     0.400000       150779         1.67
        0.69     0.450000       169125         1.82
        0.69     0.500000       187701         2.00
        0.69     0.525000       187701         2.11
        0.70     0.550000       205899         2.22
        0.70     0.575000       205899         2.35
        0.71     0.600000       223296         2.50
        0.71     0.625000       223296         2.67
        0.72     0.650000       239455         2.86
        0.72     0.675000       239455         3.08
        0.73     0.700000       254116         3.33
        0.73     0.725000       254116         3.64
        0.73     0.750000       267578         4.00
        0.73     0.762500       267578         4.21
        0.74     0.775000       279551         4.44
        0.74     0.787500       279551         4.71
        0.74     0.800000       279551         5.00
        0.75     0.812500       290100         5.33
        0.75     0.825000       290100         5.71
        0.76     0.837500       299291         6.15
        0.76     0.850000       299291         6.67
        0.77     0.862500       307282         7.27
        0.77     0.875000       307282         8.00
        0.77     0.881250       307282         8.42
        0.78     0.887500       314035         8.89
        0.78     0.893750       314035         9.41
        0.78     0.900000       314035        10.00
        0.78     0.906250       319711        10.67
        0.78     0.912500       319711        11.43
        0.78     0.918750       319711        12.31
        0.79     0.925000       324540        13.33
        0.79     0.931250       324540        14.55
        0.80     0.937500       328641        16.00
        0.80     0.940625       328641        16.84
        0.80     0.943750       328641        17.78
        0.80     0.946875       328641        18.82
        0.81     0.950000       331955        20.00
        0.81     0.953125       331955        21.33
        0.81     0.956250       331955        22.86
        0.81     0.959375       334827        24.62
        0.81     0.962500       334827        26.67
        0.82     0.965625       337078        29.09
        0.82     0.968750       337078        32.00
        0.82     0.970313       337078        33.68
        0.83     0.971875       338848        35.56
        0.83     0.973437       338848        37.65
        0.83     0.975000       338848        40.00
        0.84     0.976562       340369        42.67
        0.84     0.978125       340369        45.71
        0.84     0.979688       340369        49.23
        0.85     0.981250       341676        53.33
        0.85     0.982812       341676        58.18
        0.85     0.984375       341676        64.00
        0.85     0.985156       342713        67.37
        0.85     0.985938       342713        71.11
        0.85     0.986719       342713        75.29
        0.85     0.987500       342713        80.00
        0.86     0.988281       343518        85.33
        0.86     0.989062       343518        91.43
        0.87     0.989844       344191        98.46
        0.87     0.990625       344191       106.67
        0.87     0.991406       344191       116.36
        0.88     0.992188       344777       128.00
        0.88     0.992578       344777       134.74
        0.88     0.992969       344777       142.22
        0.88     0.993359       344777       150.59
        0.89     0.993750       345259       160.00
        0.89     0.994141       345259       170.67
        0.89     0.994531       345259       182.86
        0.90     0.994922       345606       196.92
        0.90     0.995313       345606       213.33
        0.90     0.995703       345606       232.73
        0.90     0.996094       345875       256.00
        0.90     0.996289       345875       269.47
        0.90     0.996484       345875       284.44
        0.91     0.996680       346093       301.18
        0.91     0.996875       346093       320.00
        0.91     0.997070       346093       341.33
        0.92     0.997266       346265       365.71
        0.92     0.997461       346265       393.85
        0.92     0.997656       346265       426.67
        0.93     0.997852       346396       465.45
        0.93     0.998047       346396       512.00
        0.94     0.998145       346484       538.95
        0.94     0.998242       346484       568.89
        0.94     0.998340       346484       602.35
        0.94     0.998437       346560       640.00
        0.94     0.998535       346560       682.67
        0.95     0.998633       346620       731.43
        0.95     0.998730       346620       787.69
        0.96     0.998828       346671       853.33
        0.97     0.998926       346705       930.91
        0.97     0.999023       346743      1024.00
        0.97     0.999072       346743      1077.89
        0.98     0.999121       346767      1137.78
        0.98     0.999170       346767      1204.71
        0.99     0.999219       346791      1280.00
        1.00     0.999268       346812      1365.33
        1.00     0.999316       346812      1462.86
        1.01     0.999365       346844      1575.38
        1.02     0.999414       346851      1706.67
        1.04     0.999463       346868      1861.82
        1.05     0.999512       346882      2048.00
        1.07     0.999536       346894      2155.79
        1.08     0.999561       346902      2275.56
        1.09     0.999585       346908      2409.41
        1.10     0.999609       346919      2560.00
        1.11     0.999634       346925      2730.67
        1.12     0.999658       346935      2925.71
        1.14     0.999683       346944      3150.77
        1.14     0.999707       346951      3413.33
        1.15     0.999731       346957      3723.64
        1.17     0.999756       346966      4096.00
        1.18     0.999768       346974      4311.58
        1.18     0.999780       346974      4551.11
        1.18     0.999792       346979      4818.82
        1.19     0.999805       346988      5120.00
        1.19     0.999817       346988      5461.33
        1.20     0.999829       346992      5851.43
        1.21     0.999841       346996      6301.54
        1.22     0.999854       346999      6826.67
        1.23     0.999866       347003      7447.27
        1.25     0.999878       347008      8192.00
        1.25     0.999884       347009      8623.16
        1.26     0.999890       347011      9102.22
        1.28     0.999896       347014      9637.65
        1.29     0.999902       347017     10240.00
        1.30     0.999908       347019     10922.67
        1.31     0.999915       347020     11702.86
        1.33     0.999921       347022     12603.08
        1.42     0.999927       347024     13653.33
        2.45     0.999933       347026     14894.55
        3.26     0.999939       347029     16384.00
        3.26     0.999942       347029     17246.32
        3.38     0.999945       347030     18204.44
        3.60     0.999948       347031     19275.29
        3.81     0.999951       347033     20480.00
        3.87     0.999954       347034     21845.33
        3.89     0.999957       347035     23405.71
        4.03     0.999960       347036     25206.15
        4.05     0.999963       347037     27306.67
        4.06     0.999966       347038     29789.09
        4.16     0.999969       347039     32768.00
        4.16     0.999971       347039     34492.63
        4.38     0.999973       347040     36408.89
        4.38     0.999974       347040     38550.59
        4.54     0.999976       347041     40960.00
        4.61     0.999977       347042     43690.67
        4.61     0.999979       347042     46811.43
        4.67     0.999980       347044     50412.31
        4.67     0.999982       347044     54613.33
        4.67     0.999983       347044     59578.18
        4.67     0.999985       347044     65536.00
        4.67     0.999986       347044     68985.26
        4.70     0.999986       347045     72817.78
        4.70     0.999987       347045     77101.18
        4.70     0.999988       347045     81920.00
        4.74     0.999989       347046     87381.33
        4.74     0.999989       347046     93622.86
        4.74     0.999990       347046    100824.62
        4.74     0.999991       347046    109226.67
        4.80     0.999992       347047    119156.36
        4.80     0.999992       347047    131072.00
        4.80     0.999993       347047    137970.53
        4.80     0.999993       347047    145635.56
        4.80     0.999994       347047    154202.35
        4.80     0.999994       347047    163840.00
        4.96     0.999994       347048    174762.67
        4.96     0.999995       347048    187245.71
        4.96     0.999995       347048    201649.23
        4.96     0.999995       347048    218453.33
        4.96     0.999996       347048    238312.73
        4.96     0.999996       347048    262144.00
        4.96     0.999996       347048    275941.05
        4.96     0.999997       347048    291271.11
        4.96     0.999997       347048    308404.71
        4.96     0.999997       347048    327680.00
        4.99     0.999997       347049    349525.33
        4.99     1.000000       347049          inf
#[Mean    =        0.691, StdDeviation   =        0.075]
#[Max     =        4.991, Total count    =       347049]
#[Buckets =           20, SubBuckets     =          256]
