       Value   Percentile   TotalCount 1/(1-Percentile)

        0.15     0.000000            1         1.00
        0.23     0.050000        48976         1.05
        0.24     0.100000        72595         1.11
        0.26     0.150000       107410         1.18
        0.29     0.200000       146282         1.25
        0.29     0.250000       172725         1.33
        0.31     0.300000       236579         1.43
        0.32     0.350000       269407         1.54
        0.33     0.400000       291566         1.67
        0.34     0.450000       330238         1.82
        0.35     0.500000       369766         2.00
        0.35     0.525000       369766         2.11
        0.36     0.550000       415605         2.22
        0.36     0.575000       415605         2.35
        0.36     0.600000       415605         2.50
        0.37     0.625000       457571         2.67
        0.37     0.650000       457571         2.86
        0.38     0.675000       495459         3.08
        0.38     0.700000       495459         3.33
        0.38     0.725000       530213         3.64
        0.38     0.750000       530213         4.00
        0.38     0.762500       530213         4.21
        0.39     0.775000       554789         4.44
        0.39     0.787500       554789         4.71
        0.39     0.800000       554789         5.00
        0.40     0.812500       568618         5.33
        0.40     0.825000       568618         5.71
        0.41     0.837500       576438         6.15
        0.42     0.850000       584430         6.67
        0.46     0.862500       594378         7.27
        0.49     0.875000       605844         8.00
        0.49     0.881250       615373         8.42
        0.49     0.887500       615373         8.89
        0.49     0.893750       615373         9.41
        0.50     0.900000       630665        10.00
        0.50     0.906250       630665        10.67
        0.50     0.912500       630665        11.43
        0.51     0.918750       649079        12.31
        0.51     0.925000       649079        13.33
        0.51     0.931250       649079        14.55
        0.51     0.937500       649079        16.00
        0.51     0.940625       649079        16.84
        0.51     0.943750       649079        17.78
        0.52     0.946875       665309        18.82
        0.52     0.950000       665309        20.00
        0.52     0.953125       665309        21.33
        0.52     0.956250       665309        22.86
        0.52     0.959375       665309        24.62
        0.52     0.962500       665309        26.67
        0.52     0.965625       665309        29.09
        0.53     0.968750       675393        32.00
        0.53     0.970313       675393        33.68
        0.53     0.971875       675393        35.56
        0.53     0.973437       675393        37.65
        0.53     0.975000       675393        40.00
        0.53     0.976562       675393        42.67
        0.53     0.978125       675393        45.71
        0.53     0.979688       675393        49.23
        0.53     0.981250       675393        53.33
        0.54     0.982812       680123        58.18
        0.54     0.984375       680123        64.00
        0.54     0.985156       680123        67.37
        0.54     0.985938       680123        71.11
        0.54     0.986719       680123        75.29
        0.54     0.987500       680123        80.00
        0.54     0.988281       680123        85.33
        0.54     0.989062       680123        91.43
        0.54     0.989844       682300        98.46
        0.54     0.990625       682300       106.67
        0.54     0.991406       682300       116.36
        0.54     0.992188       682300       128.00
        0.55     0.992578       683507       134.74
        0.55     0.992969       683507       142.22
        0.55     0.993359       683507       150.59
        0.55     0.993750       683507       160.00
        0.56     0.994141       684314       170.67
        0.56     0.994531       684314       182.86
        0.56     0.994922       684314       196.92
        0.57     0.995313       684860       213.33
        0.57     0.995703       684860       232.73
        0.57     0.996094       685300       256.00
        0.57     0.996289       685300       269.47
        0.57     0.996484       685300       284.44
        0.57     0.996680       685300       301.18
        0.58     0.996875       685639       320.00
        0.58     0.997070       685639       341.33
        0.59     0.997266       685956       365.71
        0.59     0.997461       685956       393.85
        0.59     0.997656       685956       426.67
        0.60     0.997852       686216       465.45
        0.60     0.998047       686216       512.00
        0.61     0.998145       686462       538.95
        0.61     0.998242       686462       568.89
        0.61     0.998340       686462       602.35
        0.61     0.998437       686677       640.00
        0.61     0.998535       686677       682.67
        0.61     0.998633       686677       731.43
        0.62     0.998730       686876       787.69
        0.62     0.998828       686876       853.33
        0.62     0.998926       686876       930.91
        0.63     0.999023       687022      1024.00
        0.63     0.999072       687022      1077.89
        0.63     0.999121       687022      1137.78
        0.63     0.999170       687022      1204.71
        0.63     0.999219       687022      1280.00
        0.64     0.999268       687129      1365.33
        0.64     0.999316       687129      1462.86
        0.64     0.999365       687129      1575.38
        0.65     0.999414       687217      1706.67
        0.65     0.999463       687217      1861.82
        0.66     0.999512       687275      2048.00
        0.66     0.999536       687275      2155.79
        0.66     0.999561       687275      2275.56
        0.66     0.999585       687275      2409.41
        0.66     0.999609       687300      2560.00
        0.67     0.999634       687322      2730.67
        0.68     0.999658       687338      2925.71
        0.69     0.999683       687350      3150.77
        0.69     0.999707       687358      3413.33
        0.72     0.999731       687380      3723.64
        0.74     0.999756       687393      4096.00
        0.75     0.999768       687399      4311.58
        0.76     0.999780       687407      4551.11
        0.78     0.999792       687417      4818.82
        0.81     0.999805       687424      5120.00
        0.82     0.999817       687433      5461.33
        0.85     0.999829       687444      5851.43
        0.86     0.999841       687454      6301.54
        0.87     0.999854       687459      6826.67
        0.90     0.999866       687469      7447.27
        0.90     0.999878       687475      8192.00
        0.92     0.999884       687481      8623.16
        0.93     0.999890       687486      9102.22
        0.94     0.999896       687489      9637.65
        0.96     0.999902       687491     10240.00
        1.04     0.999908       687496     10922.67
        1.29     0.999915       687500     11702.86
        1.39     0.999921       687504     12603.08
        1.44     0.999927       687508     13653.33
        1.55     0.999933       687512     14894.55
        2.61     0.999939       687519     16384.00
        2.61     0.999942       687519     17246.32
        2.62     0.999945       687521     18204.44
        2.65     0.999948       687524     19275.29
        2.67     0.999951       687525     20480.00
        2.70     0.999954       687527     21845.33
        2.72     0.999957       687529     23405.71
        2.75     0.999960       687531     25206.15
        2.77     0.999963       687534     27306.67
        2.80     0.999966       687535     29789.09
        2.88     0.999969       687539     32768.00
        2.88     0.999971       687539     34492.63
        2.90     0.999973       687540     36408.89
        2.91     0.999974       687542     38550.59
        2.91     0.999976       687542     40960.00
        2.93     0.999977       687543     43690.67
        2.99     0.999979       687544     46811.43
        3.02     0.999980       687545     50412.31
        3.07     0.999982       687546     54613.33
        3.12     0.999983       687548     59578.18
        3.12     0.999985       687548     65536.00
        3.17     0.999986       687550     68985.26
        3.17     0.999986       687550     72817.78
        3.17     0.999987       687550     77101.18
        3.17     0.999988       687550     81920.00
        3.18     0.999989       687551     87381.33
        3.18     0.999989       687551     93622.86
        3.20     0.999990       687553    100824.62
        3.20     0.999991       687553    109226.67
        3.20     0.999992       687553    119156.36
        3.20     0.999992       687553    131072.00
        3.21     0.999993       687554    137970.53
        3.21     0.999993       687554    145635.56
        3.21     0.999994       687554    154202.35
        3.21     0.999994       687554    163840.00
        3.23     0.999994       687555    174762.67
        3.23     0.999995       687555    187245.71
        3.23     0.999995       687555    201649.23
        3.23     0.999995       687555    218453.33
        3.26     0.999996       687556    238312.73
        3.26     0.999996       687556    262144.00
        3.26     0.999996       687556    275941.05
        3.26     0.999997       687556    291271.11
        3.26     0.999997       687556    308404.71
        3.26     0.999997       687556    327680.00
        3.33     0.999997       687557    349525.33
        3.33     0.999997       687557    374491.43
        3.33     0.999998       687557    403298.46
        3.33     0.999998       687557    436906.67
        3.33     0.999998       687557    476625.45
        3.33     0.999998       687557    524288.00
        3.33     0.999998       687557    551882.11
        3.33     0.999998       687557    582542.22
        3.33     0.999998       687557    616809.41
        3.33     0.999998       687557    655360.00
        3.44     0.999999       687558    699050.67
        3.44     1.000000       687558          inf
#[Mean    =        0.349, StdDeviation   =        0.085]
#[Max     =        3.439, Total count    =       687558]
#[Buckets =           20, SubBuckets     =          256]
