       Value   Percentile   TotalCount 1/(1-Percentile)

        0.08     0.000000            5         1.00
        0.26     0.050000       410545         1.05
        0.32     0.100000       820660         1.11
        0.78     0.150000      1237200         1.18
        0.90     0.200000      1637410         1.25
        1.00     0.250000      2052105         1.33
        1.04     0.300000      2428880         1.43
        1.07     0.350000      2987210         1.54
        1.09     0.400000      3389610         1.67
        1.10     0.450000      3852065         1.82
        1.11     0.500000      4083675         2.00
        1.12     0.525000      4312335         2.11
        1.13     0.550000      4522060         2.22
        1.14     0.575000      4716395         2.35
        1.14     0.600000      4891805         2.50
        1.16     0.625000      5204610         2.67
        1.17     0.650000      5346620         2.86
        1.18     0.675000      5482155         3.08
        1.19     0.700000      5724345         3.33
        1.21     0.725000      5939835         3.64
        1.22     0.750000      6125615         4.00
        1.23     0.762500      6204135         4.21
        1.24     0.775000      6274770         4.44
        1.25     0.787500      6395980         4.71
        1.27     0.800000      6490255         5.00
        1.29     0.812500      6596180         5.33
        1.33     0.825000      6699205         5.71
        1.36     0.837500      6796435         6.15
        1.39     0.850000      6883960         6.67
        1.43     0.862500      6983245         7.27
        1.47     0.875000      7084395         8.00
        1.50     0.881250      7146810         8.42
        1.51     0.887500      7186730         8.89
        1.53     0.893750      7245590         9.41
        1.56     0.900000      7303865        10.00
        1.57     0.906250      7343785        10.67
        1.60     0.912500      7404390        11.43
        1.61     0.918750      7444625        12.31
        1.64     0.925000      7505955        13.33
        1.66     0.931250      7545640        14.55
        1.68     0.937500      7604345        16.00
        1.69     0.940625      7624040        16.84
        1.70     0.943750      7643320        17.78
        1.71     0.946875      7680285        18.82
        1.72     0.950000      7697465        20.00
        1.74     0.953125      7730995        21.33
        1.74     0.956250      7747440        22.86
        1.76     0.959375      7777285        24.62
        1.77     0.962500      7804170        26.67
        1.79     0.965625      7828825        29.09
        1.81     0.968750      7849655        32.00
        1.81     0.970313      7859170        33.68
        1.82     0.971875      7867920        35.56
        1.84     0.973437      7882530        37.65
        1.85     0.975000      7894670        40.00
        1.88     0.976562      7909055        42.67
        1.90     0.978125      7919590        45.71
        1.94     0.979688      7931595        49.23
        2.02     0.981250      7944235        53.33
        2.13     0.982812      7956835        58.18
        2.30     0.984375      7969905        64.00
        2.40     0.985156      7975745        67.37
        2.51     0.985938      7981945        71.11
        2.64     0.986719      7987995        75.29
        2.83     0.987500      7994370        80.00
        3.04     0.988281      8000975        85.33
        3.26     0.989062      8006990        91.43
        3.69     0.989844      8013295        98.46
        4.29     0.990625      8019730       106.67
        5.09     0.991406      8026085       116.36
        6.21     0.992188      8032335       128.00
        6.66     0.992578      8035430       134.74
        7.04     0.992969      8038570       142.22
        7.33     0.993359      8041710       150.59
        7.68     0.993750      8044905       160.00
        8.00     0.994141      8048120       170.67
        8.32     0.994531      8051305       182.86
        8.70     0.994922      8054790       196.92
        9.15     0.995313      8057815       213.33
        9.79     0.995703      8061050       232.73
       10.30     0.996094      8063970       256.00
       10.88     0.996289      8065425       269.47
       12.35     0.996484      8067005       284.44
       13.57     0.996680      8068610       301.18
       15.17     0.996875      8070190       320.00
       16.32     0.997070      8071885       341.33
       16.77     0.997266      8073385       365.71
       17.79     0.997461      8075080       393.85
       19.07     0.997656      8076500       426.67
       20.35     0.997852      8078635       465.45
       20.73     0.998047      8080045       512.00
       20.86     0.998145      8080555       538.95
       21.25     0.998242      8081315       568.89
       22.02     0.998340      8082175       602.35
       22.78     0.998437      8082875       640.00
       23.93     0.998535      8083720       682.67
       24.32     0.998633      8086990       731.43
       24.32     0.998730      8086990       787.69
       24.32     0.998828      8086990       853.33
       24.32     0.998926      8086990       930.91
       24.45     0.999023      8089100      1024.00
       24.45     0.999072      8089100      1077.89
       24.45     0.999121      8089100      1137.78
       24.45     0.999170      8089100      1204.71
       24.57     0.999219      8089290      1280.00
       24.70     0.999268      8089795      1365.33
       24.83     0.999316      8090375      1462.86
       24.83     0.999365      8090375      1575.38
       25.09     0.999414      8090765      1706.67
       25.73     0.999463      8091160      1861.82
       26.11     0.999512      8091515      2048.00
       26.50     0.999536      8091730      2155.79
       27.39     0.999561      8091925      2275.56
       27.90     0.999585      8092120      2409.41
       28.29     0.999609      8092655      2560.00
       28.29     0.999634      8092655      2730.67
       28.41     0.999658      8093225      2925.71
       28.41     0.999683      8093225      3150.77
       28.41     0.999707      8093225      3413.33
       28.67     0.999731      8093400      3723.64
       28.80     0.999756      8093670      4096.00
       28.80     0.999768      8093670      4311.58
       28.93     0.999780      8093790      4551.11
       28.93     0.999792      8093790      4818.82
       29.18     0.999805      8093895      5120.00
       29.70     0.999817      8093990      5461.33
       29.95     0.999829      8094090      5851.43
       30.85     0.999841      8094190      6301.54
       32.13     0.999854      8094300      6826.67
       32.26     0.999866      8094460      7447.27
       32.38     0.999878      8094755      8192.00
       32.38     0.999884      8094755      8623.16
       32.38     0.999890      8094755      9102.22
       32.38     0.999896      8094755      9637.65
       32.38     0.999902      8094755     10240.00
       32.38     0.999908      8094755     10922.67
       32.51     0.999915      8094825     11702.86
       32.51     0.999921      8094825     12603.08
       32.64     0.999927      8094890     13653.33
       32.77     0.999933      8095035     14894.55
       32.77     0.999939      8095035     16384.00
       32.77     0.999942      8095035     17246.32
       32.77     0.999945      8095035     18204.44
       33.02     0.999948      8095060     19275.29
       34.81     0.999951      8095070     20480.00
       35.07     0.999954      8095105     21845.33
       36.35     0.999957      8095250     23405.71
       36.35     0.999960      8095250     25206.15
       36.35     0.999963      8095250     27306.67
       36.35     0.999966      8095250     29789.09
       36.35     0.999969      8095250     32768.00
       36.35     0.999971      8095250     34492.63
       36.35     0.999973      8095250     36408.89
       36.61     0.999974      8095335     38550.59
       36.61     0.999976      8095335     40960.00
       36.61     0.999977      8095335     43690.67
       36.61     0.999979      8095335     46811.43
       36.61     0.999980      8095335     50412.31
       36.61     0.999982      8095335     54613.33
       36.61     0.999983      8095335     59578.18
       36.86     0.999985      8095375     65536.00
       36.86     0.999986      8095375     68985.26
       36.86     0.999986      8095375     72817.78
       36.86     0.999987      8095375     77101.18
       36.86     0.999988      8095375     81920.00
       36.86     0.999989      8095375     87381.33
       37.38     0.999989      8095395     93622.86
       37.38     0.999990      8095395    100824.62
       37.38     0.999991      8095395    109226.67
       37.63     0.999992      8095415    119156.36
       37.63     0.999992      8095415    131072.00
       37.63     0.999993      8095415    137970.53
       37.63     0.999993      8095415    145635.56
       37.63     0.999994      8095415    154202.35
       40.70     0.999994      8095425    163840.00
       40.70     0.999994      8095425    174762.67
       40.70     0.999995      8095425    187245.71
       40.70     0.999995      8095425    201649.23
       44.29     0.999995      8095445    218453.33
       44.29     0.999996      8095445    238312.73
       44.29     0.999996      8095445    262144.00
       44.29     0.999996      8095445    275941.05
       44.29     0.999997      8095445    291271.11
       44.29     0.999997      8095445    308404.71
       44.29     0.999997      8095445    327680.00
       44.29     0.999997      8095445    349525.33
       44.29     0.999997      8095445    374491.43
       44.29     0.999998      8095445    403298.46
       44.54     0.999998      8095465    436906.67
       44.54     1.000000      8095465          inf
#[Mean    =        1.180, StdDeviation   =        1.406]
#[Max     =       44.543, Total count    =      8095465]
#[Buckets =           20, SubBuckets     =          256]
