       Value   Percentile   TotalCount 1/(1-Percentile)

        0.15     0.000000            1         1.00
        0.35     0.050000        45064         1.05
        0.36     0.100000        82390         1.11
        0.37     0.150000       137932         1.18
        0.37     0.200000       137932         1.25
        0.38     0.250000       211191         1.33
        0.38     0.300000       211191         1.43
        0.38     0.350000       297823         1.54
        0.38     0.400000       297823         1.67
        0.38     0.450000       297823         1.82
        0.39     0.500000       387357         2.00
        0.39     0.525000       387357         2.11
        0.39     0.550000       387357         2.22
        0.39     0.575000       387357         2.35
        0.39     0.600000       387357         2.50
        0.40     0.625000       466943         2.67
        0.40     0.650000       466943         2.86
        0.40     0.675000       466943         3.08
        0.40     0.700000       466943         3.33
        0.40     0.725000       466943         3.64
        0.40     0.750000       466943         4.00
        0.41     0.762500       527592         4.21
        0.41     0.775000       527592         4.44
        0.41     0.787500       527592         4.71
        0.41     0.800000       527592         5.00
        0.41     0.812500       527592         5.33
        0.41     0.825000       527592         5.71
        0.41     0.837500       527592         6.15
        0.41     0.850000       568079         6.67
        0.41     0.862500       568079         7.27
        0.41     0.875000       568079         8.00
        0.41     0.881250       568079         8.42
        0.41     0.887500       568079         8.89
        0.41     0.893750       568079         9.41
        0.41     0.900000       568079        10.00
        0.41     0.906250       568079        10.67
        0.41     0.912500       568079        11.43
        0.42     0.918750       592020        12.31
        0.42     0.925000       592020        13.33
        0.42     0.931250       592020        14.55
        0.42     0.937500       592020        16.00
        0.42     0.940625       592020        16.84
        0.42     0.943750       592020        17.78
        0.42     0.946875       592020        18.82
        0.42     0.950000       592020        20.00
        0.43     0.953125       605696        21.33
        0.43     0.956250       605696        22.86
        0.43     0.959375       605696        24.62
        0.43     0.962500       605696        26.67
        0.43     0.965625       605696        29.09
        0.43     0.968750       605696        32.00
        0.43     0.970313       605696        33.68
        0.43     0.971875       605696        35.56
        0.43     0.973437       605696        37.65
        0.44     0.975000       612857        40.00
        0.44     0.976562       612857        42.67
        0.44     0.978125       612857        45.71
        0.44     0.979688       612857        49.23
        0.44     0.981250       612857        53.33
        0.44     0.982812       612857        58.18
        0.44     0.984375       612857        64.00
        0.44     0.985156       612857        67.37
        0.45     0.985938       616716        71.11
        0.45     0.986719       616716        75.29
        0.45     0.987500       616716        80.00
        0.45     0.988281       616716        85.33
        0.45     0.989062       616716        91.43
        0.45     0.989844       616716        98.46
        0.45     0.990625       616716       106.67
        0.45     0.991406       616716       116.36
        0.46     0.992188       618706       128.00
        0.46     0.992578       618706       134.74
        0.46     0.992969       618706       142.22
        0.46     0.993359       618706       150.59
        0.46     0.993750       618706       160.00
        0.46     0.994141       618706       170.67
        0.46     0.994531       618706       182.86
        0.46     0.994922       618706       196.92
        0.46     0.995313       619819       213.33
        0.46     0.995703       619819       232.73
        0.46     0.996094       619819       256.00
        0.46     0.996289       619819       269.47
        0.46     0.996484       619819       284.44
        0.46     0.996680       619819       301.18
        0.46     0.996875       619819       320.00
        0.47     0.997070       620419       341.33
        0.47     0.997266       620419       365.71
        0.47     0.997461       620419       393.85
        0.47     0.997656       620419       426.67
        0.47     0.997852       620419       465.45
        0.48     0.998047       620812       512.00
        0.48     0.998145       620812       538.95
        0.48     0.998242       620812       568.89
        0.48     0.998340       620812       602.35
        0.48     0.998437       620812       640.00
        0.48     0.998535       620812       682.67
        0.48     0.998633       620812       731.43
        0.49     0.998730       621015       787.69
        0.49     0.998828       621015       853.33
        0.49     0.998926       621015       930.91
        0.49     0.999023       621143      1024.00
        0.49     0.999072       621143      1077.89
        0.49     0.999121       621143      1137.78
        0.49     0.999170       621143      1204.71
        0.50     0.999219       621228      1280.00
        0.50     0.999268       621228      1365.33
        0.51     0.999316       621263      1462.86
        0.52     0.999365       621292      1575.38
        0.53     0.999414       621302      1706.67
        0.54     0.999463       621326      1861.82
        0.56     0.999512       621360      2048.00
        0.57     0.999536       621372      2155.79
        0.57     0.999561       621388      2275.56
        0.58     0.999585       621404      2409.41
        0.62     0.999609       621418      2560.00
        0.69     0.999634       621432      2730.67
        0.71     0.999658       621449      2925.71
        0.73     0.999683       621470      3150.77
        0.73     0.999707       621481      3413.33
        0.75     0.999731       621509      3723.64
        0.75     0.999756       621509      4096.00
        0.76     0.999768       621517      4311.58
        0.78     0.999780       621526      4551.11
        0.78     0.999792       621534      4818.82
        0.80     0.999805       621539      5120.00
        0.85     0.999817       621549      5461.33
        0.86     0.999829       621555      5851.43
        0.87     0.999841       621563      6301.54
        0.88     0.999854       621573      6826.67
        0.89     0.999866       621582      7447.27
        0.90     0.999878       621586      8192.00
        0.90     0.999884       621596      8623.16
        0.90     0.999890       621596      9102.22
        0.90     0.999896       621596      9637.65
        0.91     0.999902       621605     10240.00
        0.91     0.999908       621605     10922.67
        0.92     0.999915       621614     11702.86
        0.92     0.999921       621614     12603.08
        0.92     0.999927       621614     13653.33
        0.93     0.999933       621628     14894.55
        0.93     0.999939       621628     16384.00
        0.93     0.999942       621628     17246.32
        0.93     0.999945       621628     18204.44
        0.93     0.999948       621628     19275.29
        0.94     0.999951       621635     20480.00
        0.94     0.999954       621635     21845.33
        0.94     0.999957       621635     23405.71
        0.94     0.999960       621635     25206.15
        0.94     0.999963       621640     27306.67
        0.94     0.999966       621640     29789.09
        0.95     0.999969       621646     32768.00
        0.95     0.999971       621646     34492.63
        0.95     0.999973       621646     36408.89
        0.95     0.999974       621646     38550.59
        0.95     0.999976       621646     40960.00
        0.95     0.999977       621646     43690.67
        0.95     0.999979       621646     46811.43
        0.96     0.999980       621652     50412.31
        0.96     0.999982       621652     54613.33
        0.96     0.999983       621652     59578.18
        0.96     0.999985       621652     65536.00
        0.96     0.999986       621652     68985.26
        0.96     0.999986       621652     72817.78
        0.96     0.999987       621652     77101.18
        0.96     0.999988       621652     81920.00
        0.96     0.999989       621652     87381.33
        0.97     0.999989       621655     93622.86
        0.97     0.999990       621655    100824.62
        0.97     0.999991       621655    109226.67
        0.97     0.999992       621655    119156.36
        0.97     0.999992       621655    131072.00
        0.97     0.999993       621655    137970.53
        0.97     0.999993       621655    145635.56
        0.97     0.999994       621655    154202.35
        0.97     0.999994       621657    163840.00
        0.97     0.999994       621657    174762.67
        0.97     0.999995       621657    187245.71
        0.97     0.999995       621657    201649.23
        0.97     0.999995       621657    218453.33
        0.97     0.999996       621657    238312.73
        0.97     0.999996       621657    262144.00
        0.97     0.999996       621657    275941.05
        0.97     0.999997       621657    291271.11
        0.97     0.999997       621657    308404.71
        0.98     0.999997       621658    327680.00
        0.98     0.999997       621658    349525.33
        0.98     0.999997       621658    374491.43
        0.98     0.999998       621658    403298.46
        0.98     0.999998       621658    436906.67
        0.98     0.999998       621658    476625.45
        0.98     0.999998       621658    524288.00
        0.98     0.999998       621658    551882.11
        0.98     0.999998       621658    582542.22
        0.98     0.999998       621658    616809.41
        0.99     0.999998       621659    655360.00
        0.99     1.000000       621659          inf
#[Mean    =        0.385, StdDeviation   =        0.025]
#[Max     =        0.991, Total count    =       621659]
#[Buckets =           20, SubBuckets     =          256]
