       Value   Percentile   TotalCount 1/(1-Percentile)

        0.17     0.000000            2         1.00
        0.39     0.050000        22702         1.05
        0.42     0.100000        46270         1.11
        0.46     0.150000        62979         1.18
        0.49     0.200000        88397         1.25
        0.50     0.250000       113330         1.33
        0.51     0.300000       127551         1.43
        0.53     0.350000       153508         1.54
        0.54     0.400000       172542         1.67
        0.56     0.450000       188049         1.82
        0.57     0.500000       206561         2.00
        0.58     0.525000       218112         2.11
        0.59     0.550000       231117         2.22
        0.60     0.575000       244961         2.35
        0.61     0.600000       259371         2.50
        0.61     0.625000       259371         2.67
        0.61     0.650000       273520         2.86
        0.62     0.675000       287069         3.08
        0.63     0.700000       299676         3.33
        0.63     0.725000       299676         3.64
        0.64     0.750000       310871         4.00
        0.65     0.762500       320655         4.21
        0.65     0.775000       320655         4.44
        0.66     0.787500       328628         4.71
        0.66     0.800000       334957         5.00
        0.66     0.812500       334957         5.33
        0.68     0.825000       343422         5.71
        0.69     0.837500       346144         6.15
        0.71     0.850000       351048         6.67
        0.75     0.862500       356098         7.27
        0.78     0.875000       361467         8.00
        0.78     0.881250       364269         8.42
        0.79     0.887500       367719         8.89
        0.80     0.893750       371557         9.41
        0.80     0.900000       371557        10.00
        0.81     0.906250       375845        10.67
        0.81     0.912500       380484        11.43
        0.81     0.918750       380484        12.31
        0.82     0.925000       385286        13.33
        0.82     0.931250       385286        14.55
        0.83     0.937500       389938        16.00
        0.83     0.940625       389938        16.84
        0.83     0.943750       389938        17.78
        0.84     0.946875       394191        18.82
        0.84     0.950000       394191        20.00
        0.84     0.953125       394191        21.33
        0.84     0.956250       394191        22.86
        0.85     0.959375       398183        24.62
        0.85     0.962500       398183        26.67
        0.85     0.965625       398183        29.09
        0.85     0.968750       401483        32.00
        0.85     0.970313       401483        33.68
        0.85     0.971875       401483        35.56
        0.85     0.973437       401483        37.65
        0.86     0.975000       404067        40.00
        0.86     0.976562       404067        42.67
        0.86     0.978125       404067        45.71
        0.86     0.979688       404067        49.23
        0.87     0.981250       406076        53.33
        0.87     0.982812       406076        58.18
        0.87     0.984375       406076        64.00
        0.87     0.985156       406076        67.37
        0.88     0.985938       407460        71.11
        0.88     0.986719       407460        75.29
        0.88     0.987500       407460        80.00
        0.88     0.988281       407460        85.33
        0.88     0.989062       407460        91.43
        0.89     0.989844       408521        98.46
        0.89     0.990625       408521       106.67
        0.89     0.991406       408521       116.36
        0.90     0.992188       409235       128.00
        0.90     0.992578       409235       134.74
        0.90     0.992969       409235       142.22
        0.90     0.993359       409235       150.59
        0.90     0.993750       409788       160.00
        0.90     0.994141       409788       170.67
        0.90     0.994531       409788       182.86
        0.91     0.994922       410229       196.92
        0.91     0.995313       410229       213.33
        0.91     0.995703       410229       232.73
        0.92     0.996094       410548       256.00
        0.92     0.996289       410548       269.47
        0.92     0.996484       410548       284.44
        0.92     0.996680       410548       301.18
        0.93     0.996875       410788       320.00
        0.93     0.997070       410788       341.33
        0.93     0.997266       410788       365.71
        0.94     0.997461       410963       393.85
        0.94     0.997656       410963       426.67
        0.94     0.997852       411107       465.45
        0.94     0.998047       411107       512.00
        0.95     0.998145       411224       538.95
        0.95     0.998242       411224       568.89
        0.95     0.998340       411224       602.35
        0.96     0.998437       411331       640.00
        0.96     0.998535       411331       682.67
        0.97     0.998633       411419       731.43
        0.97     0.998730       411419       787.69
        0.97     0.998828       411491       853.33
        0.97     0.998926       411491       930.91
        0.98     0.999023       411565      1024.00
        0.98     0.999072       411565      1077.89
        0.98     0.999121       411565      1137.78
        0.98     0.999170       411565      1204.71
        0.99     0.999219       411628      1280.00
        0.99     0.999268       411628      1365.33
        0.99     0.999316       411628      1462.86
        1.00     0.999365       411669      1575.38
        1.00     0.999414       411669      1706.67
        1.01     0.999463       411705      1861.82
        1.01     0.999512       411705      2048.00
        1.01     0.999536       411736      2155.79
        1.01     0.999561       411736      2275.56
        1.01     0.999585       411736      2409.41
        1.02     0.999609       411760      2560.00
        1.02     0.999634       411760      2730.67
        1.03     0.999658       411767      2925.71
        1.04     0.999683       411776      3150.77
        1.05     0.999707       411787      3413.33
        1.06     0.999731       411803      3723.64
        1.06     0.999756       411803      4096.00
        1.07     0.999768       411808      4311.58
        1.09     0.999780       411813      4551.11
        1.12     0.999792       411819      4818.82
        1.15     0.999805       411824      5120.00
        1.17     0.999817       411828      5461.33
        1.20     0.999829       411833      5851.43
        1.24     0.999841       411838      6301.54
        1.43     0.999854       411843      6826.67
        2.06     0.999866       411848      7447.27
        2.27     0.999878       411853      8192.00
        3.33     0.999884       411856      8623.16
        3.39     0.999890       411858      9102.22
        3.47     0.999896       411864      9637.65
        3.47     0.999902       411864     10240.00
        3.52     0.999908       411866     10922.67
        3.55     0.999915       411868     11702.86
        3.58     0.999921       411872     12603.08
        3.60     0.999927       411873     13653.33
        3.71     0.999933       411877     14894.55
        3.73     0.999939       411878     16384.00
        3.76     0.999942       411880     17246.32
        3.77     0.999945       411881     18204.44
        3.81     0.999948       411882     19275.29
        3.82     0.999951       411883     20480.00
        3.89     0.999954       411885     21845.33
        3.92     0.999957       411887     23405.71
        3.92     0.999960       411887     25206.15
        4.00     0.999963       411888     27306.67
        4.09     0.999966       411890     29789.09
        4.29     0.999969       411891     32768.00
        5.73     0.999971       411892     34492.63
        5.73     0.999973       411892     36408.89
        5.92     0.999974       411893     38550.59
        5.92     0.999976       411893     40960.00
        5.95     0.999977       411894     43690.67
        5.98     0.999979       411898     46811.43
        5.98     0.999980       411898     50412.31
        5.98     0.999982       411898     54613.33
        5.98     0.999983       411898     59578.18
        5.98     0.999985       411898     65536.00
        5.98     0.999986       411898     68985.26
        5.98     0.999986       411898     72817.78
        5.98     0.999987       411898     77101.18
        5.98     0.999988       411898     81920.00
        6.01     0.999989       411900     87381.33
        6.01     0.999989       411900     93622.86
        6.01     0.999990       411900    100824.62
        6.01     0.999991       411900    109226.67
        6.01     0.999992       411900    119156.36
        6.01     0.999992       411900    131072.00
        6.17     0.999993       411901    137970.53
        6.17     0.999993       411901    145635.56
        6.17     0.999994       411901    154202.35
        6.17     0.999994       411901    163840.00
        6.17     0.999994       411901    174762.67
        6.17     0.999995       411901    187245.71
        6.17     0.999995       411901    201649.23
        6.21     0.999995       411902    218453.33
        6.21     0.999996       411902    238312.73
        6.21     0.999996       411902    262144.00
        6.21     0.999996       411902    275941.05
        6.21     0.999997       411902    291271.11
        6.21     0.999997       411902    308404.71
        6.21     0.999997       411902    327680.00
        6.21     0.999997       411902    349525.33
        6.21     0.999997       411902    374491.43
        6.21     0.999998       411902    403298.46
        6.37     0.999998       411903    436906.67
        6.37     1.000000       411903          inf
#[Mean    =        0.582, StdDeviation   =        0.134]
#[Max     =        6.367, Total count    =       411903]
#[Buckets =           20, SubBuckets     =          256]
