       Value   Percentile   TotalCount 1/(1-Percentile)

        0.21     0.000000            1         1.00
        0.59     0.050000        19067         1.05
        0.61     0.100000        37195         1.11
        0.63     0.150000        56071         1.18
        0.65     0.200000        81359         1.25
        0.66     0.250000        96657         1.33
        0.66     0.300000       113563         1.43
        0.67     0.350000       131470         1.54
        0.68     0.400000       150374         1.67
        0.69     0.450000       169818         1.82
        0.69     0.500000       189197         2.00
        0.69     0.525000       189197         2.11
        0.70     0.550000       207969         2.22
        0.70     0.575000       207969         2.35
        0.71     0.600000       225835         2.50
        0.71     0.625000       225835         2.67
        0.71     0.650000       225835         2.86
        0.72     0.675000       242580         3.08
        0.73     0.700000       257701         3.33
        0.73     0.725000       257701         3.64
        0.73     0.750000       271318         4.00
        0.73     0.762500       271318         4.21
        0.73     0.775000       271318         4.44
        0.74     0.787500       283323         4.71
        0.74     0.800000       283323         5.00
        0.74     0.812500       283323         5.33
        0.75     0.825000       293820         5.71
        0.75     0.837500       293820         6.15
        0.76     0.850000       302655         6.67
        0.76     0.862500       302655         7.27
        0.77     0.875000       310404         8.00
        0.77     0.881250       310404         8.42
        0.77     0.887500       310404         8.89
        0.77     0.893750       310404         9.41
        0.78     0.900000       316838        10.00
        0.78     0.906250       316838        10.67
        0.78     0.912500       316838        11.43
        0.78     0.918750       322135        12.31
        0.78     0.925000       322135        13.33
        0.79     0.931250       326528        14.55
        0.79     0.937500       326528        16.00
        0.79     0.940625       326528        16.84
        0.80     0.943750       330246        17.78
        0.80     0.946875       330246        18.82
        0.80     0.950000       330246        20.00
        0.81     0.953125       333310        21.33
        0.81     0.956250       333310        22.86
        0.81     0.959375       333310        24.62
        0.81     0.962500       335784        26.67
        0.81     0.965625       335784        29.09
        0.82     0.968750       337741        32.00
        0.82     0.970313       337741        33.68
        0.82     0.971875       337741        35.56
        0.82     0.973437       337741        37.65
        0.83     0.975000       339475        40.00
        0.83     0.976562       339475        42.67
        0.83     0.978125       339475        45.71
        0.84     0.979688       340912        49.23
        0.84     0.981250       340912        53.33
        0.85     0.982812       342069        58.18
        0.85     0.984375       342069        64.00
        0.85     0.985156       342069        67.37
        0.85     0.985938       342069        71.11
        0.85     0.986719       342992        75.29
        0.85     0.987500       342992        80.00
        0.85     0.988281       342992        85.33
        0.86     0.989062       343742        91.43
        0.86     0.989844       343742        98.46
        0.86     0.990625       343742       106.67
        0.87     0.991406       344369       116.36
        0.87     0.992188       344369       128.00
        0.87     0.992578       344369       134.74
        0.88     0.992969       344876       142.22
        0.88     0.993359       344876       150.59
        0.88     0.993750       344876       160.00
        0.89     0.994141       345255       170.67
        0.89     0.994531       345255       182.86
        0.89     0.994922       345255       196.92
        0.90     0.995313       345562       213.33
        0.90     0.995703       345562       232.73
        0.90     0.996094       345562       256.00
        0.90     0.996289       345803       269.47
        0.90     0.996484       345803       284.44
        0.90     0.996680       345803       301.18
        0.91     0.996875       346000       320.00
        0.91     0.997070       346000       341.33
        0.91     0.997266       346000       365.71
        0.92     0.997461       346175       393.85
        0.92     0.997656       346175       426.67
        0.92     0.997852       346175       465.45
        0.93     0.998047       346298       512.00
        0.93     0.998145       346298       538.95
        0.94     0.998242       346404       568.89
        0.94     0.998340       346404       602.35
        0.94     0.998437       346404       640.00
        0.94     0.998535       346471       682.67
        0.94     0.998633       346471       731.43
        0.95     0.998730       346528       787.69
        0.95     0.998828       346528       853.33
        0.96     0.998926       346565       930.91
        0.97     0.999023       346589      1024.00
        0.97     0.999072       346613      1077.89
        0.97     0.999121       346613      1137.78
        0.98     0.999170       346641      1204.71
        0.99     0.999219       346658      1280.00
        1.00     0.999268       346664      1365.33
        1.01     0.999316       346680      1462.86
        1.01     0.999365       346694      1575.38
        1.03     0.999414       346719      1706.67
        1.04     0.999463       346728      1861.82
        1.07     0.999512       346748      2048.00
        1.08     0.999536       346755      2155.79
        1.09     0.999561       346764      2275.56
        1.09     0.999585       346771      2409.41
        1.10     0.999609       346779      2560.00
        1.11     0.999634       346788      2730.67
        1.12     0.999658       346798      2925.71
        1.13     0.999683       346805      3150.77
        1.15     0.999707       346814      3413.33
        1.17     0.999731       346830      3723.64
        1.17     0.999756       346830      4096.00
        1.18     0.999768       346834      4311.58
        1.19     0.999780       346844      4551.11
        1.19     0.999792       346844      4818.82
        1.20     0.999805       346850      5120.00
        1.21     0.999817       346854      5461.33
        1.22     0.999829       346859      5851.43
        1.22     0.999841       346859      6301.54
        1.23     0.999854       346864      6826.67
        1.25     0.999866       346868      7447.27
        1.26     0.999878       346874      8192.00
        1.26     0.999884       346874      8623.16
        1.27     0.999890       346877      9102.22
        1.29     0.999896       346879      9637.65
        1.30     0.999902       346881     10240.00
        1.32     0.999908       346883     10922.67
        1.38     0.999915       346885     11702.86
        1.42     0.999921       346888     12603.08
        1.42     0.999927       346889     13653.33
        2.22     0.999933       346891     14894.55
        2.70     0.999939       346893     16384.00
        2.91     0.999942       346894     17246.32
        3.04     0.999945       346898     18204.44
        3.04     0.999948       346898     19275.29
        3.04     0.999951       346898     20480.00
        3.09     0.999954       346899     21845.33
        3.10     0.999957       346900     23405.71
        3.28     0.999960       346901     25206.15
        3.31     0.999963       346902     27306.67
        3.60     0.999966       346903     29789.09
        3.71     0.999969       346904     32768.00
        3.71     0.999971       346904     34492.63
        3.98     0.999973       346905     36408.89
        4.00     0.999974       346907     38550.59
        4.00     0.999976       346907     40960.00
        4.00     0.999977       346907     43690.67
        4.00     0.999979       346907     46811.43
        4.03     0.999980       346909     50412.31
        4.03     0.999982       346909     54613.33
        4.03     0.999983       346909     59578.18
        4.03     0.999985       346909     65536.00
        4.03     0.999986       346909     68985.26
        4.13     0.999986       346910     72817.78
        4.13     0.999987       346910     77101.18
        4.13     0.999988       346910     81920.00
        4.32     0.999989       346911     87381.33
        4.32     0.999989       346911     93622.86
        4.32     0.999990       346911    100824.62
        4.32     0.999991       346911    109226.67
        4.38     0.999992       346912    119156.36
        4.38     0.999992       346912    131072.00
        4.38     0.999993       346912    137970.53
        4.38     0.999993       346912    145635.56
        4.38     0.999994       346912    154202.35
        4.38     0.999994       346912    163840.00
        4.48     0.999994       346913    174762.67
        4.48     0.999995       346913    187245.71
        4.48     0.999995       346913    201649.23
        4.48     0.999995       346913    218453.33
        4.48     0.999996       346913    238312.73
        4.48     0.999996       346913    262144.00
        4.48     0.999996       346913    275941.05
        4.48     0.999997       346913    291271.11
        4.48     0.999997       346913    308404.71
        4.48     0.999997       346913    327680.00
        4.51     0.999997       346914    349525.33
        4.51     1.000000       346914          inf
#[Mean    =        0.691, StdDeviation   =        0.070]
#[Max     =        4.511, Total count    =       346914]
#[Buckets =           20, SubBuckets     =          256]
