       Value   Percentile   TotalCount 1/(1-Percentile)

        0.22     0.000000            1         1.00
        1.25     0.050000         8521         1.05
        1.29     0.100000        16446         1.11
        1.31     0.150000        24433         1.18
        1.33     0.200000        34115         1.25
        1.35     0.250000        41841         1.33
        1.37     0.300000        50474         1.43
        1.38     0.350000        59894         1.54
        1.39     0.400000        64678         1.67
        1.41     0.450000        74193         1.82
        1.42     0.500000        83272         2.00
        1.43     0.525000        87690         2.11
        1.44     0.550000        92042         2.22
        1.45     0.575000        96308         2.35
        1.46     0.600000       100402         2.50
        1.46     0.625000       104362         2.67
        1.47     0.650000       108115         2.86
        1.48     0.675000       111735         3.08
        1.49     0.700000       115163         3.33
        1.50     0.725000       118318         3.64
        1.50     0.750000       121229         4.00
        1.51     0.762500       123801         4.21
        1.52     0.775000       126143         4.44
        1.53     0.787500       128171         4.71
        1.53     0.800000       129973         5.00
        1.54     0.812500       131548         5.33
        1.56     0.825000       133934         5.71
        1.57     0.837500       135501         6.15
        1.61     0.850000       137074         6.67
        1.83     0.862500       138953         7.27
        1.90     0.875000       141105         8.00
        1.91     0.881250       142086         8.42
        1.93     0.887500       143177         8.89
        1.94     0.893750       144364         9.41
        1.96     0.900000       145456        10.00
        1.97     0.906250       146056        10.67
        1.98     0.912500       147106        11.43
        2.00     0.918750       148091        12.31
        2.02     0.925000       149202        13.33
        2.05     0.931250       150125        14.55
        2.08     0.937500       151454        16.00
        2.10     0.940625       152247        16.84
        2.10     0.943750       152247        17.78
        2.11     0.946875       153148        18.82
        2.11     0.950000       153148        20.00
        2.13     0.953125       154152        21.33
        2.13     0.956250       154152        22.86
        2.14     0.959375       155236        24.62
        2.14     0.962500       155236        26.67
        2.16     0.965625       156415        29.09
        2.16     0.968750       156415        32.00
        2.16     0.970313       156415        33.68
        2.17     0.971875       157408        35.56
        2.17     0.973437       157408        37.65
        2.17     0.975000       157408        40.00
        2.17     0.976562       157408        42.67
        2.19     0.978125       158319        45.71
        2.19     0.979688       158319        49.23
        2.19     0.981250       158319        53.33
        2.19     0.982812       158319        58.18
        2.21     0.984375       159068        64.00
        2.21     0.985156       159068        67.37
        2.21     0.985938       159068        71.11
        2.21     0.986719       159068        75.29
        2.21     0.987500       159068        80.00
        2.22     0.988281       159622        85.33
        2.22     0.989062       159622        91.43
        2.22     0.989844       159622        98.46
        2.22     0.990625       159622       106.67
        2.24     0.991406       160025       116.36
        2.24     0.992188       160025       128.00
        2.24     0.992578       160025       134.74
        2.24     0.992969       160025       142.22
        2.24     0.993359       160025       150.59
        2.25     0.993750       160254       160.00
        2.25     0.994141       160254       170.67
        2.25     0.994531       160254       182.86
        2.25     0.994922       160254       196.92
        2.27     0.995313       160410       213.33
        2.27     0.995703       160410       232.73
        2.27     0.996094       160410       256.00
        2.29     0.996289       160503       269.47
        2.29     0.996484       160503       284.44
        2.29     0.996680       160503       301.18
        2.30     0.996875       160549       320.00
        2.32     0.997070       160575       341.33
        2.33     0.997266       160595       365.71
        2.37     0.997461       160628       393.85
        2.43     0.997656       160671       426.67
        2.46     0.997852       160695       465.45
        2.53     0.998047       160722       512.00
        2.56     0.998145       160739       538.95
        2.58     0.998242       160752       568.89
        2.62     0.998340       160769       602.35
        2.69     0.998437       160785       640.00
        2.73     0.998535       160803       682.67
        2.78     0.998633       160819       731.43
        2.85     0.998730       160831       787.69
        2.91     0.998828       160848       853.33
        2.96     0.998926       160865       930.91
        3.04     0.999023       160881      1024.00
        3.07     0.999072       160887      1077.89
        3.13     0.999121       160895      1137.78
        3.17     0.999170       160902      1204.71
        3.25     0.999219       160910      1280.00
        3.31     0.999268       160921      1365.33
        3.33     0.999316       160926      1462.86
        3.36     0.999365       160940      1575.38
        3.38     0.999414       160944      1706.67
        3.39     0.999463       160949      1861.82
        3.42     0.999512       160960      2048.00
        3.44     0.999536       160966      2155.79
        3.44     0.999561       160966      2275.56
        3.46     0.999585       160972      2409.41
        3.47     0.999609       160976      2560.00
        3.49     0.999634       160977      2730.67
        3.50     0.999658       160980      2925.71
        3.54     0.999683       160986      3150.77
        3.57     0.999707       160989      3413.33
        3.63     0.999731       160992      3723.64
        3.71     0.999756       160997      4096.00
        3.73     0.999768       160999      4311.58
        3.79     0.999780       161001      4551.11
        3.82     0.999792       161002      4818.82
        3.87     0.999805       161004      5120.00
        3.90     0.999817       161006      5461.33
        3.98     0.999829       161008      5851.43
        4.06     0.999841       161010      6301.54
        4.13     0.999854       161013      6826.67
        4.25     0.999866       161014      7447.27
        4.70     0.999878       161016      8192.00
        4.74     0.999884       161017      8623.16
        4.80     0.999890       161018      9102.22
        4.83     0.999896       161019      9637.65
        7.36     0.999902       161020     10240.00
        7.42     0.999908       161021     10922.67
        7.93     0.999915       161022     11702.86
        8.03     0.999921       161023     12603.08
        8.83     0.999927       161024     13653.33
        8.89     0.999933       161025     14894.55
        8.96     0.999939       161026     16384.00
        8.96     0.999942       161026     17246.32
        9.21     0.999945       161027     18204.44
        9.21     0.999948       161027     19275.29
        9.79     0.999951       161029     20480.00
        9.79     0.999954       161029     21845.33
        9.79     0.999957       161029     23405.71
        9.79     0.999960       161029     25206.15
       10.37     0.999963       161030     27306.67
       10.37     0.999966       161030     29789.09
       10.49     0.999969       161031     32768.00
       10.49     0.999971       161031     34492.63
       10.49     0.999973       161031     36408.89
       10.49     0.999974       161031     38550.59
       12.99     0.999976       161032     40960.00
       12.99     0.999977       161032     43690.67
       12.99     0.999979       161032     46811.43
       12.99     0.999980       161032     50412.31
       13.12     0.999982       161033     54613.33
       13.12     0.999983       161033     59578.18
       13.12     0.999985       161033     65536.00
       13.12     0.999986       161033     68985.26
       13.12     0.999986       161033     72817.78
       13.12     0.999987       161033     77101.18
       13.38     0.999988       161034     81920.00
       13.38     0.999989       161034     87381.33
       13.38     0.999989       161034     93622.86
       13.38     0.999990       161034    100824.62
       13.38     0.999991       161034    109226.67
       13.38     0.999992       161034    119156.36
       13.38     0.999992       161034    131072.00
       13.38     0.999993       161034    137970.53
       13.38     0.999993       161034    145635.56
       13.38     0.999994       161034    154202.35
       13.63     0.999994       161035    163840.00
       13.63     1.000000       161035          inf
#[Mean    =        1.490, StdDeviation   =        0.272]
#[Max     =       13.631, Total count    =       161035]
#[Buckets =           20, SubBuckets     =          256]
