       Value   Percentile   TotalCount 1/(1-Percentile)

        0.06     0.000000            5         1.00
        0.17     0.050000       831515         1.05
        0.42     0.100000      1492580         1.11
        0.48     0.150000      2309605         1.18
        0.57     0.200000      3059440         1.25
        0.60     0.250000      3953585         1.33
        0.61     0.300000      5198835         1.43
        0.61     0.350000      7047260         1.54
        0.61     0.400000      7047260         1.67
        0.61     0.450000      7047260         1.82
        0.62     0.500000      8700265         2.00
        0.62     0.525000      8700265         2.11
        0.62     0.550000      8700265         2.22
        0.62     0.575000      8700265         2.35
        0.63     0.600000     10192065         2.50
        0.63     0.625000     10192065         2.67
        0.63     0.650000     10192065         2.86
        0.63     0.675000     10192065         3.08
        0.64     0.700000     11259625         3.33
        0.64     0.725000     11259625         3.64
        0.64     0.750000     11259625         4.00
        0.65     0.762500     11829700         4.21
        0.65     0.775000     11829700         4.44
        0.65     0.787500     11829700         4.71
        0.66     0.800000     12185295         5.00
        0.66     0.812500     12185295         5.33
        0.66     0.825000     12432540         5.71
        0.67     0.837500     12611775         6.15
        0.68     0.850000     12745585         6.67
        0.69     0.862500     12923260         7.27
        0.72     0.875000     13078935         8.00
        0.73     0.881250     13158275         8.42
        0.75     0.887500     13244610         8.89
        0.77     0.893750     13402715         9.41
        0.78     0.900000     13490205        10.00
        0.78     0.906250     13572060        10.67
        0.79     0.912500     13649225        11.43
        0.80     0.918750     13714830        12.31
        0.81     0.925000     13811480        13.33
        0.84     0.931250     13928695        14.55
        0.85     0.937500     14002685        16.00
        0.86     0.940625     14040045        16.84
        0.88     0.943750     14114305        17.78
        0.89     0.946875     14151110        18.82
        0.90     0.950000     14189155        20.00
        0.90     0.953125     14228280        21.33
        0.92     0.956250     14307320        22.86
        0.93     0.959375     14347860        24.62
        0.94     0.962500     14386960        26.67
        0.94     0.965625     14425840        29.09
        0.95     0.968750     14462705        32.00
        0.96     0.970313     14496980        33.68
        0.97     0.971875     14528790        35.56
        0.97     0.973437     14528790        37.65
        0.97     0.975000     14558885        40.00
        0.98     0.976562     14585970        42.67
        0.99     0.978125     14610670        45.71
        1.00     0.979688     14632610        49.23
        1.01     0.981250     14651100        53.33
        1.01     0.982812     14666815        58.18
        1.03     0.984375     14690025        64.00
        1.05     0.985156     14705840        67.37
        1.06     0.985938     14716620        71.11
        1.08     0.986719     14725725        75.29
        1.10     0.987500     14737270        80.00
        1.14     0.988281     14748610        85.33
        1.18     0.989062     14760250        91.43
        1.22     0.989844     14770545        98.46
        1.28     0.990625     14783145       106.67
        1.36     0.991406     14794445       116.36
        1.46     0.992188     14805535       128.00
        1.51     0.992578     14811485       134.74
        1.58     0.992969     14817295       142.22
        1.67     0.993359     14823115       150.59
        1.81     0.993750     14828825       160.00
        2.02     0.994141     14834625       170.67
        2.24     0.994531     14840620       182.86
        2.53     0.994922     14846320       196.92
        2.86     0.995313     14852120       213.33
        3.21     0.995703     14857965       232.73
        3.82     0.996094     14863830       256.00
        4.29     0.996289     14866745       269.47
        4.80     0.996484     14869700       284.44
        5.18     0.996680     14872550       301.18
        5.70     0.996875     14875510       320.00
        6.21     0.997070     14878405       341.33
        6.62     0.997266     14881490       365.71
        7.01     0.997461     14884145       393.85
        7.39     0.997656     14887190       426.67
        7.78     0.997852     14890135       465.45
        8.26     0.998047     14893100       512.00
        8.51     0.998145     14894600       538.95
        8.77     0.998242     14896100       568.89
        8.96     0.998340     14897330       602.35
        9.34     0.998437     14898940       640.00
        9.73     0.998535     14900185       682.67
       10.24     0.998633     14901630       731.43
       11.20     0.998730     14903090       787.69
       12.16     0.998828     14904540       853.33
       12.93     0.998926     14906100       930.91
       14.21     0.999023     14907465      1024.00
       14.85     0.999072     14908205      1077.89
       15.36     0.999121     14908965      1137.78
       15.94     0.999170     14909700      1204.71
       16.25     0.999219     14910400      1280.00
       16.64     0.999268     14911230      1365.33
       17.15     0.999316     14911955      1462.86
       17.66     0.999365     14912590      1575.38
       18.30     0.999414     14913420      1706.67
       19.07     0.999463     14914080      1861.82
       20.09     0.999512     14914805      2048.00
       20.22     0.999536     14915220      2155.79
       20.48     0.999561     14915595      2275.56
       20.73     0.999585     14915895      2409.41
       21.25     0.999609     14916265      2560.00
       21.89     0.999634     14916665      2730.67
       22.40     0.999658     14916995      2925.71
       22.91     0.999683     14917300      3150.77
       23.55     0.999707     14917710      3413.33
       24.06     0.999731     14918015      3723.64
       24.19     0.999756     14918825      4096.00
       24.19     0.999768     14918825      4311.58
       24.19     0.999780     14918825      4551.11
       24.32     0.999792     14919255      4818.82
       24.32     0.999805     14919255      5120.00
       24.45     0.999817     14919445      5461.33
       24.57     0.999829     14919670      5851.43
       24.57     0.999841     14919670      6301.54
       24.83     0.999854     14919835      6826.67
       25.21     0.999866     14920065      7447.27
       25.60     0.999878     14920225      8192.00
       25.86     0.999884     14920290      8623.16
       26.11     0.999890     14920420      9102.22
       26.24     0.999896     14920480      9637.65
       26.88     0.999902     14920565     10240.00
       27.90     0.999908     14920695     10922.67
       28.16     0.999915     14920895     11702.86
       28.16     0.999921     14920895     12603.08
       28.29     0.999927     14921105     13653.33
       28.29     0.999933     14921105     14894.55
       28.29     0.999939     14921105     16384.00
       28.41     0.999942     14921235     17246.32
       28.41     0.999945     14921235     18204.44
       28.54     0.999948     14921390     19275.29
       28.54     0.999951     14921390     20480.00
       28.54     0.999954     14921390     21845.33
       28.54     0.999957     14921390     23405.71
       28.67     0.999960     14921495     25206.15
       28.67     0.999963     14921495     27306.67
       28.80     0.999966     14921555     29789.09
       29.70     0.999969     14921595     32768.00
       29.70     0.999971     14921595     34492.63
       29.95     0.999973     14921635     36408.89
       29.95     0.999974     14921635     38550.59
       32.13     0.999976     14921675     40960.00
       32.13     0.999977     14921675     43690.67
       32.26     0.999979     14921740     46811.43
       32.26     0.999980     14921740     50412.31
       32.38     0.999982     14921775     54613.33
       32.38     0.999983     14921775     59578.18
       32.51     0.999985     14921815     65536.00
       32.51     0.999986     14921815     68985.26
       32.51     0.999986     14921815     72817.78
       34.05     0.999987     14921825     77101.18
       34.30     0.999988     14921855     81920.00
       34.30     0.999989     14921855     87381.33
       36.09     0.999989     14921885     93622.86
       36.09     0.999990     14921885    100824.62
       36.09     0.999991     14921885    109226.67
       36.35     0.999992     14921950    119156.36
       36.35     0.999992     14921950    131072.00
       36.35     0.999993     14921950    137970.53
       36.35     0.999993     14921950    145635.56
       36.35     0.999994     14921950    154202.35
       36.35     0.999994     14921950    163840.00
       36.35     0.999994     14921950    174762.67
       36.35     0.999995     14921950    187245.71
       36.35     0.999995     14921950    201649.23
       36.35     0.999995     14921950    218453.33
       36.61     0.999996     14921975    238312.73
       36.61     0.999996     14921975    262144.00
       36.61     0.999996     14921975    275941.05
       36.61     0.999997     14921975    291271.11
       36.61     0.999997     14921975    308404.71
       36.61     0.999997     14921975    327680.00
       36.61     0.999997     14921975    349525.33
       39.94     0.999997     14922005    374491.43
       39.94     0.999998     14922005    403298.46
       39.94     0.999998     14922005    436906.67
       39.94     0.999998     14922005    476625.45
       39.94     0.999998     14922005    524288.00
       39.94     0.999998     14922005    551882.11
       39.94     0.999998     14922005    582542.22
       39.94     0.999998     14922005    616809.41
       39.94     0.999998     14922005    655360.00
       39.94     0.999999     14922005    699050.67
       39.94     0.999999     14922005    748982.86
       39.94     0.999999     14922005    806596.92
       39.94     0.999999     14922005    873813.33
       39.94     0.999999     14922005    953250.91
       39.94     0.999999     14922005   1048576.00
       39.94     0.999999     14922005   1103764.21
       39.94     0.999999     14922005   1165084.44
       39.94     0.999999     14922005   1233618.82
       39.94     0.999999     14922005   1310720.00
       39.94     0.999999     14922005   1398101.33
       40.19     0.999999     14922015   1497965.71
       40.19     1.000000     14922015          inf
#[Mean    =        0.641, StdDeviation   =        0.778]
#[Max     =       40.191, Total count    =     14922015]
#[Buckets =           20, SubBuckets     =          256]
