       Value   Percentile   TotalCount 1/(1-Percentile)

        0.10     0.000000           20         1.00
        0.18     0.050000      1469950         1.05
        0.19     0.100000      2341120         1.11
        0.20     0.150000      3219240         1.18
        0.21     0.200000      4428560         1.25
        0.21     0.250000      5693310         1.33
        0.21     0.300000      5693310         1.43
        0.22     0.350000      7174660         1.54
        0.23     0.400000      8061560         1.67
        0.24     0.450000      8830680         1.82
        0.25     0.500000      9469110         2.00
        0.26     0.525000      9959180         2.11
        0.26     0.550000     10423400         2.22
        0.27     0.575000     10986630         2.35
        0.28     0.600000     11722550         2.50
        0.28     0.625000     11722550         2.67
        0.29     0.650000     12571700         2.86
        0.29     0.675000     13492280         3.08
        0.29     0.700000     13492280         3.33
        0.30     0.725000     14315710         3.64
        0.30     0.750000     14315710         4.00
        0.30     0.762500     14315710         4.21
        0.31     0.775000     15163920         4.44
        0.31     0.787500     15163920         4.71
        0.31     0.800000     15163920         5.00
        0.32     0.812500     15926200         5.33
        0.32     0.825000     15926200         5.71
        0.32     0.837500     15926200         6.15
        0.32     0.850000     15926200         6.67
        0.33     0.862500     16559200         7.27
        0.33     0.875000     16559200         8.00
        0.33     0.881250     16559200         8.42
        0.34     0.887500     17076300         8.89
        0.34     0.893750     17076300         9.41
        0.34     0.900000     17076300        10.00
        0.34     0.906250     17076300        10.67
        0.34     0.912500     17360640        11.43
        0.34     0.918750     17360640        12.31
        0.34     0.925000     17360640        13.33
        0.35     0.931250     17482760        14.55
        0.37     0.937500     17559280        16.00
        0.46     0.940625     17609070        16.84
        0.53     0.943750     17667910        17.78
        0.62     0.946875     17726990        18.82
        0.82     0.950000     17783300        20.00
        1.31     0.953125     17841210        21.33
        1.42     0.956250     17905000        22.86
        1.55     0.959375     17958150        24.62
        2.16     0.962500     18016880        26.67
        6.30     0.965625     18074750        29.09
        8.70     0.968750     18133220        32.00
       14.14     0.970313     18162530        33.68
       16.38     0.971875     18194700        35.56
       20.22     0.973437     18229230        37.65
       20.35     0.975000     18269980        40.00
       20.61     0.976562     18280330        42.67
       24.19     0.978125     18321100        45.71
       24.32     0.979688     18530140        49.23
       24.32     0.981250     18530140        53.33
       24.32     0.982812     18530140        58.18
       24.32     0.984375     18530140        64.00
       24.32     0.985156     18530140        67.37
       24.32     0.985938     18530140        71.11
       24.32     0.986719     18530140        75.29
       24.32     0.987500     18530140        80.00
       24.32     0.988281     18530140        85.33
       24.32     0.989062     18530140        91.43
       24.32     0.989844     18530140        98.46
       24.45     0.990625     18632000       106.67
       24.45     0.991406     18632000       116.36
       24.45     0.992188     18632000       128.00
       24.45     0.992578     18632000       134.74
       24.45     0.992969     18632000       142.22
       24.45     0.993359     18632000       150.59
       24.45     0.993750     18632000       160.00
       24.45     0.994141     18632000       170.67
       24.45     0.994531     18632000       182.86
       24.45     0.994922     18632000       196.92
       24.45     0.995313     18632000       213.33
       24.96     0.995703     18638500       232.73
       28.29     0.996094     18674910       256.00
       28.29     0.996289     18674910       269.47
       28.29     0.996484     18674910       284.44
       28.29     0.996680     18674910       301.18
       28.29     0.996875     18674910       320.00
       28.29     0.997070     18674910       341.33
       28.29     0.997266     18674910       365.71
       28.29     0.997461     18674910       393.85
       28.29     0.997656     18674910       426.67
       28.41     0.997852     18700570       465.45
       28.41     0.998047     18700570       512.00
       28.41     0.998145     18700570       538.95
       28.41     0.998242     18700570       568.89
       28.41     0.998340     18700570       602.35
       28.41     0.998437     18700570       640.00
       28.41     0.998535     18700570       682.67
       28.41     0.998633     18700570       731.43
       28.41     0.998730     18700570       787.69
       28.41     0.998828     18700570       853.33
       28.41     0.998926     18700570       930.91
       28.41     0.999023     18700570      1024.00
       28.54     0.999072     18701100      1077.89
       28.67     0.999121     18702000      1137.78
       28.93     0.999170     18702640      1204.71
       29.57     0.999219     18703680      1280.00
       32.26     0.999268     18708510      1365.33
       32.26     0.999316     18708510      1462.86
       32.26     0.999365     18708510      1575.38
       32.26     0.999414     18708510      1706.67
       32.26     0.999463     18708510      1861.82
       32.38     0.999512     18714260      2048.00
       32.38     0.999536     18714260      2155.79
       32.38     0.999561     18714260      2275.56
       32.38     0.999585     18714260      2409.41
       32.38     0.999609     18714260      2560.00
       32.38     0.999634     18714260      2730.67
       32.38     0.999658     18714260      2925.71
       32.38     0.999683     18714260      3150.77
       32.38     0.999707     18714260      3413.33
       32.38     0.999731     18714260      3723.64
       32.38     0.999756     18714260      4096.00
       32.38     0.999768     18714260      4311.58
       32.38     0.999780     18714260      4551.11
       32.38     0.999792     18714260      4818.82
       32.51     0.999805     18714510      5120.00
       32.77     0.999817     18714950      5461.33
       32.77     0.999829     18714950      5851.43
       33.02     0.999841     18715230      6301.54
       33.28     0.999854     18715430      6826.67
       33.79     0.999866     18715740      7447.27
       35.58     0.999878     18715870      8192.00
       36.35     0.999884     18717240      8623.16
       36.35     0.999890     18717240      9102.22
       36.35     0.999896     18717240      9637.65
       36.35     0.999902     18717240     10240.00
       36.35     0.999908     18717240     10922.67
       36.35     0.999915     18717240     11702.86
       36.35     0.999921     18717240     12603.08
       36.35     0.999927     18717240     13653.33
       36.35     0.999933     18717240     14894.55
       36.35     0.999939     18717240     16384.00
       36.35     0.999942     18717240     17246.32
       36.35     0.999945     18717240     18204.44
       36.35     0.999948     18717240     19275.29
       36.35     0.999951     18717240     20480.00
       36.61     0.999954     18717440     21845.33
       36.61     0.999957     18717440     23405.71
       36.61     0.999960     18717440     25206.15
       36.86     0.999963     18717510     27306.67
       37.12     0.999966     18717580     29789.09
       37.12     0.999969     18717580     32768.00
       37.38     0.999971     18717610     34492.63
       37.63     0.999973     18717650     36408.89
       37.89     0.999974     18717660     38550.59
       39.17     0.999976     18717690     40960.00
       39.42     0.999977     18717740     43690.67
       40.19     0.999979     18717780     46811.43
       40.19     0.999980     18717780     50412.31
       40.45     0.999982     18718070     54613.33
       40.45     0.999983     18718070     59578.18
       40.45     0.999985     18718070     65536.00
       40.45     0.999986     18718070     68985.26
       40.45     0.999986     18718070     72817.78
       40.45     0.999987     18718070     77101.18
       40.45     0.999988     18718070     81920.00
       40.45     0.999989     18718070     87381.33
       40.45     0.999989     18718070     93622.86
       40.45     0.999990     18718070    100824.62
       40.45     0.999991     18718070    109226.67
       40.45     0.999992     18718070    119156.36
       40.45     0.999992     18718070    131072.00
       40.45     0.999993     18718070    137970.53
       40.45     0.999993     18718070    145635.56
       40.45     0.999994     18718070    154202.35
       40.45     0.999994     18718070    163840.00
       40.45     0.999994     18718070    174762.67
       40.45     0.999995     18718070    187245.71
       40.45     0.999995     18718070    201649.23
       40.45     0.999995     18718070    218453.33
       40.45     0.999996     18718070    238312.73
       40.45     0.999996     18718070    262144.00
       40.70     0.999996     18718090    275941.05
       40.70     0.999997     18718090    291271.11
       40.70     0.999997     18718090    308404.71
       40.70     0.999997     18718090    327680.00
       40.70     0.999997     18718090    349525.33
       40.96     0.999997     18718110    374491.43
       40.96     0.999998     18718110    403298.46
       40.96     0.999998     18718110    436906.67
       40.96     0.999998     18718110    476625.45
       40.96     0.999998     18718110    524288.00
       40.96     0.999998     18718110    551882.11
       40.96     0.999998     18718110    582542.22
       40.96     0.999998     18718110    616809.41
       41.47     0.999998     18718130    655360.00
       41.47     0.999999     18718130    699050.67
       41.47     0.999999     18718130    748982.86
       41.47     0.999999     18718130    806596.92
       41.47     0.999999     18718130    873813.33
       41.47     0.999999     18718130    953250.91
       41.47     0.999999     18718130   1048576.00
       41.47     0.999999     18718130   1103764.21
       41.47     0.999999     18718130   1165084.44
       41.47     0.999999     18718130   1233618.82
       41.47     0.999999     18718130   1310720.00
       41.47     0.999999     18718130   1398101.33
       41.47     0.999999     18718130   1497965.71
       41.47     0.999999     18718130   1613193.85
       41.47     0.999999     18718130   1747626.67
       41.73     0.999999     18718140   1906501.82
       41.73     1.000000     18718140          inf
#[Mean    =        1.011, StdDeviation   =        4.059]
#[Max     =       41.727, Total count    =     18718140]
#[Buckets =           20, SubBuckets     =          256]
