       Value   Percentile   TotalCount 1/(1-Percentile)

        0.18     0.000000            1         1.00
        0.38     0.050000        26689         1.05
        0.41     0.100000        57672         1.11
        0.42     0.150000        92601         1.18
        0.43     0.200000       113787         1.25
        0.44     0.250000       138301         1.33
        0.45     0.300000       165806         1.43
        0.46     0.350000       197003         1.54
        0.46     0.400000       231415         1.67
        0.46     0.450000       231415         1.82
        0.47     0.500000       267889         2.00
        0.48     0.525000       304480         2.11
        0.48     0.550000       304480         2.22
        0.48     0.575000       304480         2.35
        0.49     0.600000       338704         2.50
        0.49     0.625000       338704         2.67
        0.49     0.650000       338704         2.86
        0.49     0.675000       369420         3.08
        0.49     0.700000       369420         3.33
        0.50     0.725000       396109         3.64
        0.50     0.750000       396109         4.00
        0.50     0.762500       396109         4.21
        0.50     0.775000       396109         4.44
        0.51     0.787500       418078         4.71
        0.51     0.800000       418078         5.00
        0.51     0.812500       418078         5.33
        0.52     0.825000       436083         5.71
        0.52     0.837500       436083         6.15
        0.52     0.850000       436083         6.67
        0.53     0.862500       450372         7.27
        0.53     0.875000       450372         8.00
        0.53     0.881250       450372         8.42
        0.54     0.887500       461527         8.89
        0.54     0.893750       461527         9.41
        0.54     0.900000       461527        10.00
        0.54     0.906250       470442        10.67
        0.54     0.912500       470442        11.43
        0.54     0.918750       470442        12.31
        0.55     0.925000       477650        13.33
        0.55     0.931250       477650        14.55
        0.56     0.937500       483616        16.00
        0.56     0.940625       483616        16.84
        0.56     0.943750       483616        17.78
        0.57     0.946875       488654        18.82
        0.57     0.950000       488654        20.00
        0.57     0.953125       488654        21.33
        0.57     0.956250       492994        22.86
        0.57     0.959375       492994        24.62
        0.57     0.962500       492994        26.67
        0.58     0.965625       496677        29.09
        0.58     0.968750       496677        32.00
        0.58     0.970313       496677        33.68
        0.58     0.971875       496677        35.56
        0.59     0.973437       499850        37.65
        0.59     0.975000       499850        40.00
        0.59     0.976562       499850        42.67
        0.60     0.978125       502381        45.71
        0.60     0.979688       502381        49.23
        0.60     0.981250       502381        53.33
        0.60     0.982812       502381        58.18
        0.61     0.984375       504533        64.00
        0.61     0.985156       504533        67.37
        0.61     0.985938       504533        71.11
        0.61     0.986719       504533        75.29
        0.61     0.987500       506157        80.00
        0.61     0.988281       506157        85.33
        0.61     0.989062       506157        91.43
        0.61     0.989844       506157        98.46
        0.62     0.990625       507458       106.67
        0.62     0.991406       507458       116.36
        0.62     0.992188       507458       128.00
        0.62     0.992578       507458       134.74
        0.62     0.992969       507458       142.22
        0.63     0.993359       508425       150.59
        0.63     0.993750       508425       160.00
        0.63     0.994141       508425       170.67
        0.63     0.994531       508425       182.86
        0.64     0.994922       509209       196.92
        0.64     0.995313       509209       213.33
        0.64     0.995703       509209       232.73
        0.64     0.996094       509209       256.00
        0.64     0.996289       509209       269.47
        0.65     0.996484       509761       284.44
        0.65     0.996680       509761       301.18
        0.65     0.996875       509761       320.00
        0.65     0.997070       509761       341.33
        0.65     0.997266       509761       365.71
        0.65     0.997461       509761       393.85
        0.66     0.997656       510122       426.67
        0.66     0.997852       510122       465.45
        0.66     0.998047       510122       512.00
        0.66     0.998145       510122       538.95
        0.66     0.998242       510367       568.89
        0.66     0.998340       510367       602.35
        0.66     0.998437       510367       640.00
        0.66     0.998535       510367       682.67
        0.66     0.998633       510367       731.43
        0.67     0.998730       510530       787.69
        0.67     0.998828       510530       853.33
        0.67     0.998926       510530       930.91
        0.68     0.999023       510636      1024.00
        0.68     0.999072       510636      1077.89
        0.68     0.999121       510636      1137.78
        0.68     0.999170       510636      1204.71
        0.69     0.999219       510729      1280.00
        0.69     0.999268       510729      1365.33
        0.69     0.999316       510729      1462.86
        0.69     0.999365       510729      1575.38
        0.69     0.999414       510785      1706.67
        0.69     0.999463       510785      1861.82
        0.70     0.999512       510829      2048.00
        0.70     0.999536       510829      2155.79
        0.70     0.999561       510829      2275.56
        0.71     0.999585       510861      2409.41
        0.71     0.999609       510861      2560.00
        0.71     0.999634       510861      2730.67
        0.72     0.999658       510895      2925.71
        0.72     0.999683       510895      3150.77
        0.72     0.999707       510895      3413.33
        0.73     0.999731       510912      3723.64
        0.73     0.999756       510925      4096.00
        0.74     0.999768       510936      4311.58
        0.74     0.999780       510936      4551.11
        0.75     0.999792       510944      4818.82
        0.76     0.999805       510955      5120.00
        0.76     0.999817       510955      5461.33
        0.77     0.999829       510960      5851.43
        0.78     0.999841       510968      6301.54
        0.78     0.999854       510971      6826.67
        0.80     0.999866       510980      7447.27
        0.81     0.999878       510985      8192.00
        0.81     0.999884       510985      8623.16
        0.82     0.999890       510988      9102.22
        0.84     0.999896       510994      9637.65
        0.85     0.999902       510996     10240.00
        0.86     0.999908       511000     10922.67
        0.89     0.999915       511001     11702.86
        0.93     0.999921       511004     12603.08
        2.05     0.999927       511007     13653.33
        2.14     0.999933       511010     14894.55
        2.19     0.999939       511013     16384.00
        2.22     0.999942       511015     17246.32
        2.29     0.999945       511016     18204.44
        2.32     0.999948       511018     19275.29
        2.37     0.999951       511020     20480.00
        2.38     0.999954       511021     21845.33
        2.43     0.999957       511023     23405.71
        2.48     0.999960       511024     25206.15
        2.50     0.999963       511026     27306.67
        2.51     0.999966       511027     29789.09
        2.56     0.999969       511029     32768.00
        2.58     0.999971       511031     34492.63
        2.58     0.999973       511031     36408.89
        2.58     0.999974       511031     38550.59
        2.62     0.999976       511033     40960.00
        2.62     0.999977       511033     43690.67
        2.70     0.999979       511034     46811.43
        2.70     0.999980       511034     50412.31
        2.72     0.999982       511035     54613.33
        2.73     0.999983       511036     59578.18
        2.80     0.999985       511037     65536.00
        2.80     0.999986       511037     68985.26
        2.80     0.999986       511037     72817.78
        2.85     0.999987       511038     77101.18
        2.85     0.999988       511038     81920.00
        2.98     0.999989       511039     87381.33
        2.98     0.999989       511039     93622.86
        2.98     0.999990       511039    100824.62
        3.10     0.999991       511040    109226.67
        3.10     0.999992       511040    119156.36
        3.13     0.999992       511041    131072.00
        3.13     0.999993       511041    137970.53
        3.13     0.999993       511041    145635.56
        3.13     0.999994       511041    154202.35
        3.13     0.999994       511041    163840.00
        3.15     0.999994       511042    174762.67
        3.15     0.999995       511042    187245.71
        3.15     0.999995       511042    201649.23
        3.15     0.999995       511042    218453.33
        3.15     0.999996       511042    238312.73
        3.20     0.999996       511043    262144.00
        3.20     0.999996       511043    275941.05
        3.20     0.999997       511043    291271.11
        3.20     0.999997       511043    308404.71
        3.20     0.999997       511043    327680.00
        3.20     0.999997       511043    349525.33
        3.20     0.999997       511043    374491.43
        3.20     0.999998       511043    403298.46
        3.20     0.999998       511043    436906.67
        3.20     0.999998       511043    476625.45
        3.21     0.999998       511044    524288.00
        3.21     1.000000       511044          inf
#[Mean    =        0.470, StdDeviation   =        0.058]
#[Max     =        3.215, Total count    =       511044]
#[Buckets =           20, SubBuckets     =          256]
