       Value   Percentile   TotalCount 1/(1-Percentile)

        0.15     0.000000            1         1.00
        0.23     0.050000        51184         1.05
        0.24     0.100000        78962         1.11
        0.26     0.150000       107343         1.18
        0.29     0.200000       145022         1.25
        0.29     0.250000       176081         1.33
        0.30     0.300000       212700         1.43
        0.31     0.350000       250394         1.54
        0.32     0.400000       284672         1.67
        0.34     0.450000       318252         1.82
        0.35     0.500000       387610         2.00
        0.35     0.525000       387610         2.11
        0.35     0.550000       387610         2.22
        0.36     0.575000       440836         2.35
        0.36     0.600000       440836         2.50
        0.36     0.625000       440836         2.67
        0.37     0.650000       488884         2.86
        0.37     0.675000       488884         3.08
        0.37     0.700000       488884         3.33
        0.38     0.725000       530587         3.64
        0.38     0.750000       530587         4.00
        0.38     0.762500       530587         4.21
        0.38     0.775000       563632         4.44
        0.38     0.787500       563632         4.71
        0.38     0.800000       563632         5.00
        0.39     0.812500       581635         5.33
        0.39     0.825000       581635         5.71
        0.40     0.837500       588891         6.15
        0.41     0.850000       592286         6.67
        0.46     0.862500       600209         7.27
        0.48     0.875000       608921         8.00
        0.49     0.881250       617058         8.42
        0.49     0.887500       630689         8.89
        0.49     0.893750       630689         9.41
        0.49     0.900000       630689        10.00
        0.49     0.906250       630689        10.67
        0.50     0.912500       649756        11.43
        0.50     0.918750       649756        12.31
        0.50     0.925000       649756        13.33
        0.50     0.931250       649756        14.55
        0.51     0.937500       670154        16.00
        0.51     0.940625       670154        16.84
        0.51     0.943750       670154        17.78
        0.51     0.946875       670154        18.82
        0.51     0.950000       670154        20.00
        0.51     0.953125       670154        21.33
        0.51     0.956250       670154        22.86
        0.51     0.959375       670154        24.62
        0.51     0.962500       670154        26.67
        0.52     0.965625       684882        29.09
        0.52     0.968750       684882        32.00
        0.52     0.970313       684882        33.68
        0.52     0.971875       684882        35.56
        0.52     0.973437       684882        37.65
        0.52     0.975000       684882        40.00
        0.52     0.976562       684882        42.67
        0.52     0.978125       684882        45.71
        0.52     0.979688       684882        49.23
        0.52     0.981250       684882        53.33
        0.52     0.982812       684882        58.18
        0.52     0.984375       684882        64.00
        0.53     0.985156       691919        67.37
        0.53     0.985938       691919        71.11
        0.53     0.986719       691919        75.29
        0.53     0.987500       691919        80.00
        0.53     0.988281       691919        85.33
        0.53     0.989062       691919        91.43
        0.53     0.989844       691919        98.46
        0.53     0.990625       691919       106.67
        0.53     0.991406       691919       116.36
        0.53     0.992188       691919       128.00
        0.53     0.992578       691919       134.74
        0.53     0.992969       691919       142.22
        0.53     0.993359       691919       150.59
        0.53     0.993750       691919       160.00
        0.53     0.994141       691919       170.67
        0.53     0.994531       691919       182.86
        0.54     0.994922       694288       196.92
        0.54     0.995313       694288       213.33
        0.54     0.995703       694288       232.73
        0.54     0.996094       694288       256.00
        0.54     0.996289       694288       269.47
        0.54     0.996484       694288       284.44
        0.54     0.996680       694288       301.18
        0.54     0.996875       694288       320.00
        0.54     0.997070       694288       341.33
        0.54     0.997266       694288       365.71
        0.54     0.997461       694288       393.85
        0.54     0.997656       694288       426.67
        0.54     0.997852       694288       465.45
        0.54     0.998047       694288       512.00
        0.54     0.998145       694288       538.95
        0.54     0.998242       694916       568.89
        0.54     0.998340       694916       602.35
        0.54     0.998437       694916       640.00
        0.54     0.998535       694916       682.67
        0.54     0.998633       694916       731.43
        0.54     0.998730       694916       787.69
        0.54     0.998828       694916       853.33
        0.54     0.998926       694916       930.91
        0.54     0.999023       694916      1024.00
        0.54     0.999072       694916      1077.89
        0.55     0.999121       695111      1137.78
        0.55     0.999170       695111      1204.71
        0.55     0.999219       695111      1280.00
        0.55     0.999268       695111      1365.33
        0.55     0.999316       695111      1462.86
        0.55     0.999365       695111      1575.38
        0.56     0.999414       695223      1706.67
        0.56     0.999463       695223      1861.82
        0.56     0.999512       695223      2048.00
        0.56     0.999536       695223      2155.79
        0.57     0.999561       695264      2275.56
        0.57     0.999585       695264      2409.41
        0.57     0.999609       695290      2560.00
        0.57     0.999634       695290      2730.67
        0.58     0.999658       695316      2925.71
        0.58     0.999683       695316      3150.77
        0.59     0.999707       695335      3413.33
        0.61     0.999731       695363      3723.64
        0.61     0.999756       695380      4096.00
        0.61     0.999768       695380      4311.58
        0.62     0.999780       695389      4551.11
        0.63     0.999792       695399      4818.82
        0.64     0.999805       695407      5120.00
        0.65     0.999817       695421      5461.33
        0.65     0.999829       695421      5851.43
        0.66     0.999841       695429      6301.54
        0.66     0.999854       695435      6826.67
        0.68     0.999866       695444      7447.27
        0.69     0.999878       695455      8192.00
        0.70     0.999884       695462      8623.16
        0.70     0.999890       695462      9102.22
        0.71     0.999896       695466      9637.65
        0.72     0.999902       695470     10240.00
        0.73     0.999908       695476     10922.67
        0.73     0.999915       695479     11702.86
        0.74     0.999921       695481     12603.08
        0.75     0.999927       695487     13653.33
        0.76     0.999933       695491     14894.55
        0.77     0.999939       695496     16384.00
        0.77     0.999942       695496     17246.32
        0.78     0.999945       695503     18204.44
        0.78     0.999948       695503     19275.29
        0.78     0.999951       695503     20480.00
        0.78     0.999954       695508     21845.33
        0.78     0.999957       695508     23405.71
        0.79     0.999960       695513     25206.15
        0.79     0.999963       695513     27306.67
        0.79     0.999966       695513     29789.09
        0.81     0.999969       695516     32768.00
        0.81     0.999971       695516     34492.63
        0.81     0.999973       695518     36408.89
        0.81     0.999974       695518     38550.59
        0.82     0.999976       695522     40960.00
        0.82     0.999977       695522     43690.67
        0.82     0.999979       695522     46811.43
        0.83     0.999980       695527     50412.31
        0.83     0.999982       695527     54613.33
        0.83     0.999983       695527     59578.18
        0.83     0.999985       695527     65536.00
        0.83     0.999986       695527     68985.26
        0.83     0.999986       695527     72817.78
        0.83     0.999987       695527     77101.18
        0.85     0.999988       695528     81920.00
        0.86     0.999989       695529     87381.33
        0.86     0.999989       695529     93622.86
        0.87     0.999990       695532    100824.62
        0.87     0.999991       695532    109226.67
        0.87     0.999992       695532    119156.36
        0.87     0.999992       695532    131072.00
        0.87     0.999993       695532    137970.53
        0.87     0.999993       695532    145635.56
        0.87     0.999994       695532    154202.35
        0.87     0.999994       695532    163840.00
        0.88     0.999994       695534    174762.67
        0.88     0.999995       695534    187245.71
        0.88     0.999995       695534    201649.23
        0.88     0.999995       695534    218453.33
        0.88     0.999996       695534    238312.73
        0.88     0.999996       695534    262144.00
        0.88     0.999996       695534    275941.05
        0.88     0.999997       695534    291271.11
        0.88     0.999997       695534    308404.71
        0.88     0.999997       695534    327680.00
        0.91     0.999997       695535    349525.33
        0.91     0.999997       695535    374491.43
        0.91     0.999998       695535    403298.46
        0.91     0.999998       695535    436906.67
        0.91     0.999998       695535    476625.45
        0.91     0.999998       695535    524288.00
        0.91     0.999998       695535    551882.11
        0.91     0.999998       695535    582542.22
        0.91     0.999998       695535    616809.41
        0.91     0.999998       695535    655360.00
        1.03     0.999999       695536    699050.67
        1.03     1.000000       695536          inf
#[Mean    =        0.345, StdDeviation   =        0.080]
#[Max     =        1.031, Total count    =       695536]
#[Buckets =           20, SubBuckets     =          256]
