       Value   Percentile   TotalCount 1/(1-Percentile)

        0.20     0.000000            1         1.00
        0.44     0.050000        19628         1.05
        0.47     0.100000        38208         1.11
        0.52     0.150000        57108         1.18
        0.55     0.200000        79690         1.25
        0.57     0.250000        99098         1.33
        0.57     0.300000       110094         1.43
        0.59     0.350000       130907         1.54
        0.61     0.400000       147225         1.67
        0.63     0.450000       165504         1.82
        0.66     0.500000       188396         2.00
        0.66     0.525000       198012         2.11
        0.67     0.550000       208710         2.22
        0.68     0.575000       219793         2.35
        0.68     0.600000       219793         2.50
        0.69     0.625000       231475         2.67
        0.69     0.650000       242781         2.86
        0.70     0.675000       253881         3.08
        0.71     0.700000       264453         3.33
        0.72     0.725000       273841         3.64
        0.72     0.750000       273841         4.00
        0.73     0.762500       282064         4.21
        0.73     0.775000       289069         4.44
        0.73     0.787500       289069         4.71
        0.74     0.800000       294747         5.00
        0.75     0.812500       299124         5.33
        0.76     0.825000       302491         5.71
        0.78     0.837500       306821         6.15
        0.80     0.850000       310364         6.67
        0.85     0.862500       315697         7.27
        0.88     0.875000       320867         8.00
        0.89     0.881250       323516         8.42
        0.90     0.887500       326528         8.89
        0.90     0.893750       326528         9.41
        0.90     0.900000       329973        10.00
        0.91     0.906250       333736        10.67
        0.91     0.912500       333736        11.43
        0.92     0.918750       337793        12.31
        0.92     0.925000       337793        13.33
        0.93     0.931250       341823        14.55
        0.94     0.937500       345744        16.00
        0.94     0.940625       345744        16.84
        0.94     0.943750       345744        17.78
        0.94     0.946875       345744        18.82
        0.94     0.950000       349383        20.00
        0.94     0.953125       349383        21.33
        0.94     0.956250       349383        22.86
        0.95     0.959375       352597        24.62
        0.95     0.962500       352597        26.67
        0.95     0.965625       352597        29.09
        0.96     0.968750       355287        32.00
        0.96     0.970313       355287        33.68
        0.96     0.971875       355287        35.56
        0.96     0.973437       355287        37.65
        0.97     0.975000       357466        40.00
        0.97     0.976562       357466        42.67
        0.97     0.978125       357466        45.71
        0.97     0.979688       359211        49.23
        0.97     0.981250       359211        53.33
        0.97     0.982812       359211        58.18
        0.97     0.984375       359211        64.00
        0.98     0.985156       360504        67.37
        0.98     0.985938       360504        71.11
        0.98     0.986719       360504        75.29
        0.98     0.987500       360504        80.00
        0.99     0.988281       361522        85.33
        0.99     0.989062       361522        91.43
        0.99     0.989844       361522        98.46
        0.99     0.990625       361522       106.67
        1.00     0.991406       362238       116.36
        1.00     0.992188       362238       128.00
        1.00     0.992578       362238       134.74
        1.01     0.992969       362760       142.22
        1.01     0.993359       362760       150.59
        1.01     0.993750       362760       160.00
        1.01     0.994141       362760       170.67
        1.01     0.994531       363152       182.86
        1.01     0.994922       363152       196.92
        1.02     0.995313       363471       213.33
        1.02     0.995703       363471       232.73
        1.02     0.996094       363471       256.00
        1.03     0.996289       363707       269.47
        1.03     0.996484       363707       284.44
        1.03     0.996680       363707       301.18
        1.04     0.996875       363892       320.00
        1.04     0.997070       363892       341.33
        1.04     0.997266       363892       365.71
        1.05     0.997461       364038       393.85
        1.05     0.997656       364038       426.67
        1.05     0.997852       364156       465.45
        1.06     0.998047       364264       512.00
        1.06     0.998145       364264       538.95
        1.06     0.998242       364264       568.89
        1.07     0.998340       364347       602.35
        1.07     0.998437       364347       640.00
        1.08     0.998535       364431       682.67
        1.08     0.998633       364431       731.43
        1.08     0.998730       364431       787.69
        1.09     0.998828       364498       853.33
        1.09     0.998926       364498       930.91
        1.09     0.999023       364557      1024.00
        1.09     0.999072       364557      1077.89
        1.10     0.999121       364595      1137.78
        1.10     0.999170       364595      1204.71
        1.11     0.999219       364629      1280.00
        1.11     0.999268       364629      1365.33
        1.12     0.999316       364657      1462.86
        1.12     0.999365       364657      1575.38
        1.13     0.999414       364686      1706.67
        1.14     0.999463       364704      1861.82
        1.14     0.999512       364729      2048.00
        1.14     0.999536       364729      2155.79
        1.14     0.999561       364729      2275.56
        1.15     0.999585       364751      2409.41
        1.15     0.999609       364751      2560.00
        1.16     0.999634       364761      2730.67
        1.17     0.999658       364773      2925.71
        1.17     0.999683       364773      3150.77
        1.18     0.999707       364783      3413.33
        1.20     0.999731       364792      3723.64
        1.21     0.999756       364800      4096.00
        1.22     0.999768       364805      4311.58
        1.24     0.999780       364807      4551.11
        1.29     0.999792       364813      4818.82
        1.31     0.999805       364816      5120.00
        1.38     0.999817       364821      5461.33
        1.42     0.999829       364826      5851.43
        1.50     0.999841       364830      6301.54
        1.59     0.999854       364834      6826.67
        3.85     0.999866       364839      7447.27
        3.92     0.999878       364843      8192.00
        3.95     0.999884       364845      8623.16
        4.03     0.999890       364847      9102.22
        4.08     0.999896       364850      9637.65
        4.16     0.999902       364852     10240.00
        4.35     0.999908       364854     10922.67
        4.51     0.999915       364856     11702.86
        4.64     0.999921       364859     12603.08
        4.67     0.999927       364862     13653.33
        4.70     0.999933       364864     14894.55
        4.74     0.999939       364865     16384.00
        4.77     0.999942       364868     17246.32
        4.77     0.999945       364868     18204.44
        4.80     0.999948       364870     19275.29
        4.80     0.999951       364870     20480.00
        4.89     0.999954       364871     21845.33
        4.93     0.999957       364872     23405.71
        4.96     0.999960       364873     25206.15
        4.99     0.999963       364874     27306.67
        5.02     0.999966       364875     29789.09
        6.56     0.999969       364876     32768.00
        6.59     0.999971       364877     34492.63
        6.59     0.999973       364877     36408.89
        6.62     0.999974       364879     38550.59
        6.62     0.999976       364879     40960.00
        6.62     0.999977       364879     43690.67
        6.69     0.999979       364880     46811.43
        6.69     0.999980       364880     50412.31
        6.78     0.999982       364881     54613.33
        6.78     0.999983       364881     59578.18
        6.85     0.999985       364882     65536.00
        6.85     0.999986       364882     68985.26
        6.85     0.999986       364882     72817.78
        6.94     0.999987       364883     77101.18
        6.94     0.999988       364883     81920.00
        6.94     0.999989       364883     87381.33
        7.07     0.999989       364884     93622.86
        7.07     0.999990       364884    100824.62
        7.07     0.999991       364884    109226.67
        7.07     0.999992       364884    119156.36
        7.20     0.999992       364885    131072.00
        7.20     0.999993       364885    137970.53
        7.20     0.999993       364885    145635.56
        7.20     0.999994       364885    154202.35
        7.20     0.999994       364885    163840.00
        7.20     0.999994       364885    174762.67
        7.23     0.999995       364887    187245.71
        7.23     1.000000       364887          inf
#[Mean    =        0.657, StdDeviation   =        0.152]
#[Max     =        7.231, Total count    =       364887]
#[Buckets =           20, SubBuckets     =          256]
