       Value   Percentile   TotalCount 1/(1-Percentile)

        0.20     0.000000            1         1.00
        0.33     0.050000        39064         1.05
        0.34     0.100000        52663         1.11
        0.38     0.150000        75943         1.18
        0.41     0.200000       109388         1.25
        0.41     0.250000       127267         1.33
        0.43     0.300000       163890         1.43
        0.44     0.350000       181194         1.54
        0.46     0.400000       205782         1.67
        0.47     0.450000       227025         1.82
        0.49     0.500000       264867         2.00
        0.49     0.525000       264867         2.11
        0.49     0.550000       289778         2.22
        0.49     0.575000       289778         2.35
        0.50     0.600000       315925         2.50
        0.50     0.625000       315925         2.67
        0.51     0.650000       342118         2.86
        0.51     0.675000       342118         3.08
        0.52     0.700000       367010         3.33
        0.52     0.725000       367010         3.64
        0.53     0.750000       386882         4.00
        0.53     0.762500       386882         4.21
        0.53     0.775000       386882         4.44
        0.54     0.787500       400724         4.71
        0.54     0.800000       400724         5.00
        0.54     0.812500       409093         5.33
        0.54     0.825000       409093         5.71
        0.56     0.837500       416863         6.15
        0.58     0.850000       421431         6.67
        0.66     0.862500       426985         7.27
        0.67     0.875000       434003         8.00
        0.68     0.881250       440853         8.42
        0.68     0.887500       440853         8.89
        0.69     0.893750       449701         9.41
        0.69     0.900000       449701        10.00
        0.69     0.906250       449701        10.67
        0.69     0.912500       459552        11.43
        0.69     0.918750       459552        12.31
        0.69     0.925000       459552        13.33
        0.70     0.931250       469167        14.55
        0.70     0.937500       469167        16.00
        0.70     0.940625       469167        16.84
        0.70     0.943750       469167        17.78
        0.70     0.946875       469167        18.82
        0.71     0.950000       477002        20.00
        0.71     0.953125       477002        21.33
        0.71     0.956250       477002        22.86
        0.71     0.959375       477002        24.62
        0.71     0.962500       477002        26.67
        0.72     0.965625       482739        29.09
        0.72     0.968750       482739        32.00
        0.72     0.970313       482739        33.68
        0.72     0.971875       482739        35.56
        0.72     0.973437       482739        37.65
        0.72     0.975000       482739        40.00
        0.73     0.976562       486525        42.67
        0.73     0.978125       486525        45.71
        0.73     0.979688       486525        49.23
        0.73     0.981250       486525        53.33
        0.73     0.982812       486525        58.18
        0.73     0.984375       488873        64.00
        0.73     0.985156       488873        67.37
        0.73     0.985938       488873        71.11
        0.73     0.986719       488873        75.29
        0.73     0.987500       488873        80.00
        0.74     0.988281       490355        85.33
        0.74     0.989062       490355        91.43
        0.74     0.989844       490355        98.46
        0.75     0.990625       491333       106.67
        0.75     0.991406       491333       116.36
        0.75     0.992188       491333       128.00
        0.76     0.992578       492043       134.74
        0.76     0.992969       492043       142.22
        0.76     0.993359       492043       150.59
        0.76     0.993750       492043       160.00
        0.77     0.994141       492525       170.67
        0.77     0.994531       492525       182.86
        0.77     0.994922       492525       196.92
        0.78     0.995313       492910       213.33
        0.78     0.995703       492910       232.73
        0.78     0.996094       493243       256.00
        0.78     0.996289       493243       269.47
        0.79     0.996484       493550       284.44
        0.79     0.996680       493550       301.18
        0.79     0.996875       493550       320.00
        0.80     0.997070       493839       341.33
        0.80     0.997266       493839       365.71
        0.80     0.997461       493839       393.85
        0.81     0.997656       494056       426.67
        0.81     0.997852       494056       465.45
        0.81     0.998047       494056       512.00
        0.81     0.998145       494246       538.95
        0.81     0.998242       494246       568.89
        0.81     0.998340       494246       602.35
        0.81     0.998437       494246       640.00
        0.82     0.998535       494434       682.67
        0.82     0.998633       494434       731.43
        0.82     0.998730       494434       787.69
        0.82     0.998828       494434       853.33
        0.83     0.998926       494580       930.91
        0.83     0.999023       494580      1024.00
        0.83     0.999072       494580      1077.89
        0.83     0.999121       494580      1137.78
        0.84     0.999170       494683      1204.71
        0.84     0.999219       494683      1280.00
        0.84     0.999268       494683      1365.33
        0.84     0.999316       494683      1462.86
        0.85     0.999365       494770      1575.38
        0.85     0.999414       494770      1706.67
        0.85     0.999463       494770      1861.82
        0.85     0.999512       494770      2048.00
        0.85     0.999536       494823      2155.79
        0.85     0.999561       494823      2275.56
        0.85     0.999585       494823      2409.41
        0.85     0.999609       494823      2560.00
        0.86     0.999634       494851      2730.67
        0.86     0.999658       494851      2925.71
        0.87     0.999683       494873      3150.77
        0.87     0.999707       494873      3413.33
        0.88     0.999731       494887      3723.64
        0.89     0.999756       494896      4096.00
        0.90     0.999768       494900      4311.58
        0.90     0.999780       494905      4551.11
        0.91     0.999792       494910      4818.82
        0.93     0.999805       494919      5120.00
        0.94     0.999817       494923      5461.33
        0.95     0.999829       494927      5851.43
        0.98     0.999841       494934      6301.54
        1.03     0.999854       494940      6826.67
        1.07     0.999866       494945      7447.27
        1.62     0.999878       494952      8192.00
        1.66     0.999884       494954      8623.16
        1.80     0.999890       494957      9102.22
        2.45     0.999896       494960      9637.65
        2.58     0.999902       494963     10240.00
        2.65     0.999908       494967     10922.67
        2.67     0.999915       494971     11702.86
        2.69     0.999921       494974     12603.08
        2.70     0.999927       494976     13653.33
        2.77     0.999933       494978     14894.55
        2.85     0.999939       494982     16384.00
        2.86     0.999942       494983     17246.32
        2.88     0.999945       494985     18204.44
        2.90     0.999948       494986     19275.29
        2.91     0.999951       494990     20480.00
        2.91     0.999954       494990     21845.33
        2.91     0.999957       494990     23405.71
        2.96     0.999960       494993     25206.15
        2.96     0.999963       494993     27306.67
        3.01     0.999966       494995     29789.09
        3.09     0.999969       494996     32768.00
        3.12     0.999971       494997     34492.63
        3.15     0.999973       494998     36408.89
        3.20     0.999974       494999     38550.59
        3.20     0.999976       494999     40960.00
        3.69     0.999977       495000     43690.67
        3.82     0.999979       495001     46811.43
        3.94     0.999980       495002     50412.31
        3.94     0.999982       495002     54613.33
        3.97     0.999983       495003     59578.18
        3.98     0.999985       495004     65536.00
        3.98     0.999986       495004     68985.26
        4.05     0.999986       495006     72817.78
        4.05     0.999987       495006     77101.18
        4.05     0.999988       495006     81920.00
        4.05     0.999989       495006     87381.33
        4.05     0.999989       495006     93622.86
        4.09     0.999990       495007    100824.62
        4.09     0.999991       495007    109226.67
        4.09     0.999992       495007    119156.36
        4.13     0.999992       495008    131072.00
        4.13     0.999993       495008    137970.53
        4.13     0.999993       495008    145635.56
        4.13     0.999994       495008    154202.35
        4.13     0.999994       495008    163840.00
        4.22     0.999994       495009    174762.67
        4.22     0.999995       495009    187245.71
        4.22     0.999995       495009    201649.23
        4.22     0.999995       495009    218453.33
        4.22     0.999996       495009    238312.73
        4.29     0.999996       495010    262144.00
        4.29     0.999996       495010    275941.05
        4.29     0.999997       495010    291271.11
        4.29     0.999997       495010    308404.71
        4.29     0.999997       495010    327680.00
        4.29     0.999997       495010    349525.33
        4.29     0.999997       495010    374491.43
        4.29     0.999998       495010    403298.46
        4.29     0.999998       495010    436906.67
        4.29     0.999998       495010    476625.45
        4.35     0.999998       495011    524288.00
        4.35     1.000000       495011          inf
#[Mean    =        0.485, StdDeviation   =        0.114]
#[Max     =        4.351, Total count    =       495011]
#[Buckets =           20, SubBuckets     =          256]
