       Value   Percentile   TotalCount 1/(1-Percentile)

        0.17     0.000000            1         1.00
        0.62     0.050000        17847         1.05
        0.66     0.100000        38238         1.11
        0.67     0.150000        54960         1.18
        0.69     0.200000        75880         1.25
        0.69     0.250000        88321         1.33
        0.70     0.300000       101874         1.43
        0.71     0.350000       116376         1.54
        0.72     0.400000       131328         1.67
        0.73     0.450000       147159         1.82
        0.73     0.500000       163223         2.00
        0.74     0.525000       179251         2.11
        0.74     0.550000       179251         2.22
        0.75     0.575000       194647         2.35
        0.76     0.600000       209318         2.50
        0.76     0.625000       209318         2.67
        0.77     0.650000       223325         2.86
        0.77     0.675000       223325         3.08
        0.78     0.700000       236252         3.33
        0.78     0.725000       236252         3.64
        0.78     0.750000       248170         4.00
        0.78     0.762500       248170         4.21
        0.79     0.775000       258946         4.44
        0.79     0.787500       258946         4.71
        0.80     0.800000       268611         5.00
        0.80     0.812500       268611         5.33
        0.80     0.825000       268611         5.71
        0.81     0.837500       277045         6.15
        0.81     0.850000       277045         6.67
        0.81     0.862500       284489         7.27
        0.82     0.875000       290803         8.00
        0.82     0.881250       290803         8.42
        0.82     0.887500       290803         8.89
        0.82     0.893750       290803         9.41
        0.83     0.900000       296321        10.00
        0.83     0.906250       296321        10.67
        0.84     0.912500       300987        11.43
        0.84     0.918750       300987        12.31
        0.84     0.925000       300987        13.33
        0.85     0.931250       304988        14.55
        0.85     0.937500       308515        16.00
        0.85     0.940625       308515        16.84
        0.85     0.943750       308515        17.78
        0.85     0.946875       308515        18.82
        0.86     0.950000       311354        20.00
        0.86     0.953125       311354        21.33
        0.86     0.956250       311354        22.86
        0.87     0.959375       313735        24.62
        0.87     0.962500       313735        26.67
        0.88     0.965625       315819        29.09
        0.88     0.968750       315819        32.00
        0.88     0.970313       315819        33.68
        0.89     0.971875       317540        35.56
        0.89     0.973437       317540        37.65
        0.89     0.975000       317540        40.00
        0.90     0.976562       318899        42.67
        0.90     0.978125       318899        45.71
        0.90     0.979688       318899        49.23
        0.90     0.981250       320038        53.33
        0.90     0.982812       320038        58.18
        0.91     0.984375       321042        64.00
        0.91     0.985156       321042        67.37
        0.91     0.985938       321042        71.11
        0.91     0.986719       321042        75.29
        0.92     0.987500       321803        80.00
        0.92     0.988281       321803        85.33
        0.92     0.989062       321803        91.43
        0.93     0.989844       322458        98.46
        0.93     0.990625       322458       106.67
        0.94     0.991406       322988       116.36
        0.94     0.992188       322988       128.00
        0.94     0.992578       322988       134.74
        0.94     0.992969       323453       142.22
        0.94     0.993359       323453       150.59
        0.94     0.993750       323453       160.00
        0.94     0.994141       323453       170.67
        0.95     0.994531       323820       182.86
        0.95     0.994922       323820       196.92
        0.95     0.995313       323820       213.33
        0.96     0.995703       324087       232.73
        0.96     0.996094       324087       256.00
        0.97     0.996289       324306       269.47
        0.97     0.996484       324306       284.44
        0.97     0.996680       324306       301.18
        0.97     0.996875       324455       320.00
        0.97     0.997070       324455       341.33
        0.97     0.997266       324455       365.71
        0.98     0.997461       324584       393.85
        0.98     0.997656       324584       426.67
        0.99     0.997852       324700       465.45
        1.00     0.998047       324784       512.00
        1.00     0.998145       324784       538.95
        1.00     0.998242       324784       568.89
        1.01     0.998340       324850       602.35
        1.01     0.998437       324850       640.00
        1.01     0.998535       324916       682.67
        1.01     0.998633       324916       731.43
        1.02     0.998730       324967       787.69
        1.02     0.998828       324967       853.33
        1.03     0.998926       325001       930.91
        1.04     0.999023       325032      1024.00
        1.05     0.999072       325044      1077.89
        1.05     0.999121       325062      1137.78
        1.06     0.999170       325084      1204.71
        1.07     0.999219       325095      1280.00
        1.08     0.999268       325111      1365.33
        1.09     0.999316       325128      1462.86
        1.10     0.999365       325140      1575.38
        1.12     0.999414       325152      1706.67
        1.14     0.999463       325167      1861.82
        1.16     0.999512       325190      2048.00
        1.17     0.999536       325195      2155.79
        1.18     0.999561       325206      2275.56
        1.18     0.999585       325206      2409.41
        1.20     0.999609       325214      2560.00
        1.22     0.999634       325224      2730.67
        1.22     0.999658       325230      2925.71
        1.23     0.999683       325244      3150.77
        1.24     0.999707       325249      3413.33
        1.25     0.999731       325259      3723.64
        1.26     0.999756       325264      4096.00
        1.27     0.999768       325267      4311.58
        1.29     0.999780       325272      4551.11
        1.29     0.999792       325275      4818.82
        1.31     0.999805       325282      5120.00
        1.31     0.999817       325282      5461.33
        1.33     0.999829       325289      5851.43
        1.34     0.999841       325292      6301.54
        1.35     0.999854       325295      6826.67
        1.36     0.999866       325298      7447.27
        1.42     0.999878       325302      8192.00
        1.45     0.999884       325304      8623.16
        2.32     0.999890       325306      9102.22
        2.81     0.999896       325308      9637.65
        2.91     0.999902       325310     10240.00
        3.21     0.999908       325312     10922.67
        3.47     0.999915       325315     11702.86
        3.62     0.999921       325316     12603.08
        3.81     0.999927       325318     13653.33
        4.19     0.999933       325320     14894.55
        4.25     0.999939       325322     16384.00
        4.74     0.999942       325323     17246.32
        4.86     0.999945       325324     18204.44
        4.89     0.999948       325325     19275.29
        4.93     0.999951       325326     20480.00
        5.18     0.999954       325327     21845.33
        5.28     0.999957       325329     23405.71
        5.28     0.999960       325329     25206.15
        8.89     0.999963       325331     27306.67
        8.89     0.999966       325331     29789.09
        8.96     0.999969       325333     32768.00
        8.96     0.999971       325333     34492.63
        8.96     0.999973       325333     36408.89
        8.96     0.999974       325333     38550.59
       15.42     0.999976       325334     40960.00
       15.42     0.999977       325334     43690.67
       15.49     0.999979       325337     46811.43
       15.49     0.999980       325337     50412.31
       15.49     0.999982       325337     54613.33
       15.49     0.999983       325337     59578.18
       15.49     0.999985       325337     65536.00
       15.49     0.999986       325337     68985.26
       15.49     0.999986       325337     72817.78
       15.49     0.999987       325337     77101.18
       24.83     0.999988       325339     81920.00
       24.83     0.999989       325339     87381.33
       24.83     0.999989       325339     93622.86
       24.83     0.999990       325339    100824.62
       24.83     0.999991       325339    109226.67
       24.83     0.999992       325339    119156.36
       24.83     0.999992       325339    131072.00
       24.83     0.999993       325339    137970.53
       24.83     0.999993       325339    145635.56
       24.83     0.999994       325339    154202.35
       24.96     0.999994       325341    163840.00
       24.96     1.000000       325341          inf
#[Mean    =        0.737, StdDeviation   =        0.131]
#[Max     =       24.959, Total count    =       325341]
#[Buckets =           20, SubBuckets     =          256]
