       Value   Percentile   TotalCount 1/(1-Percentile)

        0.11     0.000000            5         1.00
        0.26     0.050000       494495         1.05
        0.30     0.100000       820185         1.11
        0.61     0.150000      1207740         1.18
        0.87     0.200000      1635245         1.25
        0.97     0.250000      2011065         1.33
        1.02     0.300000      2422805         1.43
        1.06     0.350000      2891750         1.54
        1.09     0.400000      3303520         1.67
        1.10     0.450000      3653935         1.82
        1.12     0.500000      4040140         2.00
        1.13     0.525000      4237295         2.11
        1.14     0.550000      4428215         2.22
        1.15     0.575000      4785770         2.35
        1.16     0.600000      4947570         2.50
        1.17     0.625000      5099820         2.67
        1.18     0.650000      5242500         2.86
        1.19     0.675000      5497370         3.08
        1.21     0.700000      5721155         3.33
        1.22     0.725000      5908300         3.64
        1.24     0.750000      6062050         4.00
        1.25     0.762500      6183075         4.21
        1.26     0.775000      6233490         4.44
        1.29     0.787500      6352505         4.71
        1.31     0.800000      6444855         5.00
        1.33     0.812500      6529980         5.33
        1.37     0.825000      6641955         5.71
        1.40     0.837500      6753135         6.15
        1.42     0.850000      6831240         6.67
        1.46     0.862500      6953910         7.27
        1.50     0.875000      7053145         8.00
        1.51     0.881250      7101095         8.42
        1.53     0.887500      7146955         8.89
        1.54     0.893750      7189935         9.41
        1.57     0.900000      7250970        10.00
        1.58     0.906250      7290420        10.67
        1.61     0.912500      7349915        11.43
        1.62     0.918750      7389335        12.31
        1.65     0.925000      7448525        13.33
        1.66     0.931250      7488065        14.55
        1.69     0.937500      7545215        16.00
        1.70     0.940625      7563405        16.84
        1.71     0.943750      7600090        17.78
        1.72     0.946875      7618270        18.82
        1.73     0.950000      7635715        20.00
        1.74     0.953125      7668610        21.33
        1.76     0.956250      7699975        22.86
        1.77     0.959375      7714645        24.62
        1.78     0.962500      7740575        26.67
        1.80     0.965625      7764110        29.09
        1.82     0.968750      7791530        32.00
        1.83     0.970313      7799120        33.68
        1.85     0.971875      7812805        35.56
        1.86     0.973437      7823785        37.65
        1.89     0.975000      7836445        40.00
        1.92     0.976562      7848475        42.67
        1.98     0.978125      7861745        45.71
        2.04     0.979688      7873525        49.23
        2.14     0.981250      7886765        53.33
        2.25     0.982812      7899680        58.18
        2.40     0.984375      7910865        64.00
        2.51     0.985156      7917990        67.37
        2.61     0.985938      7923860        71.11
        2.72     0.986719      7929660        75.29
        2.88     0.987500      7935970        80.00
        3.15     0.988281      7942250        85.33
        3.58     0.989062      7948505        91.43
        4.08     0.989844      7954725        98.46
        4.89     0.990625      7961105       106.67
        5.82     0.991406      7967265       116.36
        6.69     0.992188      7973695       128.00
        7.10     0.992578      7976775       134.74
        7.39     0.992969      7979885       142.22
        7.71     0.993359      7982960       150.59
        8.03     0.993750      7986100       160.00
        8.38     0.994141      7989540       170.67
        8.77     0.994531      7992375       182.86
        9.34     0.994922      7995670       196.92
        9.92     0.995313      7998760       213.33
       10.75     0.995703      8001830       232.73
       12.93     0.996094      8004980       256.00
       14.08     0.996289      8006520       269.47
       15.49     0.996484      8008180       284.44
       16.38     0.996680      8010110       301.18
       16.77     0.996875      8011890       320.00
       17.02     0.997070      8012895       341.33
       18.05     0.997266      8014390       365.71
       19.84     0.997461      8015985       393.85
       20.48     0.997656      8017770       426.67
       20.86     0.997852      8019870       465.45
       21.12     0.998047      8020625       512.00
       22.02     0.998145      8021430       538.95
       23.68     0.998242      8022230       568.89
       24.32     0.998340      8025775       602.35
       24.32     0.998437      8025775       640.00
       24.32     0.998535      8025775       682.67
       24.32     0.998633      8025775       731.43
       24.45     0.998730      8028265       787.69
       24.45     0.998828      8028265       853.33
       24.45     0.998926      8028265       930.91
       24.57     0.999023      8028485      1024.00
       24.70     0.999072      8029045      1077.89
       24.83     0.999121      8029900      1137.78
       24.83     0.999170      8029900      1204.71
       24.96     0.999219      8030215      1280.00
       25.34     0.999268      8030490      1365.33
       26.11     0.999316      8030940      1462.86
       26.50     0.999365      8031250      1575.38
       27.26     0.999414      8031665      1706.67
       28.29     0.999463      8032730      1861.82
       28.29     0.999512      8032730      2048.00
       28.29     0.999536      8032730      2155.79
       28.41     0.999561      8033630      2275.56
       28.41     0.999585      8033630      2409.41
       28.41     0.999609      8033630      2560.00
       28.41     0.999634      8033630      2730.67
       28.41     0.999658      8033630      2925.71
       28.67     0.999683      8033855      3150.77
       28.80     0.999707      8034115      3413.33
       28.93     0.999731      8034270      3723.64
       29.05     0.999756      8034390      4096.00
       29.18     0.999768      8034480      4311.58
       29.31     0.999780      8034585      4551.11
       29.57     0.999792      8034660      4818.82
       30.08     0.999805      8034800      5120.00
       30.34     0.999817      8034855      5461.33
       31.23     0.999829      8034945      5851.43
       31.61     0.999841      8035060      6301.54
       32.13     0.999854      8035150      6826.67
       32.26     0.999866      8035265      7447.27
       32.38     0.999878      8035635      8192.00
       32.38     0.999884      8035635      8623.16
       32.38     0.999890      8035635      9102.22
       32.38     0.999896      8035635      9637.65
       32.38     0.999902      8035635     10240.00
       32.38     0.999908      8035635     10922.67
       32.38     0.999915      8035635     11702.86
       32.51     0.999921      8035730     12603.08
       32.51     0.999927      8035730     13653.33
       32.77     0.999933      8035805     14894.55
       33.02     0.999939      8035855     16384.00
       33.02     0.999942      8035855     17246.32
       33.28     0.999945      8035910     18204.44
       33.28     0.999948      8035910     19275.29
       35.58     0.999951      8035940     20480.00
       35.84     0.999954      8035955     21845.33
       36.35     0.999957      8036075     23405.71
       36.35     0.999960      8036075     25206.15
       36.35     0.999963      8036075     27306.67
       36.35     0.999966      8036075     29789.09
       36.35     0.999969      8036075     32768.00
       36.61     0.999971      8036180     34492.63
       36.61     0.999973      8036180     36408.89
       36.61     0.999974      8036180     38550.59
       36.61     0.999976      8036180     40960.00
       36.61     0.999977      8036180     43690.67
       36.61     0.999979      8036180     46811.43
       36.61     0.999980      8036180     50412.31
       36.61     0.999982      8036180     54613.33
       36.86     0.999983      8036210     59578.18
       36.86     0.999985      8036210     65536.00
       36.86     0.999986      8036210     68985.26
       36.86     0.999986      8036210     72817.78
       37.12     0.999987      8036215     77101.18
       37.38     0.999988      8036220     81920.00
       37.63     0.999989      8036225     87381.33
       37.89     0.999989      8036235     93622.86
       40.19     0.999990      8036240    100824.62
       40.45     0.999991      8036285    109226.67
       40.45     0.999992      8036285    119156.36
       40.45     0.999992      8036285    131072.00
       40.45     0.999993      8036285    137970.53
       40.45     0.999993      8036285    145635.56
       40.45     0.999994      8036285    154202.35
       40.45     0.999994      8036285    163840.00
       40.45     0.999994      8036285    174762.67
       40.45     0.999995      8036285    187245.71
       40.45     0.999995      8036285    201649.23
       40.45     0.999995      8036285    218453.33
       40.45     0.999996      8036285    238312.73
       40.45     0.999996      8036285    262144.00
       40.70     0.999996      8036290    275941.05
       40.70     0.999997      8036290    291271.11
       40.70     0.999997      8036290    308404.71
       40.96     0.999997      8036295    327680.00
       40.96     0.999997      8036295    349525.33
       40.96     0.999997      8036295    374491.43
       41.22     0.999998      8036300    403298.46
       41.22     0.999998      8036300    436906.67
       41.22     0.999998      8036300    476625.45
       41.22     0.999998      8036300    524288.00
       41.47     0.999998      8036310    551882.11
       41.47     0.999998      8036310    582542.22
       41.47     0.999998      8036310    616809.41
       41.47     0.999998      8036310    655360.00
       41.47     0.999999      8036310    699050.67
       41.47     0.999999      8036310    748982.86
       41.47     0.999999      8036310    806596.92
       41.47     0.999999      8036310    873813.33
       41.47     0.999999      8036310    953250.91
       41.47     0.999999      8036310   1048576.00
       41.47     0.999999      8036310   1103764.21
       41.47     0.999999      8036310   1165084.44
       41.47     0.999999      8036310   1233618.82
       41.47     0.999999      8036310   1310720.00
       41.47     0.999999      8036310   1398101.33
       41.47     0.999999      8036310   1497965.71
       41.73     0.999999      8036315   1613193.85
       41.73     1.000000      8036315          inf
#[Mean    =        1.189, StdDeviation   =        1.489]
#[Max     =       41.727, Total count    =      8036315]
#[Buckets =           20, SubBuckets     =          256]
