       Value   Percentile   TotalCount 1/(1-Percentile)

        0.18     0.000000            1         1.00
        0.29     0.050000        36451         1.05
        0.31     0.100000        66430         1.11
        0.35     0.150000        85965         1.18
        0.37     0.200000       111499         1.25
        0.38     0.250000       153616         1.33
        0.39     0.300000       175601         1.43
        0.40     0.350000       197703         1.54
        0.41     0.400000       228192         1.67
        0.43     0.450000       254669         1.82
        0.44     0.500000       277072         2.00
        0.45     0.525000       305459         2.11
        0.45     0.550000       305459         2.22
        0.46     0.575000       336654         2.35
        0.46     0.600000       336654         2.50
        0.46     0.625000       368277         2.67
        0.46     0.650000       368277         2.86
        0.46     0.675000       368277         3.08
        0.47     0.700000       398574         3.33
        0.47     0.725000       398574         3.64
        0.48     0.750000       423638         4.00
        0.48     0.762500       423638         4.21
        0.48     0.775000       423638         4.44
        0.49     0.787500       440698         4.71
        0.49     0.800000       440698         5.00
        0.49     0.812500       450316         5.33
        0.49     0.825000       450316         5.71
        0.51     0.837500       458485         6.15
        0.53     0.850000       462231         6.67
        0.60     0.862500       469914         7.27
        0.61     0.875000       478439         8.00
        0.62     0.881250       487282         8.42
        0.62     0.887500       487282         8.89
        0.62     0.893750       487282         9.41
        0.63     0.900000       498682        10.00
        0.63     0.906250       498682        10.67
        0.63     0.912500       498682        11.43
        0.64     0.918750       510919        12.31
        0.64     0.925000       510919        13.33
        0.64     0.931250       510919        14.55
        0.64     0.937500       510919        16.00
        0.65     0.940625       521772        16.84
        0.65     0.943750       521772        17.78
        0.65     0.946875       521772        18.82
        0.65     0.950000       521772        20.00
        0.65     0.953125       521772        21.33
        0.65     0.956250       521772        22.86
        0.65     0.959375       521772        24.62
        0.66     0.962500       529559        26.67
        0.66     0.965625       529559        29.09
        0.66     0.968750       529559        32.00
        0.66     0.970313       529559        33.68
        0.66     0.971875       529559        35.56
        0.66     0.973437       529559        37.65
        0.66     0.975000       534684        40.00
        0.66     0.976562       534684        42.67
        0.66     0.978125       534684        45.71
        0.66     0.979688       534684        49.23
        0.66     0.981250       534684        53.33
        0.66     0.982812       534684        58.18
        0.67     0.984375       537506        64.00
        0.67     0.985156       537506        67.37
        0.67     0.985938       537506        71.11
        0.67     0.986719       537506        75.29
        0.67     0.987500       537506        80.00
        0.67     0.988281       537506        85.33
        0.68     0.989062       539072        91.43
        0.68     0.989844       539072        98.46
        0.68     0.990625       539072       106.67
        0.68     0.991406       539072       116.36
        0.69     0.992188       540030       128.00
        0.69     0.992578       540030       134.74
        0.69     0.992969       540030       142.22
        0.69     0.993359       540709       150.59
        0.69     0.993750       540709       160.00
        0.69     0.994141       540709       170.67
        0.70     0.994531       541220       182.86
        0.70     0.994922       541220       196.92
        0.70     0.995313       541220       213.33
        0.71     0.995703       541661       232.73
        0.71     0.996094       541661       256.00
        0.72     0.996289       542000       269.47
        0.72     0.996484       542000       284.44
        0.72     0.996680       542000       301.18
        0.73     0.996875       542328       320.00
        0.73     0.997070       542328       341.33
        0.73     0.997266       542328       365.71
        0.73     0.997461       542620       393.85
        0.73     0.997656       542620       426.67
        0.73     0.997852       542620       465.45
        0.74     0.998047       542884       512.00
        0.74     0.998145       542884       538.95
        0.74     0.998242       542884       568.89
        0.74     0.998340       542884       602.35
        0.74     0.998437       542884       640.00
        0.75     0.998535       543090       682.67
        0.75     0.998633       543090       731.43
        0.75     0.998730       543090       787.69
        0.75     0.998828       543090       853.33
        0.76     0.998926       543275       930.91
        0.76     0.999023       543275      1024.00
        0.76     0.999072       543275      1077.89
        0.76     0.999121       543275      1137.78
        0.76     0.999170       543275      1204.71
        0.77     0.999219       543394      1280.00
        0.77     0.999268       543394      1365.33
        0.77     0.999316       543394      1462.86
        0.77     0.999365       543394      1575.38
        0.78     0.999414       543469      1706.67
        0.78     0.999463       543469      1861.82
        0.78     0.999512       543469      2048.00
        0.78     0.999536       543469      2155.79
        0.78     0.999561       543542      2275.56
        0.78     0.999585       543542      2409.41
        0.78     0.999609       543542      2560.00
        0.78     0.999634       543542      2730.67
        0.78     0.999658       543542      2925.71
        0.79     0.999683       543581      3150.77
        0.79     0.999707       543581      3413.33
        0.79     0.999731       543581      3723.64
        0.80     0.999756       543602      4096.00
        0.80     0.999768       543602      4311.58
        0.80     0.999780       543602      4551.11
        0.81     0.999792       543623      4818.82
        0.81     0.999805       543623      5120.00
        0.81     0.999817       543623      5461.33
        0.81     0.999829       543632      5851.43
        0.82     0.999841       543636      6301.54
        0.84     0.999854       543643      6826.67
        0.88     0.999866       543651      7447.27
        0.90     0.999878       543655      8192.00
        0.96     0.999884       543658      8623.16
        1.37     0.999890       543662      9102.22
        1.42     0.999896       543666      9637.65
        1.51     0.999902       543669     10240.00
        1.72     0.999908       543672     10922.67
        1.93     0.999915       543675     11702.86
        2.45     0.999921       543678     12603.08
        2.59     0.999927       543682     13653.33
        2.72     0.999933       543685     14894.55
        2.75     0.999939       543688     16384.00
        2.78     0.999942       543690     17246.32
        2.81     0.999945       543692     18204.44
        2.83     0.999948       543693     19275.29
        2.88     0.999951       543695     20480.00
        2.98     0.999954       543697     21845.33
        3.18     0.999957       543699     23405.71
        3.20     0.999960       543700     25206.15
        3.26     0.999963       543702     27306.67
        3.29     0.999966       543703     29789.09
        3.31     0.999969       543706     32768.00
        3.31     0.999971       543706     34492.63
        3.41     0.999973       543707     36408.89
        3.41     0.999974       543707     38550.59
        3.42     0.999976       543708     40960.00
        3.47     0.999977       543709     43690.67
        3.76     0.999979       543711     46811.43
        3.76     0.999980       543711     50412.31
        3.79     0.999982       543712     54613.33
        3.79     0.999983       543712     59578.18
        3.81     0.999985       543713     65536.00
        3.92     0.999986       543714     68985.26
        3.92     0.999986       543714     72817.78
        3.92     0.999987       543714     77101.18
        3.94     0.999988       543716     81920.00
        3.94     0.999989       543716     87381.33
        3.94     0.999989       543716     93622.86
        3.94     0.999990       543716    100824.62
        3.95     0.999991       543717    109226.67
        3.95     0.999992       543717    119156.36
        3.95     0.999992       543717    131072.00
        3.97     0.999993       543718    137970.53
        3.97     0.999993       543718    145635.56
        3.97     0.999994       543718    154202.35
        3.97     0.999994       543718    163840.00
        3.97     0.999994       543718    174762.67
        4.22     0.999995       543721    187245.71
        4.22     1.000000       543721          inf
#[Mean    =        0.441, StdDeviation   =        0.104]
#[Max     =        4.223, Total count    =       543721]
#[Buckets =           20, SubBuckets     =          256]
