       Value   Percentile   TotalCount 1/(1-Percentile)

        0.26     0.000000            1         1.00
        0.45     0.050000        21307         1.05
        0.48     0.100000        40307         1.11
        0.52     0.150000        55086         1.18
        0.56     0.200000        79960         1.25
        0.57     0.250000       100481         1.33
        0.58     0.300000       112216         1.43
        0.60     0.350000       133776         1.54
        0.61     0.400000       149694         1.67
        0.64     0.450000       166624         1.82
        0.66     0.500000       188195         2.00
        0.67     0.525000       197695         2.11
        0.68     0.550000       208421         2.22
        0.68     0.575000       208421         2.35
        0.69     0.600000       219735         2.50
        0.69     0.625000       231458         2.67
        0.70     0.650000       243254         2.86
        0.71     0.675000       254623         3.08
        0.71     0.700000       254623         3.33
        0.72     0.725000       265337         3.64
        0.73     0.750000       275342         4.00
        0.73     0.762500       283858         4.21
        0.73     0.775000       283858         4.44
        0.74     0.787500       290955         4.71
        0.74     0.800000       290955         5.00
        0.75     0.812500       296565         5.33
        0.76     0.825000       300824         5.71
        0.77     0.837500       303949         6.15
        0.79     0.850000       308847         6.67
        0.85     0.862500       312849         7.27
        0.89     0.875000       317880         8.00
        0.90     0.881250       320250         8.42
        0.90     0.887500       323170         8.89
        0.91     0.893750       326586         9.41
        0.91     0.900000       326586        10.00
        0.92     0.906250       330434        10.67
        0.93     0.912500       334637        11.43
        0.93     0.918750       334637        12.31
        0.94     0.925000       338917        13.33
        0.94     0.931250       338917        14.55
        0.94     0.937500       343187        16.00
        0.94     0.940625       343187        16.84
        0.94     0.943750       343187        17.78
        0.94     0.946875       343187        18.82
        0.95     0.950000       347251        20.00
        0.95     0.953125       347251        21.33
        0.95     0.956250       347251        22.86
        0.96     0.959375       351000        24.62
        0.96     0.962500       351000        26.67
        0.96     0.965625       351000        29.09
        0.97     0.968750       354073        32.00
        0.97     0.970313       354073        33.68
        0.97     0.971875       354073        35.56
        0.97     0.973437       354073        37.65
        0.97     0.975000       354073        40.00
        0.97     0.976562       354073        42.67
        0.97     0.978125       356457        45.71
        0.97     0.979688       356457        49.23
        0.97     0.981250       356457        53.33
        0.97     0.982812       356457        58.18
        0.98     0.984375       358357        64.00
        0.98     0.985156       358357        67.37
        0.98     0.985938       358357        71.11
        0.98     0.986719       358357        75.29
        0.98     0.987500       358357        80.00
        0.98     0.988281       358357        85.33
        0.99     0.989062       359752        91.43
        0.99     0.989844       359752        98.46
        0.99     0.990625       359752       106.67
        0.99     0.991406       359752       116.36
        0.99     0.992188       359752       128.00
        0.99     0.992578       359752       134.74
        1.00     0.992969       360688       142.22
        1.00     0.993359       360688       150.59
        1.00     0.993750       360688       160.00
        1.00     0.994141       360688       170.67
        1.00     0.994531       360688       182.86
        1.00     0.994922       360688       196.92
        1.00     0.995313       360688       213.33
        1.01     0.995703       361299       232.73
        1.01     0.996094       361299       256.00
        1.01     0.996289       361299       269.47
        1.01     0.996484       361299       284.44
        1.01     0.996680       361299       301.18
        1.01     0.996875       361299       320.00
        1.01     0.997070       361299       341.33
        1.01     0.997266       361661       365.71
        1.01     0.997461       361661       393.85
        1.01     0.997656       361661       426.67
        1.01     0.997852       361661       465.45
        1.01     0.998047       361661       512.00
        1.02     0.998145       361895       538.95
        1.02     0.998242       361895       568.89
        1.02     0.998340       361895       602.35
        1.02     0.998437       361895       640.00
        1.02     0.998535       361895       682.67
        1.02     0.998633       361895       731.43
        1.03     0.998730       362064       787.69
        1.03     0.998828       362064       853.33
        1.03     0.998926       362064       930.91
        1.03     0.999023       362064      1024.00
        1.03     0.999072       362064      1077.89
        1.03     0.999121       362064      1137.78
        1.03     0.999170       362064      1204.71
        1.04     0.999219       362158      1280.00
        1.04     0.999268       362158      1365.33
        1.04     0.999316       362158      1462.86
        1.04     0.999365       362158      1575.38
        1.04     0.999414       362158      1706.67
        1.05     0.999463       362225      1861.82
        1.05     0.999512       362225      2048.00
        1.05     0.999536       362225      2155.79
        1.05     0.999561       362225      2275.56
        1.05     0.999585       362225      2409.41
        1.05     0.999609       362225      2560.00
        1.05     0.999634       362225      2730.67
        1.05     0.999658       362263      2925.71
        1.05     0.999683       362263      3150.77
        1.05     0.999707       362263      3413.33
        1.05     0.999731       362263      3723.64
        1.06     0.999756       362282      4096.00
        1.06     0.999768       362282      4311.58
        1.06     0.999780       362282      4551.11
        1.06     0.999792       362282      4818.82
        1.07     0.999805       362290      5120.00
        1.08     0.999817       362303      5461.33
        1.08     0.999829       362303      5851.43
        1.08     0.999841       362303      6301.54
        1.09     0.999854       362307      6826.67
        1.09     0.999866       362313      7447.27
        1.09     0.999878       362313      8192.00
        1.10     0.999884       362316      8623.16
        1.11     0.999890       362319      9102.22
        1.12     0.999896       362323      9637.65
        1.12     0.999902       362323     10240.00
        1.13     0.999908       362324     10922.67
        1.14     0.999915       362328     11702.86
        1.15     0.999921       362330     12603.08
        1.16     0.999927       362331     13653.33
        1.18     0.999933       362333     14894.55
        1.19     0.999939       362337     16384.00
        1.19     0.999942       362337     17246.32
        1.20     0.999945       362339     18204.44
        1.20     0.999948       362339     19275.29
        1.21     0.999951       362340     20480.00
        1.22     0.999954       362342     21845.33
        1.22     0.999957       362342     23405.71
        1.23     0.999960       362343     25206.15
        1.26     0.999963       362344     27306.67
        1.27     0.999966       362345     29789.09
        1.28     0.999969       362346     32768.00
        1.29     0.999971       362348     34492.63
        1.29     0.999973       362348     36408.89
        1.29     0.999974       362348     38550.59
        1.31     0.999976       362349     40960.00
        1.31     0.999977       362349     43690.67
        1.37     0.999979       362350     46811.43
        1.37     0.999980       362350     50412.31
        1.38     0.999982       362351     54613.33
        1.38     0.999983       362351     59578.18
        1.43     0.999985       362352     65536.00
        1.43     0.999986       362352     68985.26
        1.57     0.999986       362353     72817.78
        1.57     0.999987       362353     77101.18
        1.57     0.999988       362353     81920.00
        1.57     0.999989       362353     87381.33
        3.63     0.999989       362354     93622.86
        3.63     0.999990       362354    100824.62
        3.63     0.999991       362354    109226.67
        3.63     0.999992       362354    119156.36
        3.76     0.999992       362355    131072.00
        3.76     0.999993       362355    137970.53
        3.76     0.999993       362355    145635.56
        3.76     0.999994       362355    154202.35
        3.76     0.999994       362355    163840.00
        3.76     0.999994       362355    174762.67
        3.84     0.999995       362356    187245.71
        3.84     0.999995       362356    201649.23
        3.84     0.999995       362356    218453.33
        3.84     0.999996       362356    238312.73
        3.84     0.999996       362356    262144.00
        3.84     0.999996       362356    275941.05
        3.84     0.999997       362356    291271.11
        3.84     0.999997       362356    308404.71
        3.84     0.999997       362356    327680.00
        3.84     0.999997       362356    349525.33
        4.00     0.999997       362357    374491.43
        4.00     1.000000       362357          inf
#[Mean    =        0.662, StdDeviation   =        0.143]
#[Max     =        3.999, Total count    =       362357]
#[Buckets =           20, SubBuckets     =          256]
