       Value   Percentile   TotalCount 1/(1-Percentile)

        0.19     0.000000            1         1.00
        0.31     0.050000        26817         1.05
        0.33     0.100000        57005         1.11
        0.38     0.150000        80240         1.18
        0.39     0.200000       102754         1.25
        0.41     0.250000       139346         1.33
        0.41     0.300000       158458         1.43
        0.43     0.350000       195219         1.54
        0.44     0.400000       207778         1.67
        0.46     0.450000       243325         1.82
        0.47     0.500000       264367         2.00
        0.48     0.525000       289671         2.11
        0.48     0.550000       289671         2.22
        0.49     0.575000       317198         2.35
        0.49     0.600000       317198         2.50
        0.49     0.625000       345563         2.67
        0.49     0.650000       345563         2.86
        0.49     0.675000       345563         3.08
        0.50     0.700000       372867         3.33
        0.50     0.725000       372867         3.64
        0.51     0.750000       395642         4.00
        0.51     0.762500       395642         4.21
        0.51     0.775000       395642         4.44
        0.52     0.787500       411622         4.71
        0.52     0.800000       411622         5.00
        0.53     0.812500       421041         5.33
        0.53     0.825000       421041         5.71
        0.54     0.837500       428990         6.15
        0.57     0.850000       433836         6.67
        0.64     0.862500       439373         7.27
        0.66     0.875000       447867         8.00
        0.66     0.881250       456176         8.42
        0.66     0.887500       456176         8.89
        0.66     0.893750       456176         9.41
        0.67     0.900000       466655        10.00
        0.67     0.906250       466655        10.67
        0.67     0.912500       466655        11.43
        0.68     0.918750       477883        12.31
        0.68     0.925000       477883        13.33
        0.68     0.931250       477883        14.55
        0.68     0.937500       477883        16.00
        0.69     0.940625       487440        16.84
        0.69     0.943750       487440        17.78
        0.69     0.946875       487440        18.82
        0.69     0.950000       487440        20.00
        0.69     0.953125       487440        21.33
        0.69     0.956250       487440        22.86
        0.69     0.959375       494690        24.62
        0.69     0.962500       494690        26.67
        0.69     0.965625       494690        29.09
        0.69     0.968750       494690        32.00
        0.69     0.970313       494690        33.68
        0.70     0.971875       499607        35.56
        0.70     0.973437       499607        37.65
        0.70     0.975000       499607        40.00
        0.70     0.976562       499607        42.67
        0.70     0.978125       499607        45.71
        0.70     0.979688       499607        49.23
        0.71     0.981250       502538        53.33
        0.71     0.982812       502538        58.18
        0.71     0.984375       502538        64.00
        0.71     0.985156       502538        67.37
        0.71     0.985938       502538        71.11
        0.71     0.986719       502538        75.29
        0.72     0.987500       504163        80.00
        0.72     0.988281       504163        85.33
        0.72     0.989062       504163        91.43
        0.72     0.989844       504163        98.46
        0.73     0.990625       505252       106.67
        0.73     0.991406       505252       116.36
        0.73     0.992188       505959       128.00
        0.73     0.992578       505959       134.74
        0.73     0.992969       505959       142.22
        0.73     0.993359       505959       150.59
        0.74     0.993750       506531       160.00
        0.74     0.994141       506531       170.67
        0.74     0.994531       506531       182.86
        0.75     0.994922       506994       196.92
        0.75     0.995313       506994       213.33
        0.76     0.995703       507390       232.73
        0.76     0.996094       507390       256.00
        0.77     0.996289       507753       269.47
        0.77     0.996484       507753       284.44
        0.77     0.996680       507753       301.18
        0.77     0.996875       507753       320.00
        0.78     0.997070       508067       341.33
        0.78     0.997266       508067       365.71
        0.78     0.997461       508067       393.85
        0.78     0.997656       508305       426.67
        0.78     0.997852       508305       465.45
        0.78     0.998047       508305       512.00
        0.79     0.998145       508516       538.95
        0.79     0.998242       508516       568.89
        0.79     0.998340       508516       602.35
        0.79     0.998437       508516       640.00
        0.80     0.998535       508701       682.67
        0.80     0.998633       508701       731.43
        0.80     0.998730       508701       787.69
        0.80     0.998828       508701       853.33
        0.81     0.998926       508855       930.91
        0.81     0.999023       508855      1024.00
        0.81     0.999072       508855      1077.89
        0.81     0.999121       508855      1137.78
        0.81     0.999170       508942      1204.71
        0.81     0.999219       508942      1280.00
        0.81     0.999268       508942      1365.33
        0.82     0.999316       509017      1462.86
        0.82     0.999365       509017      1575.38
        0.82     0.999414       509017      1706.67
        0.83     0.999463       509067      1861.82
        0.83     0.999512       509067      2048.00
        0.83     0.999536       509067      2155.79
        0.84     0.999561       509098      2275.56
        0.84     0.999585       509098      2409.41
        0.84     0.999609       509098      2560.00
        0.85     0.999634       509126      2730.67
        0.85     0.999658       509126      2925.71
        0.85     0.999683       509140      3150.77
        0.86     0.999707       509152      3413.33
        0.87     0.999731       509158      3723.64
        0.89     0.999756       509168      4096.00
        0.90     0.999768       509175      4311.58
        0.91     0.999780       509183      4551.11
        0.92     0.999792       509191      4818.82
        0.93     0.999805       509199      5120.00
        0.93     0.999817       509199      5461.33
        0.94     0.999829       509204      5851.43
        0.96     0.999841       509214      6301.54
        0.97     0.999854       509218      6826.67
        1.01     0.999866       509223      7447.27
        1.09     0.999878       509229      8192.00
        1.23     0.999884       509232      8623.16
        1.45     0.999890       509236      9102.22
        1.53     0.999896       509239      9637.65
        1.67     0.999902       509242     10240.00
        1.77     0.999908       509245     10922.67
        2.50     0.999915       509248     11702.86
        2.54     0.999921       509251     12603.08
        2.61     0.999927       509255     13653.33
        2.65     0.999933       509257     14894.55
        2.67     0.999939       509260     16384.00
        2.69     0.999942       509263     17246.32
        2.78     0.999945       509264     18204.44
        2.83     0.999948       509265     19275.29
        2.93     0.999951       509267     20480.00
        3.06     0.999954       509268     21845.33
        3.15     0.999957       509271     23405.71
        3.15     0.999960       509271     25206.15
        3.25     0.999963       509273     27306.67
        3.26     0.999966       509275     29789.09
        3.28     0.999969       509276     32768.00
        3.33     0.999971       509277     34492.63
        3.44     0.999973       509278     36408.89
        3.44     0.999974       509278     38550.59
        3.47     0.999976       509279     40960.00
        3.94     0.999977       509280     43690.67
        3.98     0.999979       509281     46811.43
        3.98     0.999980       509281     50412.31
        4.00     0.999982       509282     54613.33
        4.09     0.999983       509284     59578.18
        4.09     0.999985       509284     65536.00
        4.09     0.999986       509284     68985.26
        4.16     0.999986       509286     72817.78
        4.16     0.999987       509286     77101.18
        4.16     0.999988       509286     81920.00
        4.16     0.999989       509286     87381.33
        4.16     0.999989       509286     93622.86
        4.16     0.999990       509286    100824.62
        4.19     0.999991       509287    109226.67
        4.19     0.999992       509287    119156.36
        4.22     0.999992       509288    131072.00
        4.22     0.999993       509288    137970.53
        4.22     0.999993       509288    145635.56
        4.22     0.999994       509288    154202.35
        4.22     0.999994       509288    163840.00
        4.38     0.999994       509289    174762.67
        4.38     0.999995       509289    187245.71
        4.38     0.999995       509289    201649.23
        4.38     0.999995       509289    218453.33
        4.38     0.999996       509289    238312.73
        4.42     0.999996       509290    262144.00
        4.42     0.999996       509290    275941.05
        4.42     0.999997       509290    291271.11
        4.42     0.999997       509290    308404.71
        4.42     0.999997       509290    327680.00
        4.42     0.999997       509290    349525.33
        4.42     0.999997       509290    374491.43
        4.42     0.999998       509290    403298.46
        4.42     0.999998       509290    436906.67
        4.42     0.999998       509290    476625.45
        4.45     0.999998       509291    524288.00
        4.45     1.000000       509291          inf
#[Mean    =        0.471, StdDeviation   =        0.110]
#[Max     =        4.447, Total count    =       509291]
#[Buckets =           20, SubBuckets     =          256]
