       Value   Percentile   TotalCount 1/(1-Percentile)

        0.18     0.000000            3         1.00
        0.27     0.050000        51932         1.05
        0.28     0.100000        70247         1.11
        0.32     0.150000        96168         1.18
        0.34     0.200000       132423         1.25
        0.34     0.250000       158656         1.33
        0.35     0.300000       185435         1.43
        0.36     0.350000       212567         1.54
        0.38     0.400000       251036         1.67
        0.39     0.450000       286266         1.82
        0.40     0.500000       317240         2.00
        0.40     0.525000       317240         2.11
        0.41     0.550000       354903         2.22
        0.41     0.575000       354903         2.35
        0.41     0.600000       393749         2.50
        0.41     0.625000       393749         2.67
        0.41     0.650000       393749         2.86
        0.42     0.675000       431484         3.08
        0.42     0.700000       431484         3.33
        0.43     0.725000       463690         3.64
        0.43     0.750000       463690         4.00
        0.43     0.762500       463690         4.21
        0.44     0.775000       485237         4.44
        0.44     0.787500       485237         4.71
        0.44     0.800000       485237         5.00
        0.45     0.812500       496918         5.33
        0.45     0.825000       496918         5.71
        0.46     0.837500       506452         6.15
        0.48     0.850000       510678         6.67
        0.55     0.862500       521894         7.27
        0.56     0.875000       529307         8.00
        0.57     0.881250       540717         8.42
        0.57     0.887500       540717         8.89
        0.57     0.893750       540717         9.41
        0.57     0.900000       540717        10.00
        0.57     0.906250       555220        10.67
        0.57     0.912500       555220        11.43
        0.57     0.918750       555220        12.31
        0.58     0.925000       570012        13.33
        0.58     0.931250       570012        14.55
        0.58     0.937500       570012        16.00
        0.58     0.940625       570012        16.84
        0.58     0.943750       570012        17.78
        0.58     0.946875       570012        18.82
        0.59     0.950000       581624        20.00
        0.59     0.953125       581624        21.33
        0.59     0.956250       581624        22.86
        0.59     0.959375       581624        24.62
        0.59     0.962500       581624        26.67
        0.59     0.965625       581624        29.09
        0.60     0.968750       589060        32.00
        0.60     0.970313       589060        33.68
        0.60     0.971875       589060        35.56
        0.60     0.973437       589060        37.65
        0.60     0.975000       589060        40.00
        0.60     0.976562       589060        42.67
        0.60     0.978125       589060        45.71
        0.60     0.979688       589060        49.23
        0.61     0.981250       593128        53.33
        0.61     0.982812       593128        58.18
        0.61     0.984375       593128        64.00
        0.61     0.985156       593128        67.37
        0.61     0.985938       593128        71.11
        0.61     0.986719       593128        75.29
        0.61     0.987500       595201        80.00
        0.61     0.988281       595201        85.33
        0.61     0.989062       595201        91.43
        0.61     0.989844       595201        98.46
        0.61     0.990625       595201       106.67
        0.62     0.991406       596374       116.36
        0.62     0.992188       596374       128.00
        0.62     0.992578       596374       134.74
        0.63     0.992969       597224       142.22
        0.63     0.993359       597224       150.59
        0.63     0.993750       597224       160.00
        0.64     0.994141       597806       170.67
        0.64     0.994531       597806       182.86
        0.64     0.994922       597806       196.92
        0.65     0.995313       598295       213.33
        0.65     0.995703       598295       232.73
        0.66     0.996094       598765       256.00
        0.66     0.996289       598765       269.47
        0.66     0.996484       598765       284.44
        0.66     0.996680       599153       301.18
        0.66     0.996875       599153       320.00
        0.66     0.997070       599153       341.33
        0.66     0.997266       599153       365.71
        0.67     0.997461       599470       393.85
        0.67     0.997656       599470       426.67
        0.68     0.997852       599752       465.45
        0.68     0.998047       599752       512.00
        0.68     0.998145       599752       538.95
        0.68     0.998242       599752       568.89
        0.69     0.998340       600000       602.35
        0.69     0.998437       600000       640.00
        0.69     0.998535       600000       682.67
        0.69     0.998633       600000       731.43
        0.69     0.998730       600210       787.69
        0.69     0.998828       600210       853.33
        0.69     0.998926       600210       930.91
        0.69     0.999023       600210      1024.00
        0.70     0.999072       600357      1077.89
        0.70     0.999121       600357      1137.78
        0.70     0.999170       600357      1204.71
        0.70     0.999219       600357      1280.00
        0.70     0.999268       600357      1365.33
        0.71     0.999316       600457      1462.86
        0.71     0.999365       600457      1575.38
        0.71     0.999414       600457      1706.67
        0.71     0.999463       600457      1861.82
        0.72     0.999512       600510      2048.00
        0.72     0.999536       600510      2155.79
        0.73     0.999561       600558      2275.56
        0.73     0.999585       600558      2409.41
        0.73     0.999609       600558      2560.00
        0.73     0.999634       600558      2730.67
        0.73     0.999658       600586      2925.71
        0.74     0.999683       600605      3150.77
        0.74     0.999707       600605      3413.33
        0.76     0.999731       600627      3723.64
        0.77     0.999756       600635      4096.00
        0.78     0.999768       600641      4311.58
        0.78     0.999780       600648      4551.11
        0.79     0.999792       600655      4818.82
        0.81     0.999805       600664      5120.00
        0.82     0.999817       600675      5461.33
        0.83     0.999829       600679      5851.43
        0.84     0.999841       600684      6301.54
        0.85     0.999854       600690      6826.67
        0.86     0.999866       600698      7447.27
        0.90     0.999878       600706      8192.00
        0.90     0.999884       600709      8623.16
        0.93     0.999890       600714      9102.22
        0.96     0.999896       600716      9637.65
        1.33     0.999902       600722     10240.00
        1.42     0.999908       600723     10922.67
        1.54     0.999915       600727     11702.86
        2.14     0.999921       600731     12603.08
        2.17     0.999927       600734     13653.33
        2.21     0.999933       600738     14894.55
        2.24     0.999939       600744     16384.00
        2.24     0.999942       600744     17246.32
        2.25     0.999945       600746     18204.44
        2.27     0.999948       600747     19275.29
        2.37     0.999951       600749     20480.00
        2.38     0.999954       600752     21845.33
        2.42     0.999957       600753     23405.71
        2.67     0.999960       600755     25206.15
        2.70     0.999963       600756     27306.67
        2.73     0.999966       600759     29789.09
        2.75     0.999969       600761     32768.00
        2.75     0.999971       600761     34492.63
        2.78     0.999973       600762     36408.89
        2.83     0.999974       600764     38550.59
        2.83     0.999976       600764     40960.00
        2.93     0.999977       600765     43690.67
        2.98     0.999979       600766     46811.43
        3.36     0.999980       600767     50412.31
        3.36     0.999982       600767     54613.33
        3.42     0.999983       600768     59578.18
        3.44     0.999985       600770     65536.00
        3.44     0.999986       600770     68985.26
        3.44     0.999986       600770     72817.78
        3.46     0.999987       600772     77101.18
        3.46     0.999988       600772     81920.00
        3.46     0.999989       600772     87381.33
        3.46     0.999989       600772     93622.86
        3.52     0.999990       600773    100824.62
        3.52     0.999991       600773    109226.67
        3.52     0.999992       600773    119156.36
        3.54     0.999992       600775    131072.00
        3.54     0.999993       600775    137970.53
        3.54     0.999993       600775    145635.56
        3.54     0.999994       600775    154202.35
        3.54     0.999994       600775    163840.00
        3.54     0.999994       600775    174762.67
        3.54     0.999995       600775    187245.71
        3.55     0.999995       600776    201649.23
        3.55     0.999995       600776    218453.33
        3.55     0.999996       600776    238312.73
        3.55     0.999996       600776    262144.00
        3.55     0.999996       600776    275941.05
        3.55     0.999997       600776    291271.11
        3.68     0.999997       600777    308404.71
        3.68     0.999997       600777    327680.00
        3.68     0.999997       600777    349525.33
        3.68     0.999997       600777    374491.43
        3.68     0.999998       600777    403298.46
        3.68     0.999998       600777    436906.67
        3.68     0.999998       600777    476625.45
        3.68     0.999998       600777    524288.00
        3.68     0.999998       600777    551882.11
        3.68     0.999998       600777    582542.22
        3.69     0.999998       600778    616809.41
        3.69     1.000000       600778          inf
#[Mean    =        0.399, StdDeviation   =        0.094]
#[Max     =        3.695, Total count    =       600778]
#[Buckets =           20, SubBuckets     =          256]
