       Value   Percentile   TotalCount 1/(1-Percentile)

        0.11     0.000000           40         1.00
        0.26     0.050000       832100         1.05
        0.31     0.100000      1588020         1.11
        0.60     0.150000      2325340         1.18
        0.90     0.200000      3103520         1.25
        1.03     0.250000      3874450         1.33
        1.09     0.300000      4682760         1.43
        1.12     0.350000      5580760         1.54
        1.14     0.400000      6272240         1.67
        1.15     0.450000      7105090         1.82
        1.17     0.500000      7986760         2.00
        1.18     0.525000      8410930         2.11
        1.18     0.550000      8804170         2.22
        1.19     0.575000      9173110         2.35
        1.20     0.600000      9515540         2.50
        1.21     0.625000      9826990         2.67
        1.22     0.650000     10113330         2.86
        1.23     0.675000     10627470         3.08
        1.24     0.700000     10863320         3.33
        1.25     0.725000     11282600         3.64
        1.27     0.750000     11635270         4.00
        1.29     0.762500     11918250         4.21
        1.29     0.775000     12039860         4.44
        1.31     0.787500     12232270         4.71
        1.33     0.800000     12381790         5.00
        1.36     0.812500     12591660         5.33
        1.40     0.825000     12787080         5.71
        1.44     0.837500     12981540         6.15
        1.48     0.850000     13167220         6.67
        1.52     0.862500     13348110         7.27
        1.56     0.875000     13546310         8.00
        1.58     0.881250     13669620         8.42
        1.60     0.887500     13751110         8.89
        1.61     0.893750     13831900         9.41
        1.64     0.900000     13952500        10.00
        1.66     0.906250     14031260        10.67
        1.68     0.912500     14152820        11.43
        1.70     0.918750     14233030        12.31
        1.72     0.925000     14353980        13.33
        1.74     0.931250     14433070        14.55
        1.75     0.937500     14510980        16.00
        1.77     0.940625     14584560        16.84
        1.77     0.943750     14620830        17.78
        1.78     0.946875     14656860        18.82
        1.80     0.950000     14724780        20.00
        1.81     0.953125     14757470        21.33
        1.82     0.956250     14819200        22.86
        1.83     0.959375     14848670        24.62
        1.85     0.962500     14904040        26.67
        1.86     0.965625     14951790        29.09
        1.88     0.968750     14993100        32.00
        1.90     0.970313     15029490        33.68
        1.90     0.971875     15045530        35.56
        1.92     0.973437     15072970        37.65
        1.94     0.975000     15096590        40.00
        1.95     0.976562     15114330        42.67
        1.98     0.978125     15140570        45.71
        2.02     0.979688     15161630        49.23
        2.10     0.981250     15186060        53.33
        2.21     0.982812     15210710        58.18
        2.38     0.984375     15235100        64.00
        2.46     0.985156     15246740        67.37
        2.56     0.985938     15259590        71.11
        2.69     0.986719     15270330        75.29
        2.91     0.987500     15282900        80.00
        3.21     0.988281     15294770        85.33
        3.74     0.989062     15306700        91.43
        4.29     0.989844     15318500        98.46
        5.34     0.990625     15330850       106.67
        6.37     0.991406     15342760       116.36
        7.07     0.992188     15355160       128.00
        7.46     0.992578     15360950       134.74
        7.78     0.992969     15366790       142.22
        8.10     0.993359     15372840       150.59
        8.51     0.993750     15379600       160.00
        8.96     0.994141     15385210       170.67
        9.60     0.994531     15391350       182.86
       10.18     0.994922     15397640       196.92
       10.94     0.995313     15403150       213.33
       12.48     0.995703     15409190       232.73
       14.34     0.996094     15415120       256.00
       15.81     0.996289     15418270       269.47
       16.32     0.996484     15421320       284.44
       16.77     0.996680     15424840       301.18
       17.41     0.996875     15427440       320.00
       18.56     0.997070     15430380       341.33
       19.84     0.997266     15433370       365.71
       20.48     0.997461     15437390       393.85
       20.86     0.997656     15439710       426.67
       22.02     0.997852     15442530       465.45
       23.55     0.998047     15445350       512.00
       24.19     0.998145     15447400       538.95
       24.32     0.998242     15454640       568.89
       24.32     0.998340     15454640       602.35
       24.32     0.998437     15454640       640.00
       24.32     0.998535     15454640       682.67
       24.32     0.998633     15454640       731.43
       24.45     0.998730     15460340       787.69
       24.45     0.998828     15460340       853.33
       24.45     0.998926     15460340       930.91
       24.57     0.999023     15460750      1024.00
       24.70     0.999072     15461560      1077.89
       24.83     0.999121     15462860      1137.78
       24.83     0.999170     15462860      1204.71
       25.09     0.999219     15463930      1280.00
       25.21     0.999268     15464280      1365.33
       25.47     0.999316     15465070      1462.86
       26.11     0.999365     15465770      1575.38
       27.26     0.999414     15466500      1706.67
       28.16     0.999463     15467370      1861.82
       28.29     0.999512     15468560      2048.00
       28.29     0.999536     15468560      2155.79
       28.41     0.999561     15470090      2275.56
       28.41     0.999585     15470090      2409.41
       28.41     0.999609     15470090      2560.00
       28.41     0.999634     15470090      2730.67
       28.54     0.999658     15470340      2925.71
       28.80     0.999683     15471170      3150.77
       28.80     0.999707     15471170      3413.33
       28.93     0.999731     15471550      3723.64
       29.31     0.999756     15471850      4096.00
       29.57     0.999768     15472010      4311.58
       29.95     0.999780     15472190      4551.11
       30.34     0.999792     15472360      4818.82
       31.10     0.999805     15472530      5120.00
       31.87     0.999817     15472730      5461.33
       32.26     0.999829     15473090      5851.43
       32.38     0.999841     15473830      6301.54
       32.38     0.999854     15473830      6826.67
       32.38     0.999866     15473830      7447.27
       32.38     0.999878     15473830      8192.00
       32.38     0.999884     15473830      8623.16
       32.51     0.999890     15473980      9102.22
       32.51     0.999896     15473980      9637.65
       32.64     0.999902     15474080     10240.00
       32.77     0.999908     15474160     10922.67
       33.02     0.999915     15474300     11702.86
       33.28     0.999921     15474480     12603.08
       33.28     0.999927     15474480     13653.33
       33.79     0.999933     15474520     14894.55
       36.09     0.999939     15474610     16384.00
       36.35     0.999942     15475060     17246.32
       36.35     0.999945     15475060     18204.44
       36.35     0.999948     15475060     19275.29
       36.35     0.999951     15475060     20480.00
       36.35     0.999954     15475060     21845.33
       36.35     0.999957     15475060     23405.71
       36.35     0.999960     15475060     25206.15
       36.35     0.999963     15475060     27306.67
       36.35     0.999966     15475060     29789.09
       36.61     0.999969     15475260     32768.00
       36.61     0.999971     15475260     34492.63
       36.61     0.999973     15475260     36408.89
       36.61     0.999974     15475260     38550.59
       36.61     0.999976     15475260     40960.00
       36.61     0.999977     15475260     43690.67
       36.61     0.999979     15475260     46811.43
       36.61     0.999980     15475260     50412.31
       36.86     0.999982     15475300     54613.33
       36.86     0.999983     15475300     59578.18
       37.12     0.999985     15475320     65536.00
       37.38     0.999986     15475340     68985.26
       37.38     0.999986     15475340     72817.78
       37.63     0.999987     15475350     77101.18
       37.89     0.999988     15475370     81920.00
       38.14     0.999989     15475390     87381.33
       38.14     0.999989     15475390     93622.86
       38.66     0.999990     15475450    100824.62
       38.66     0.999991     15475450    109226.67
       38.66     0.999992     15475450    119156.36
       38.66     0.999992     15475450    131072.00
       38.66     0.999993     15475450    137970.53
       38.66     0.999993     15475450    145635.56
       38.66     0.999994     15475450    154202.35
       38.91     0.999994     15475470    163840.00
       38.91     0.999994     15475470    174762.67
       38.91     0.999995     15475470    187245.71
       40.45     0.999995     15475480    201649.23
       40.45     0.999995     15475480    218453.33
       40.70     0.999996     15475490    238312.73
       40.96     0.999996     15475510    262144.00
       40.96     0.999996     15475510    275941.05
       40.96     0.999997     15475510    291271.11
       40.96     0.999997     15475510    308404.71
       40.96     0.999997     15475510    327680.00
       40.96     0.999997     15475510    349525.33
       40.96     0.999997     15475510    374491.43
       41.22     0.999998     15475520    403298.46
       41.22     0.999998     15475520    436906.67
       41.22     0.999998     15475520    476625.45
       41.47     0.999998     15475530    524288.00
       41.47     0.999998     15475530    551882.11
       41.47     0.999998     15475530    582542.22
       41.47     0.999998     15475530    616809.41
       41.47     0.999998     15475530    655360.00
       41.47     0.999999     15475530    699050.67
       41.47     0.999999     15475530    748982.86
       41.73     0.999999     15475540    806596.92
       41.73     0.999999     15475540    873813.33
       41.73     0.999999     15475540    953250.91
       41.73     0.999999     15475540   1048576.00
       41.73     0.999999     15475540   1103764.21
       41.73     0.999999     15475540   1165084.44
       41.73     0.999999     15475540   1233618.82
       41.73     0.999999     15475540   1310720.00
       41.73     0.999999     15475540   1398101.33
       41.73     0.999999     15475540   1497965.71
       41.98     0.999999     15475550   1613193.85
       41.98     1.000000     15475550          inf
#[Mean    =        1.235, StdDeviation   =        1.540]
#[Max     =       41.983, Total count    =     15475550]
#[Buckets =           20, SubBuckets     =          256]
