       Value   Percentile   TotalCount 1/(1-Percentile)

        0.17     0.000000            1         1.00
        0.46     0.050000        18248         1.05
        0.49     0.100000        36764         1.11
        0.54     0.150000        54332         1.18
        0.57     0.200000        71482         1.25
        0.58     0.250000        88339         1.33
        0.60     0.300000       109809         1.43
        0.61     0.350000       130402         1.54
        0.63     0.400000       145547         1.67
        0.66     0.450000       161675         1.82
        0.68     0.500000       181184         2.00
        0.69     0.525000       189848         2.11
        0.69     0.550000       199553         2.22
        0.70     0.575000       210095         2.35
        0.71     0.600000       221093         2.50
        0.71     0.625000       221093         2.67
        0.72     0.650000       232222         2.86
        0.73     0.675000       243287         3.08
        0.73     0.700000       253862         3.33
        0.74     0.725000       263408         3.64
        0.75     0.750000       272165         4.00
        0.75     0.762500       272165         4.21
        0.76     0.775000       279778         4.44
        0.76     0.787500       279778         4.71
        0.77     0.800000       285923         5.00
        0.78     0.812500       290797         5.33
        0.78     0.825000       294491         5.71
        0.79     0.837500       297116         6.15
        0.81     0.850000       300216         6.67
        0.88     0.862500       304794         7.27
        0.91     0.875000       309604         8.00
        0.92     0.881250       311855         8.42
        0.93     0.887500       314614         8.89
        0.94     0.893750       317820         9.41
        0.94     0.900000       317820        10.00
        0.94     0.906250       321541        10.67
        0.95     0.912500       325452        11.43
        0.95     0.918750       325452        12.31
        0.96     0.925000       329550        13.33
        0.96     0.931250       329550        14.55
        0.97     0.937500       333649        16.00
        0.97     0.940625       333649        16.84
        0.97     0.943750       333649        17.78
        0.97     0.946875       337482        18.82
        0.97     0.950000       337482        20.00
        0.97     0.953125       337482        21.33
        0.97     0.956250       337482        22.86
        0.98     0.959375       340936        24.62
        0.98     0.962500       340936        26.67
        0.98     0.965625       340936        29.09
        0.99     0.968750       344036        32.00
        0.99     0.970313       344036        33.68
        0.99     0.971875       344036        35.56
        0.99     0.973437       344036        37.65
        1.00     0.975000       346584        40.00
        1.00     0.976562       346584        42.67
        1.00     0.978125       346584        45.71
        1.00     0.979688       346584        49.23
        1.00     0.981250       346584        53.33
        1.01     0.982812       348510        58.18
        1.01     0.984375       348510        64.00
        1.01     0.985156       348510        67.37
        1.01     0.985938       348510        71.11
        1.01     0.986719       348510        75.29
        1.01     0.987500       348510        80.00
        1.01     0.988281       349976        85.33
        1.01     0.989062       349976        91.43
        1.01     0.989844       349976        98.46
        1.01     0.990625       349976       106.67
        1.01     0.991406       349976       116.36
        1.02     0.992188       350930       128.00
        1.02     0.992578       350930       134.74
        1.02     0.992969       350930       142.22
        1.02     0.993359       350930       150.59
        1.02     0.993750       350930       160.00
        1.02     0.994141       350930       170.67
        1.03     0.994531       351625       182.86
        1.03     0.994922       351625       196.92
        1.03     0.995313       351625       213.33
        1.03     0.995703       351625       232.73
        1.03     0.996094       351625       256.00
        1.03     0.996289       351625       269.47
        1.03     0.996484       351625       284.44
        1.04     0.996680       352043       301.18
        1.04     0.996875       352043       320.00
        1.04     0.997070       352043       341.33
        1.04     0.997266       352043       365.71
        1.04     0.997461       352043       393.85
        1.04     0.997656       352043       426.67
        1.05     0.997852       352353       465.45
        1.05     0.998047       352353       512.00
        1.05     0.998145       352353       538.95
        1.05     0.998242       352353       568.89
        1.05     0.998340       352353       602.35
        1.05     0.998437       352353       640.00
        1.05     0.998535       352353       682.67
        1.05     0.998633       352513       731.43
        1.05     0.998730       352513       787.69
        1.05     0.998828       352513       853.33
        1.05     0.998926       352513       930.91
        1.06     0.999023       352614      1024.00
        1.06     0.999072       352614      1077.89
        1.06     0.999121       352614      1137.78
        1.06     0.999170       352614      1204.71
        1.06     0.999219       352614      1280.00
        1.06     0.999268       352614      1365.33
        1.07     0.999316       352684      1462.86
        1.07     0.999365       352684      1575.38
        1.07     0.999414       352684      1706.67
        1.07     0.999463       352684      1861.82
        1.08     0.999512       352728      2048.00
        1.08     0.999536       352728      2155.79
        1.08     0.999561       352728      2275.56
        1.08     0.999585       352728      2409.41
        1.08     0.999609       352728      2560.00
        1.09     0.999634       352756      2730.67
        1.09     0.999658       352756      2925.71
        1.09     0.999683       352756      3150.77
        1.09     0.999707       352772      3413.33
        1.09     0.999731       352772      3723.64
        1.10     0.999756       352789      4096.00
        1.10     0.999768       352789      4311.58
        1.10     0.999780       352789      4551.11
        1.10     0.999792       352789      4818.82
        1.11     0.999805       352798      5120.00
        1.11     0.999817       352798      5461.33
        1.12     0.999829       352802      5851.43
        1.13     0.999841       352808      6301.54
        1.14     0.999854       352812      6826.67
        1.15     0.999866       352820      7447.27
        1.15     0.999878       352820      8192.00
        1.16     0.999884       352823      8623.16
        1.17     0.999890       352828      9102.22
        1.17     0.999896       352828      9637.65
        1.17     0.999902       352828     10240.00
        1.18     0.999908       352832     10922.67
        1.18     0.999915       352832     11702.86
        1.19     0.999921       352835     12603.08
        1.20     0.999927       352838     13653.33
        1.21     0.999933       352839     14894.55
        1.23     0.999939       352843     16384.00
        1.23     0.999942       352843     17246.32
        1.23     0.999945       352843     18204.44
        1.25     0.999948       352846     19275.29
        1.25     0.999951       352846     20480.00
        1.25     0.999954       352846     21845.33
        1.26     0.999957       352847     23405.71
        1.29     0.999960       352850     25206.15
        1.29     0.999963       352850     27306.67
        1.32     0.999966       352851     29789.09
        1.39     0.999969       352852     32768.00
        1.39     0.999971       352852     34492.63
        1.40     0.999973       352853     36408.89
        1.40     0.999974       352853     38550.59
        1.44     0.999976       352854     40960.00
        1.44     0.999977       352854     43690.67
        1.46     0.999979       352855     46811.43
        1.54     0.999980       352856     50412.31
        1.54     0.999982       352856     54613.33
        1.60     0.999983       352857     59578.18
        1.60     0.999985       352857     65536.00
        1.60     0.999986       352857     68985.26
        1.63     0.999986       352858     72817.78
        1.63     0.999987       352858     77101.18
        1.63     0.999988       352858     81920.00
        1.63     0.999989       352858     87381.33
        9.02     0.999989       352859     93622.86
        9.02     0.999990       352859    100824.62
        9.02     0.999991       352859    109226.67
        9.28     0.999992       352860    119156.36
        9.28     0.999992       352860    131072.00
        9.28     0.999993       352860    137970.53
        9.28     0.999993       352860    145635.56
        9.28     0.999994       352860    154202.35
        9.28     0.999994       352860    163840.00
        9.28     0.999994       352860    174762.67
        9.47     0.999995       352861    187245.71
        9.47     0.999995       352861    201649.23
        9.47     0.999995       352861    218453.33
        9.47     0.999996       352861    238312.73
        9.47     0.999996       352861    262144.00
        9.47     0.999996       352861    275941.05
        9.47     0.999997       352861    291271.11
        9.47     0.999997       352861    308404.71
        9.47     0.999997       352861    327680.00
        9.47     0.999997       352861    349525.33
        9.86     0.999997       352862    374491.43
        9.86     1.000000       352862          inf
#[Mean    =        0.679, StdDeviation   =        0.149]
#[Max     =        9.855, Total count    =       352862]
#[Buckets =           20, SubBuckets     =          256]
