       Value   Percentile   TotalCount 1/(1-Percentile)

        0.19     0.000000            2         1.00
        0.45     0.050000        18745         1.05
        0.48     0.100000        38236         1.11
        0.53     0.150000        55790         1.18
        0.56     0.200000        74280         1.25
        0.57     0.250000        92170         1.33
        0.59     0.300000       114343         1.43
        0.61     0.350000       134634         1.54
        0.62     0.400000       149792         1.67
        0.65     0.450000       166792         1.82
        0.66     0.500000       180063         2.00
        0.68     0.525000       197699         2.11
        0.68     0.550000       197699         2.22
        0.69     0.575000       207724         2.35
        0.69     0.600000       218852         2.50
        0.70     0.625000       230293         2.67
        0.71     0.650000       241823         2.86
        0.72     0.675000       252925         3.08
        0.72     0.700000       252925         3.33
        0.73     0.725000       263685         3.64
        0.73     0.750000       273483         4.00
        0.74     0.762500       281868         4.21
        0.74     0.775000       281868         4.44
        0.75     0.787500       288723         4.71
        0.75     0.800000       288723         5.00
        0.76     0.812500       294240         5.33
        0.77     0.825000       298498         5.71
        0.78     0.837500       301513         6.15
        0.79     0.850000       305207         6.67
        0.86     0.862500       309963         7.27
        0.90     0.875000       314587         8.00
        0.90     0.881250       316763         8.42
        0.91     0.887500       319494         8.89
        0.92     0.893750       322646         9.41
        0.93     0.900000       326210        10.00
        0.93     0.906250       326210        10.67
        0.94     0.912500       330150        11.43
        0.94     0.918750       330150        12.31
        0.94     0.925000       334395        13.33
        0.94     0.931250       334395        14.55
        0.95     0.937500       338528        16.00
        0.95     0.940625       338528        16.84
        0.96     0.943750       342587        17.78
        0.96     0.946875       342587        18.82
        0.96     0.950000       342587        20.00
        0.96     0.953125       342587        21.33
        0.97     0.956250       346315        22.86
        0.97     0.959375       346315        24.62
        0.97     0.962500       346315        26.67
        0.97     0.965625       349568        29.09
        0.97     0.968750       349568        32.00
        0.97     0.970313       349568        33.68
        0.97     0.971875       349568        35.56
        0.97     0.973437       349568        37.65
        0.98     0.975000       352154        40.00
        0.98     0.976562       352154        42.67
        0.98     0.978125       352154        45.71
        0.98     0.979688       352154        49.23
        0.99     0.981250       354307        53.33
        0.99     0.982812       354307        58.18
        0.99     0.984375       354307        64.00
        0.99     0.985156       354307        67.37
        0.99     0.985938       354307        71.11
        0.99     0.986719       354307        75.29
        1.00     0.987500       355835        80.00
        1.00     0.988281       355835        85.33
        1.00     0.989062       355835        91.43
        1.00     0.989844       355835        98.46
        1.00     0.990625       355835       106.67
        1.00     0.991406       355835       116.36
        1.01     0.992188       356888       128.00
        1.01     0.992578       356888       134.74
        1.01     0.992969       356888       142.22
        1.01     0.993359       356888       150.59
        1.01     0.993750       356888       160.00
        1.01     0.994141       356888       170.67
        1.01     0.994531       357596       182.86
        1.01     0.994922       357596       196.92
        1.01     0.995313       357596       213.33
        1.01     0.995703       357596       232.73
        1.01     0.996094       357596       256.00
        1.01     0.996289       357596       269.47
        1.02     0.996484       358068       284.44
        1.02     0.996680       358068       301.18
        1.02     0.996875       358068       320.00
        1.02     0.997070       358068       341.33
        1.02     0.997266       358068       365.71
        1.02     0.997461       358068       393.85
        1.03     0.997656       358357       426.67
        1.03     0.997852       358357       465.45
        1.03     0.998047       358357       512.00
        1.03     0.998145       358357       538.95
        1.03     0.998242       358357       568.89
        1.03     0.998340       358357       602.35
        1.03     0.998437       358357       640.00
        1.04     0.998535       358550       682.67
        1.04     0.998633       358550       731.43
        1.04     0.998730       358550       787.69
        1.04     0.998828       358550       853.33
        1.04     0.998926       358550       930.91
        1.05     0.999023       358670      1024.00
        1.05     0.999072       358670      1077.89
        1.05     0.999121       358670      1137.78
        1.05     0.999170       358670      1204.71
        1.05     0.999219       358670      1280.00
        1.05     0.999268       358670      1365.33
        1.05     0.999316       358740      1462.86
        1.05     0.999365       358740      1575.38
        1.05     0.999414       358740      1706.67
        1.05     0.999463       358740      1861.82
        1.06     0.999512       358774      2048.00
        1.06     0.999536       358774      2155.79
        1.06     0.999561       358774      2275.56
        1.06     0.999585       358774      2409.41
        1.07     0.999609       358804      2560.00
        1.07     0.999634       358804      2730.67
        1.07     0.999658       358804      2925.71
        1.07     0.999683       358804      3150.77
        1.08     0.999707       358819      3413.33
        1.09     0.999731       358830      3723.64
        1.09     0.999756       358830      4096.00
        1.09     0.999768       358839      4311.58
        1.09     0.999780       358839      4551.11
        1.11     0.999792       358847      4818.82
        1.11     0.999805       358847      5120.00
        1.12     0.999817       358854      5461.33
        1.13     0.999829       358858      5851.43
        1.14     0.999841       358862      6301.54
        1.14     0.999854       358866      6826.67
        1.15     0.999866       358873      7447.27
        1.16     0.999878       358876      8192.00
        1.16     0.999884       358876      8623.16
        1.17     0.999890       358878      9102.22
        1.18     0.999896       358881      9637.65
        1.18     0.999902       358883     10240.00
        1.19     0.999908       358885     10922.67
        1.20     0.999915       358888     11702.86
        1.21     0.999921       358891     12603.08
        1.21     0.999927       358891     13653.33
        1.22     0.999933       358894     14894.55
        1.22     0.999939       358898     16384.00
        1.22     0.999942       358898     17246.32
        1.22     0.999945       358898     18204.44
        1.23     0.999948       358899     19275.29
        1.24     0.999951       358901     20480.00
        1.24     0.999954       358901     21845.33
        1.25     0.999957       358902     23405.71
        1.26     0.999960       358903     25206.15
        1.27     0.999963       358906     27306.67
        1.27     0.999966       358906     29789.09
        1.29     0.999969       358907     32768.00
        1.29     0.999971       358907     34492.63
        1.29     0.999973       358908     36408.89
        1.29     0.999974       358908     38550.59
        1.30     0.999976       358909     40960.00
        1.30     0.999977       358909     43690.67
        1.31     0.999979       358911     46811.43
        1.31     0.999980       358911     50412.31
        1.31     0.999982       358911     54613.33
        1.31     0.999983       358911     59578.18
        1.33     0.999985       358912     65536.00
        1.33     0.999986       358912     68985.26
        1.38     0.999986       358913     72817.78
        1.38     0.999987       358913     77101.18
        1.38     0.999988       358913     81920.00
        1.38     0.999989       358913     87381.33
        1.41     0.999989       358915     93622.86
        1.41     0.999990       358915    100824.62
        1.41     0.999991       358915    109226.67
        1.41     0.999992       358915    119156.36
        1.41     0.999992       358915    131072.00
        1.41     0.999993       358915    137970.53
        1.41     0.999993       358915    145635.56
        1.41     0.999994       358915    154202.35
        1.41     0.999994       358915    163840.00
        1.41     0.999994       358915    174762.67
        1.57     0.999995       358917    187245.71
        1.57     1.000000       358917          inf
#[Mean    =        0.668, StdDeviation   =        0.144]
#[Max     =        1.567, Total count    =       358917]
#[Buckets =           20, SubBuckets     =          256]
