       Value   Percentile   TotalCount 1/(1-Percentile)

        0.10     0.000000            5         1.00
        0.25     0.050000       472265         1.05
        0.28     0.100000       882725         1.11
        0.34     0.150000      1284090         1.18
        0.78     0.200000      1738180         1.25
        0.85     0.250000      2157415         1.33
        0.97     0.300000      2600220         1.43
        1.02     0.350000      3040625         1.54
        1.05     0.400000      3454135         1.67
        1.06     0.450000      3986275         1.82
        1.07     0.500000      4337385         2.00
        1.08     0.525000      4711140         2.11
        1.08     0.550000      4711140         2.22
        1.09     0.575000      5074450         2.35
        1.09     0.600000      5409080         2.50
        1.09     0.625000      5409080         2.67
        1.10     0.650000      5707105         2.86
        1.11     0.675000      5966165         3.08
        1.11     0.700000      5966165         3.33
        1.12     0.725000      6177100         3.64
        1.14     0.750000      6485170         4.00
        1.14     0.762500      6597200         4.21
        1.15     0.775000      6690990         4.44
        1.16     0.787500      6770595         4.71
        1.17     0.800000      6839200         5.00
        1.18     0.812500      6952650         5.33
        1.20     0.825000      7040295         5.71
        1.22     0.837500      7141580         6.15
        1.25     0.850000      7240560         6.67
        1.29     0.862500      7357980         7.27
        1.33     0.875000      7463030         8.00
        1.34     0.881250      7520015         8.42
        1.36     0.887500      7577070         8.89
        1.38     0.893750      7631785         9.41
        1.39     0.900000      7682800        10.00
        1.41     0.906250      7729515        10.67
        1.42     0.912500      7773265        11.43
        1.45     0.918750      7831010        12.31
        1.47     0.925000      7880470        13.33
        1.50     0.931250      7938740        14.55
        1.53     0.937500      7992945        16.00
        1.55     0.940625      8018700        16.84
        1.57     0.943750      8044895        17.78
        1.58     0.946875      8071850        18.82
        1.60     0.950000      8097715        20.00
        1.61     0.953125      8122915        21.33
        1.63     0.956250      8148325        22.86
        1.65     0.959375      8173485        24.62
        1.66     0.962500      8196695        26.67
        1.69     0.965625      8227075        29.09
        1.71     0.968750      8252100        32.00
        1.73     0.970313      8267005        33.68
        1.74     0.971875      8279250        35.56
        1.76     0.973437      8289250        37.65
        1.78     0.975000      8302290        40.00
        1.81     0.976562      8315095        42.67
        1.87     0.978125      8329750        45.71
        1.94     0.979688      8342710        49.23
        2.04     0.981250      8355490        53.33
        2.17     0.982812      8368205        58.18
        2.38     0.984375      8381795        64.00
        2.50     0.985156      8388610        67.37
        2.64     0.985938      8395110        71.11
        2.80     0.986719      8401700        75.29
        3.06     0.987500      8408225        80.00
        3.55     0.988281      8414850        85.33
        4.38     0.989062      8421500        91.43
        5.76     0.989844      8428140        98.46
        6.88     0.990625      8434835       106.67
        7.58     0.991406      8441385       116.36
        8.26     0.992188      8448725       128.00
        8.51     0.992578      8451570       134.74
        8.77     0.992969      8454915       142.22
        9.09     0.993359      8458370       150.59
        9.47     0.993750      8461345       160.00
       10.05     0.994141      8464970       170.67
       10.69     0.994531      8468115       182.86
       12.10     0.994922      8471385       196.92
       13.70     0.995313      8474705       213.33
       16.19     0.995703      8477975       232.73
       16.89     0.996094      8481405       256.00
       17.92     0.996289      8483025       269.47
       19.07     0.996484      8484830       284.44
       20.22     0.996680      8486295       301.18
       20.35     0.996875      8487970       320.00
       20.86     0.997070      8489960       341.33
       22.14     0.997266      8491300       365.71
       23.42     0.997461      8492970       393.85
       24.19     0.997656      8494625       426.67
       24.32     0.997852      8500275       465.45
       24.32     0.998047      8500275       512.00
       24.32     0.998145      8500275       538.95
       24.32     0.998242      8500275       568.89
       24.45     0.998340      8504550       602.35
       24.45     0.998437      8504550       640.00
       24.45     0.998535      8504550       682.67
       24.45     0.998633      8504550       731.43
       24.45     0.998730      8504550       787.69
       24.57     0.998828      8504865       853.33
       24.70     0.998926      8505490       930.91
       24.96     0.999023      8506225      1024.00
       25.21     0.999072      8506700      1077.89
       25.60     0.999121      8507225      1137.78
       25.86     0.999170      8507495      1204.71
       26.62     0.999219      8507900      1280.00
       27.39     0.999268      8508295      1365.33
       28.16     0.999316      8508785      1462.86
       28.29     0.999365      8509975      1575.38
       28.29     0.999414      8509975      1706.67
       28.29     0.999463      8509975      1861.82
       28.41     0.999512      8511250      2048.00
       28.41     0.999536      8511250      2155.79
       28.41     0.999561      8511250      2275.56
       28.41     0.999585      8511250      2409.41
       28.41     0.999609      8511250      2560.00
       28.67     0.999634      8511655      2730.67
       28.67     0.999658      8511655      2925.71
       28.80     0.999683      8512010      3150.77
       28.93     0.999707      8512200      3413.33
       29.05     0.999731      8512285      3723.64
       29.57     0.999756      8512490      4096.00
       29.95     0.999768      8512580      4311.58
       30.21     0.999780      8512710      4551.11
       30.59     0.999792      8512780      4818.82
       30.85     0.999805      8512885      5120.00
       31.10     0.999817      8512995      5461.33
       31.61     0.999829      8513075      5851.43
       32.26     0.999841      8513340      6301.54
       32.26     0.999854      8513340      6826.67
       32.38     0.999866      8513845      7447.27
       32.38     0.999878      8513845      8192.00
       32.38     0.999884      8513845      8623.16
       32.38     0.999890      8513845      9102.22
       32.38     0.999896      8513845      9637.65
       32.38     0.999902      8513845     10240.00
       32.38     0.999908      8513845     10922.67
       32.38     0.999915      8513845     11702.86
       32.51     0.999921      8513945     12603.08
       32.51     0.999927      8513945     13653.33
       32.64     0.999933      8513970     14894.55
       32.77     0.999939      8514015     16384.00
       33.02     0.999942      8514060     17246.32
       33.28     0.999945      8514070     18204.44
       33.79     0.999948      8514100     19275.29
       34.05     0.999951      8514130     20480.00
       34.56     0.999954      8514145     21845.33
       34.81     0.999957      8514195     23405.71
       34.81     0.999960      8514195     25206.15
       35.07     0.999963      8514240     27306.67
       35.33     0.999966      8514250     29789.09
       36.09     0.999969      8514295     32768.00
       36.09     0.999971      8514295     34492.63
       36.35     0.999973      8514335     36408.89
       36.35     0.999974      8514335     38550.59
       36.35     0.999976      8514335     40960.00
       36.61     0.999977      8514340     43690.67
       36.86     0.999979      8514350     46811.43
       37.12     0.999980      8514370     50412.31
       37.38     0.999982      8514380     54613.33
       37.63     0.999983      8514390     59578.18
       37.89     0.999985      8514405     65536.00
       38.14     0.999986      8514410     68985.26
       40.45     0.999986      8514450     72817.78
       40.45     0.999987      8514450     77101.18
       40.45     0.999988      8514450     81920.00
       40.45     0.999989      8514450     87381.33
       40.45     0.999989      8514450     93622.86
       40.45     0.999990      8514450    100824.62
       40.70     0.999991      8514485    109226.67
       40.70     0.999992      8514485    119156.36
       40.70     0.999992      8514485    131072.00
       40.70     0.999993      8514485    137970.53
       40.70     0.999993      8514485    145635.56
       40.70     0.999994      8514485    154202.35
       40.70     0.999994      8514485    163840.00
       40.70     0.999994      8514485    174762.67
       40.70     0.999995      8514485    187245.71
       40.96     0.999995      8514525    201649.23
       40.96     0.999995      8514525    218453.33
       40.96     0.999996      8514525    238312.73
       40.96     0.999996      8514525    262144.00
       40.96     0.999996      8514525    275941.05
       40.96     0.999997      8514525    291271.11
       40.96     0.999997      8514525    308404.71
       40.96     0.999997      8514525    327680.00
       40.96     0.999997      8514525    349525.33
       40.96     0.999997      8514525    374491.43
       40.96     0.999998      8514525    403298.46
       40.96     0.999998      8514525    436906.67
       40.96     0.999998      8514525    476625.45
       40.96     0.999998      8514525    524288.00
       40.96     0.999998      8514525    551882.11
       40.96     0.999998      8514525    582542.22
       40.96     0.999998      8514525    616809.41
       40.96     0.999998      8514525    655360.00
       40.96     0.999999      8514525    699050.67
       40.96     0.999999      8514525    748982.86
       40.96     0.999999      8514525    806596.92
       40.96     0.999999      8514525    873813.33
       40.96     0.999999      8514525    953250.91
       40.96     0.999999      8514525   1048576.00
       40.96     0.999999      8514525   1103764.21
       40.96     0.999999      8514525   1165084.44
       40.96     0.999999      8514525   1233618.82
       40.96     0.999999      8514525   1310720.00
       40.96     0.999999      8514525   1398101.33
       40.96     0.999999      8514525   1497965.71
       40.96     0.999999      8514525   1613193.85
       41.22     0.999999      8514530   1747626.67
       41.22     1.000000      8514530          inf
#[Mean    =        1.122, StdDeviation   =        1.668]
#[Max     =       41.215, Total count    =      8514530]
#[Buckets =           20, SubBuckets     =          256]
