       Value   Percentile   TotalCount 1/(1-Percentile)

        0.19     0.000000            1         1.00
        0.62     0.050000        18056         1.05
        0.66     0.100000        34458         1.11
        0.68     0.150000        55947         1.18
        0.69     0.200000        65033         1.25
        0.70     0.250000        86360         1.33
        0.71     0.300000        98436         1.43
        0.73     0.350000       124700         1.54
        0.73     0.400000       138573         1.67
        0.74     0.450000       152738         1.82
        0.75     0.500000       167058         2.00
        0.76     0.525000       180943         2.11
        0.76     0.550000       180943         2.22
        0.77     0.575000       194533         2.35
        0.77     0.600000       194533         2.50
        0.78     0.625000       207452         2.67
        0.78     0.650000       219637         2.86
        0.78     0.675000       219637         3.08
        0.79     0.700000       231001         3.33
        0.80     0.725000       241428         3.64
        0.80     0.750000       241428         4.00
        0.81     0.762500       251047         4.21
        0.81     0.775000       251047         4.44
        0.81     0.787500       259750         4.71
        0.81     0.800000       259750         5.00
        0.81     0.812500       259750         5.33
        0.82     0.825000       267539         5.71
        0.82     0.837500       267539         6.15
        0.83     0.850000       274564         6.67
        0.84     0.862500       280673         7.27
        0.84     0.875000       280673         8.00
        0.85     0.881250       285960         8.42
        0.85     0.887500       285960         8.89
        0.85     0.893750       285960         9.41
        0.85     0.900000       290559        10.00
        0.85     0.906250       290559        10.67
        0.86     0.912500       294708        11.43
        0.86     0.918750       294708        12.31
        0.87     0.925000       298209        13.33
        0.87     0.931250       298209        14.55
        0.88     0.937500       301243        16.00
        0.88     0.940625       301243        16.84
        0.89     0.943750       303960        17.78
        0.89     0.946875       303960        18.82
        0.89     0.950000       303960        20.00
        0.90     0.953125       306229        21.33
        0.90     0.956250       306229        22.86
        0.90     0.959375       308187        24.62
        0.90     0.962500       308187        26.67
        0.91     0.965625       309835        29.09
        0.91     0.968750       309835        32.00
        0.92     0.970313       311231        33.68
        0.92     0.971875       311231        35.56
        0.92     0.973437       311231        37.65
        0.93     0.975000       312470        40.00
        0.93     0.976562       312470        42.67
        0.93     0.978125       312470        45.71
        0.94     0.979688       313422        49.23
        0.94     0.981250       313422        53.33
        0.94     0.982812       314291        58.18
        0.95     0.984375       314994        64.00
        0.95     0.985156       314994        67.37
        0.95     0.985938       314994        71.11
        0.96     0.986719       315657        75.29
        0.96     0.987500       315657        80.00
        0.96     0.988281       315657        85.33
        0.97     0.989062       316175        91.43
        0.97     0.989844       316175        98.46
        0.97     0.990625       316614       106.67
        0.98     0.991406       316962       116.36
        0.98     0.992188       316962       128.00
        0.99     0.992578       317257       134.74
        0.99     0.992969       317257       142.22
        0.99     0.993359       317257       150.59
        1.00     0.993750       317501       160.00
        1.00     0.994141       317501       170.67
        1.01     0.994531       317715       182.86
        1.01     0.994922       317903       196.92
        1.01     0.995313       317903       213.33
        1.02     0.995703       318047       232.73
        1.03     0.996094       318192       256.00
        1.03     0.996289       318192       269.47
        1.04     0.996484       318282       284.44
        1.05     0.996680       318366       301.18
        1.05     0.996875       318427       320.00
        1.06     0.997070       318479       341.33
        1.07     0.997266       318531       365.71
        1.08     0.997461       318585       393.85
        1.09     0.997656       318619       426.67
        1.11     0.997852       318704       465.45
        1.14     0.998047       318747       512.00
        1.16     0.998145       318786       538.95
        1.18     0.998242       318810       568.89
        1.20     0.998340       318839       602.35
        1.23     0.998437       318873       640.00
        1.26     0.998535       318905       682.67
        1.29     0.998633       318938       731.43
        1.33     0.998730       318963       787.69
        1.39     0.998828       318993       853.33
        1.54     0.998926       319024       930.91
        2.19     0.999023       319057      1024.00
        2.25     0.999072       319071      1077.89
        2.29     0.999121       319089      1137.78
        2.30     0.999170       319107      1204.71
        2.33     0.999219       319122      1280.00
        2.37     0.999268       319143      1365.33
        2.38     0.999316       319151      1462.86
        2.42     0.999365       319167      1575.38
        2.45     0.999414       319181      1706.67
        2.48     0.999463       319199      1861.82
        2.51     0.999512       319218      2048.00
        2.53     0.999536       319224      2155.79
        2.54     0.999561       319229      2275.56
        2.56     0.999585       319235      2409.41
        2.58     0.999609       319248      2560.00
        2.59     0.999634       319252      2730.67
        2.62     0.999658       319264      2925.71
        2.64     0.999683       319269      3150.77
        2.65     0.999707       319274      3413.33
        2.67     0.999731       319282      3723.64
        2.70     0.999756       319292      4096.00
        2.72     0.999768       319296      4311.58
        2.73     0.999780       319298      4551.11
        2.77     0.999792       319301      4818.82
        2.80     0.999805       319308      5120.00
        2.81     0.999817       319309      5461.33
        2.86     0.999829       319313      5851.43
        2.91     0.999841       319319      6301.54
        2.96     0.999854       319321      6826.67
        3.01     0.999866       319327      7447.27
        3.04     0.999878       319329      8192.00
        3.06     0.999884       319330      8623.16
        3.09     0.999890       319332      9102.22
        3.12     0.999896       319335      9637.65
        3.13     0.999902       319336     10240.00
        3.17     0.999908       319338     10922.67
        3.23     0.999915       319340     11702.86
        3.57     0.999921       319342     12603.08
        3.81     0.999927       319344     13653.33
        4.09     0.999933       319346     14894.55
        4.16     0.999939       319348     16384.00
        4.22     0.999942       319350     17246.32
        4.22     0.999945       319350     18204.44
        4.42     0.999948       319352     19275.29
        4.42     0.999951       319352     20480.00
        4.48     0.999954       319354     21845.33
        4.48     0.999957       319354     23405.71
        4.51     0.999960       319355     25206.15
        4.58     0.999963       319357     27306.67
        4.58     0.999966       319357     29789.09
        4.64     0.999969       319358     32768.00
        4.64     0.999971       319358     34492.63
        4.74     0.999973       319359     36408.89
        4.74     0.999974       319359     38550.59
        4.77     0.999976       319360     40960.00
        4.77     0.999977       319360     43690.67
        4.86     0.999979       319361     46811.43
        4.86     0.999980       319361     50412.31
        5.09     0.999982       319362     54613.33
        5.09     0.999983       319362     59578.18
        5.12     0.999985       319363     65536.00
        5.12     0.999986       319363     68985.26
        5.12     0.999986       319363     72817.78
        5.12     0.999987       319363     77101.18
        5.15     0.999988       319364     81920.00
        5.15     0.999989       319364     87381.33
        5.15     0.999989       319364     93622.86
        5.15     0.999990       319364    100824.62
        5.18     0.999991       319365    109226.67
        5.18     0.999992       319365    119156.36
        5.18     0.999992       319365    131072.00
        5.18     0.999993       319365    137970.53
        5.18     0.999993       319365    145635.56
        5.18     0.999994       319365    154202.35
        5.21     0.999994       319367    163840.00
        5.21     1.000000       319367          inf
#[Mean    =        0.750, StdDeviation   =        0.108]
#[Max     =        5.215, Total count    =       319367]
#[Buckets =           20, SubBuckets     =          256]
