       Value   Percentile   TotalCount 1/(1-Percentile)

        0.17     0.000000            2         1.00
        0.28     0.050000        41409         1.05
        0.29     0.100000        61014         1.11
        0.33     0.150000        87775         1.18
        0.35     0.200000       132651         1.25
        0.36     0.250000       158264         1.33
        0.37     0.300000       183777         1.43
        0.38     0.350000       209265         1.54
        0.39     0.400000       243482         1.67
        0.41     0.450000       273185         1.82
        0.41     0.500000       299829         2.00
        0.42     0.525000       333098         2.11
        0.42     0.550000       333098         2.22
        0.42     0.575000       333098         2.35
        0.43     0.600000       368796         2.50
        0.43     0.625000       368796         2.67
        0.44     0.650000       404604         2.86
        0.44     0.675000       404604         3.08
        0.44     0.700000       404604         3.33
        0.45     0.725000       438057         3.64
        0.45     0.750000       438057         4.00
        0.46     0.762500       462689         4.21
        0.46     0.775000       462689         4.44
        0.46     0.787500       462689         4.71
        0.46     0.800000       462689         5.00
        0.46     0.812500       477163         5.33
        0.46     0.825000       477163         5.71
        0.47     0.837500       484080         6.15
        0.49     0.850000       491509         6.67
        0.57     0.862500       499311         7.27
        0.58     0.875000       512326         8.00
        0.58     0.881250       512326         8.42
        0.59     0.887500       524392         8.89
        0.59     0.893750       524392         9.41
        0.59     0.900000       524392        10.00
        0.59     0.906250       524392        10.67
        0.60     0.912500       538569        11.43
        0.60     0.918750       538569        12.31
        0.60     0.925000       538569        13.33
        0.60     0.931250       538569        14.55
        0.61     0.937500       551870        16.00
        0.61     0.940625       551870        16.84
        0.61     0.943750       551870        17.78
        0.61     0.946875       551870        18.82
        0.61     0.950000       551870        20.00
        0.61     0.953125       551870        21.33
        0.61     0.956250       562101        22.86
        0.61     0.959375       562101        24.62
        0.61     0.962500       562101        26.67
        0.61     0.965625       562101        29.09
        0.61     0.968750       562101        32.00
        0.61     0.970313       562101        33.68
        0.61     0.971875       562101        35.56
        0.62     0.973437       568357        37.65
        0.62     0.975000       568357        40.00
        0.62     0.976562       568357        42.67
        0.62     0.978125       568357        45.71
        0.62     0.979688       568357        49.23
        0.62     0.981250       568357        53.33
        0.62     0.982812       568357        58.18
        0.63     0.984375       571684        64.00
        0.63     0.985156       571684        67.37
        0.63     0.985938       571684        71.11
        0.63     0.986719       571684        75.29
        0.63     0.987500       571684        80.00
        0.63     0.988281       571684        85.33
        0.63     0.989062       571684        91.43
        0.64     0.989844       573399        98.46
        0.64     0.990625       573399       106.67
        0.64     0.991406       573399       116.36
        0.64     0.992188       573399       128.00
        0.64     0.992578       573399       134.74
        0.65     0.992969       574357       142.22
        0.65     0.993359       574357       150.59
        0.65     0.993750       574357       160.00
        0.65     0.994141       574357       170.67
        0.66     0.994531       575014       182.86
        0.66     0.994922       575014       196.92
        0.66     0.995313       575014       213.33
        0.66     0.995703       575467       232.73
        0.66     0.996094       575467       256.00
        0.67     0.996289       575837       269.47
        0.67     0.996484       575837       284.44
        0.67     0.996680       575837       301.18
        0.68     0.996875       576169       320.00
        0.68     0.997070       576169       341.33
        0.68     0.997266       576169       365.71
        0.69     0.997461       576470       393.85
        0.69     0.997656       576470       426.67
        0.69     0.997852       576470       465.45
        0.69     0.998047       576704       512.00
        0.69     0.998145       576704       538.95
        0.69     0.998242       576704       568.89
        0.69     0.998340       576704       602.35
        0.70     0.998437       576917       640.00
        0.70     0.998535       576917       682.67
        0.70     0.998633       576917       731.43
        0.70     0.998730       576917       787.69
        0.71     0.998828       577116       853.33
        0.71     0.998926       577116       930.91
        0.71     0.999023       577116      1024.00
        0.71     0.999072       577116      1077.89
        0.72     0.999121       577261      1137.78
        0.72     0.999170       577261      1204.71
        0.72     0.999219       577261      1280.00
        0.72     0.999268       577261      1365.33
        0.72     0.999316       577261      1462.86
        0.73     0.999365       577373      1575.38
        0.73     0.999414       577373      1706.67
        0.73     0.999463       577373      1861.82
        0.73     0.999512       577373      2048.00
        0.73     0.999536       577450      2155.79
        0.73     0.999561       577450      2275.56
        0.73     0.999585       577450      2409.41
        0.73     0.999609       577450      2560.00
        0.73     0.999634       577450      2730.67
        0.73     0.999658       577450      2925.71
        0.74     0.999683       577498      3150.77
        0.74     0.999707       577498      3413.33
        0.74     0.999731       577498      3723.64
        0.75     0.999756       577529      4096.00
        0.75     0.999768       577529      4311.58
        0.75     0.999780       577529      4551.11
        0.75     0.999792       577529      4818.82
        0.76     0.999805       577550      5120.00
        0.76     0.999817       577550      5461.33
        0.76     0.999829       577550      5851.43
        0.77     0.999841       577565      6301.54
        0.77     0.999854       577565      6826.67
        0.78     0.999866       577574      7447.27
        0.79     0.999878       577578      8192.00
        0.81     0.999884       577582      8623.16
        0.81     0.999890       577587      9102.22
        0.81     0.999896       577587      9637.65
        0.85     0.999902       577590     10240.00
        0.98     0.999908       577594     10922.67
        1.37     0.999915       577597     11702.86
        1.60     0.999921       577601     12603.08
        2.16     0.999927       577604     13653.33
        2.25     0.999933       577609     14894.55
        2.30     0.999939       577611     16384.00
        2.32     0.999942       577614     17246.32
        2.33     0.999945       577616     18204.44
        2.35     0.999948       577618     19275.29
        2.35     0.999951       577618     20480.00
        2.45     0.999954       577620     21845.33
        2.51     0.999957       577622     23405.71
        2.64     0.999960       577624     25206.15
        2.65     0.999963       577625     27306.67
        2.67     0.999966       577627     29789.09
        2.70     0.999969       577629     32768.00
        2.72     0.999971       577630     34492.63
        2.78     0.999973       577631     36408.89
        2.80     0.999974       577633     38550.59
        2.80     0.999976       577633     40960.00
        2.80     0.999977       577633     43690.67
        2.99     0.999979       577634     46811.43
        3.42     0.999980       577635     50412.31
        3.44     0.999982       577637     54613.33
        3.44     0.999983       577637     59578.18
        3.49     0.999985       577638     65536.00
        3.49     0.999986       577638     68985.26
        3.50     0.999986       577639     72817.78
        3.50     0.999987       577639     77101.18
        3.50     0.999988       577639     81920.00
        3.52     0.999989       577640     87381.33
        3.52     0.999989       577640     93622.86
        3.55     0.999990       577641    100824.62
        3.55     0.999991       577641    109226.67
        3.57     0.999992       577642    119156.36
        3.57     0.999992       577642    131072.00
        3.57     0.999993       577642    137970.53
        3.60     0.999993       577643    145635.56
        3.60     0.999994       577643    154202.35
        3.60     0.999994       577643    163840.00
        3.60     0.999994       577643    174762.67
        3.60     0.999995       577643    187245.71
        3.62     0.999995       577644    201649.23
        3.62     0.999995       577644    218453.33
        3.62     0.999996       577644    238312.73
        3.62     0.999996       577644    262144.00
        3.62     0.999996       577644    275941.05
        3.68     0.999997       577645    291271.11
        3.68     0.999997       577645    308404.71
        3.68     0.999997       577645    327680.00
        3.68     0.999997       577645    349525.33
        3.68     0.999997       577645    374491.43
        3.68     0.999998       577645    403298.46
        3.68     0.999998       577645    436906.67
        3.68     0.999998       577645    476625.45
        3.68     0.999998       577645    524288.00
        3.68     0.999998       577645    551882.11
        3.85     0.999998       577646    582542.22
        3.85     1.000000       577646          inf
#[Mean    =        0.415, StdDeviation   =        0.097]
#[Max     =        3.855, Total count    =       577646]
#[Buckets =           20, SubBuckets     =          256]
