       Value   Percentile   TotalCount 1/(1-Percentile)

        0.25     0.000000            1         1.00
        0.40     0.050000        23825         1.05
        0.42     0.100000        41326         1.11
        0.46     0.150000        60697         1.18
        0.49     0.200000        84962         1.25
        0.51     0.250000       108606         1.33
        0.52     0.300000       122310         1.43
        0.54     0.350000       147304         1.54
        0.55     0.400000       166265         1.67
        0.57     0.450000       188245         1.82
        0.59     0.500000       207513         2.00
        0.60     0.525000       219552         2.11
        0.61     0.550000       232712         2.22
        0.61     0.575000       232712         2.35
        0.61     0.600000       246590         2.50
        0.62     0.625000       260829         2.67
        0.63     0.650000       274828         2.86
        0.63     0.675000       274828         3.08
        0.64     0.700000       288243         3.33
        0.65     0.725000       300384         3.64
        0.66     0.750000       310678         4.00
        0.66     0.762500       310678         4.21
        0.66     0.775000       319020         4.44
        0.66     0.787500       319020         4.71
        0.67     0.800000       325476         5.00
        0.68     0.812500       330462         5.33
        0.69     0.825000       334251         5.71
        0.70     0.837500       339245         6.15
        0.73     0.850000       343609         6.67
        0.77     0.862500       348625         7.27
        0.79     0.875000       354054         8.00
        0.80     0.881250       356858         8.42
        0.81     0.887500       360311         8.89
        0.81     0.893750       364294         9.41
        0.81     0.900000       364294        10.00
        0.82     0.906250       368665        10.67
        0.82     0.912500       368665        11.43
        0.83     0.918750       373393        12.31
        0.84     0.925000       378327        13.33
        0.84     0.931250       378327        14.55
        0.85     0.937500       383127        16.00
        0.85     0.940625       383127        16.84
        0.85     0.943750       383127        17.78
        0.85     0.946875       383127        18.82
        0.85     0.950000       387510        20.00
        0.85     0.953125       387510        21.33
        0.85     0.956250       387510        22.86
        0.85     0.959375       387510        24.62
        0.86     0.962500       391325        26.67
        0.86     0.965625       391325        29.09
        0.86     0.968750       391325        32.00
        0.87     0.970313       394285        33.68
        0.87     0.971875       394285        35.56
        0.87     0.973437       394285        37.65
        0.87     0.975000       394285        40.00
        0.88     0.976562       396636        42.67
        0.88     0.978125       396636        45.71
        0.88     0.979688       396636        49.23
        0.88     0.981250       396636        53.33
        0.89     0.982812       398300        58.18
        0.89     0.984375       398300        64.00
        0.89     0.985156       398300        67.37
        0.89     0.985938       398300        71.11
        0.90     0.986719       399543        75.29
        0.90     0.987500       399543        80.00
        0.90     0.988281       399543        85.33
        0.90     0.989062       399543        91.43
        0.90     0.989844       400415        98.46
        0.90     0.990625       400415       106.67
        0.90     0.991406       400415       116.36
        0.91     0.992188       401055       128.00
        0.91     0.992578       401055       134.74
        0.91     0.992969       401055       142.22
        0.92     0.993359       401505       150.59
        0.92     0.993750       401505       160.00
        0.92     0.994141       401505       170.67
        0.93     0.994531       401835       182.86
        0.93     0.994922       401835       196.92
        0.94     0.995313       402128       213.33
        0.94     0.995703       402128       232.73
        0.94     0.996094       402348       256.00
        0.94     0.996289       402348       269.47
        0.95     0.996484       402512       284.44
        0.95     0.996680       402512       301.18
        0.96     0.996875       402668       320.00
        0.96     0.997070       402668       341.33
        0.97     0.997266       402808       365.71
        0.97     0.997461       402808       393.85
        0.97     0.997656       402944       426.67
        0.98     0.997852       403065       465.45
        0.98     0.998047       403065       512.00
        0.99     0.998145       403167       538.95
        0.99     0.998242       403167       568.89
        0.99     0.998340       403167       602.35
        1.00     0.998437       403240       640.00
        1.00     0.998535       403240       682.67
        1.01     0.998633       403316       731.43
        1.01     0.998730       403316       787.69
        1.01     0.998828       403387       853.33
        1.02     0.998926       403445       930.91
        1.02     0.999023       403445      1024.00
        1.03     0.999072       403481      1077.89
        1.03     0.999121       403481      1137.78
        1.04     0.999170       403517      1204.71
        1.04     0.999219       403517      1280.00
        1.05     0.999268       403549      1365.33
        1.05     0.999316       403549      1462.86
        1.06     0.999365       403584      1575.38
        1.07     0.999414       403602      1706.67
        1.08     0.999463       403613      1861.82
        1.09     0.999512       403637      2048.00
        1.10     0.999536       403650      2155.79
        1.10     0.999561       403650      2275.56
        1.11     0.999585       403658      2409.41
        1.13     0.999609       403671      2560.00
        1.15     0.999634       403680      2730.67
        1.17     0.999658       403687      2925.71
        1.20     0.999683       403698      3150.77
        1.22     0.999707       403707      3413.33
        1.25     0.999731       403719      3723.64
        1.28     0.999756       403731      4096.00
        1.29     0.999768       403732      4311.58
        1.31     0.999780       403740      4551.11
        1.32     0.999792       403743      4818.82
        1.34     0.999805       403749      5120.00
        1.37     0.999817       403752      5461.33
        1.38     0.999829       403756      5851.43
        1.42     0.999841       403763      6301.54
        1.44     0.999854       403766      6826.67
        1.54     0.999866       403771      7447.27
        2.14     0.999878       403776      8192.00
        2.29     0.999884       403779      8623.16
        2.42     0.999890       403781      9102.22
        3.39     0.999896       403784      9637.65
        3.49     0.999902       403787     10240.00
        3.52     0.999908       403790     10922.67
        3.55     0.999915       403791     11702.86
        3.62     0.999921       403793     12603.08
        3.65     0.999927       403796     13653.33
        3.76     0.999933       403799     14894.55
        3.85     0.999939       403801     16384.00
        3.87     0.999942       403802     17246.32
        3.89     0.999945       403803     18204.44
        3.98     0.999948       403805     19275.29
        4.00     0.999951       403807     20480.00
        4.00     0.999954       403807     21845.33
        4.05     0.999957       403808     23405.71
        4.06     0.999960       403809     25206.15
        4.22     0.999963       403811     27306.67
        4.32     0.999966       403812     29789.09
        4.42     0.999969       403813     32768.00
        5.86     0.999971       403814     34492.63
        5.86     0.999973       403814     36408.89
        5.89     0.999974       403816     38550.59
        5.89     0.999976       403816     40960.00
        5.89     0.999977       403816     43690.67
        5.92     0.999979       403817     46811.43
        5.92     0.999980       403817     50412.31
        5.95     0.999982       403818     54613.33
        5.98     0.999983       403820     59578.18
        5.98     0.999985       403820     65536.00
        5.98     0.999986       403820     68985.26
        5.98     0.999986       403820     72817.78
        5.98     0.999987       403820     77101.18
        6.01     0.999988       403821     81920.00
        6.01     0.999989       403821     87381.33
        6.01     0.999989       403821     93622.86
        6.01     0.999990       403821    100824.62
        6.11     0.999991       403822    109226.67
        6.11     0.999992       403822    119156.36
        6.11     0.999992       403822    131072.00
        6.24     0.999993       403824    137970.53
        6.24     0.999993       403824    145635.56
        6.24     0.999994       403824    154202.35
        6.24     0.999994       403824    163840.00
        6.24     0.999994       403824    174762.67
        6.24     0.999995       403824    187245.71
        6.24     0.999995       403824    201649.23
        6.24     0.999995       403824    218453.33
        6.24     0.999996       403824    238312.73
        6.24     0.999996       403824    262144.00
        6.24     0.999996       403824    275941.05
        6.24     0.999997       403824    291271.11
        6.24     0.999997       403824    308404.71
        6.24     0.999997       403824    327680.00
        6.24     0.999997       403824    349525.33
        6.24     0.999997       403824    374491.43
        6.24     0.999998       403824    403298.46
        6.30     0.999998       403825    436906.67
        6.30     1.000000       403825          inf
#[Mean    =        0.594, StdDeviation   =        0.137]
#[Max     =        6.303, Total count    =       403825]
#[Buckets =           20, SubBuckets     =          256]
