       Value   Percentile   TotalCount 1/(1-Percentile)

        0.17     0.000000            1         1.00
        0.34     0.050000        36621         1.05
        0.35     0.100000        51407         1.11
        0.39     0.150000        72440         1.18
        0.42     0.200000        98786         1.25
        0.44     0.250000       133034         1.33
        0.45     0.300000       150952         1.43
        0.46     0.350000       169072         1.54
        0.47     0.400000       199177         1.67
        0.49     0.450000       214902         1.82
        0.51     0.500000       256269         2.00
        0.51     0.525000       256269         2.11
        0.52     0.550000       278805         2.22
        0.52     0.575000       278805         2.35
        0.53     0.600000       303477         2.50
        0.53     0.625000       303477         2.67
        0.54     0.650000       328545         2.86
        0.54     0.675000       328545         3.08
        0.54     0.700000       353986         3.33
        0.54     0.725000       353986         3.64
        0.55     0.750000       376644         4.00
        0.55     0.762500       376644         4.21
        0.55     0.775000       376644         4.44
        0.55     0.787500       376644         4.71
        0.56     0.800000       392497         5.00
        0.56     0.812500       392497         5.33
        0.57     0.825000       401773         5.71
        0.57     0.837500       401773         6.15
        0.57     0.850000       405911         6.67
        0.69     0.862500       411202         7.27
        0.70     0.875000       416569         8.00
        0.71     0.881250       422535         8.42
        0.71     0.887500       422535         8.89
        0.72     0.893750       430886         9.41
        0.72     0.900000       430886        10.00
        0.73     0.906250       441120        10.67
        0.73     0.912500       441120        11.43
        0.73     0.918750       441120        12.31
        0.73     0.925000       441120        13.33
        0.73     0.931250       451568        14.55
        0.73     0.937500       451568        16.00
        0.73     0.940625       451568        16.84
        0.73     0.943750       451568        17.78
        0.73     0.946875       451568        18.82
        0.74     0.950000       460577        20.00
        0.74     0.953125       460577        21.33
        0.74     0.956250       460577        22.86
        0.74     0.959375       460577        24.62
        0.74     0.962500       460577        26.67
        0.74     0.965625       460577        29.09
        0.75     0.968750       467220        32.00
        0.75     0.970313       467220        33.68
        0.75     0.971875       467220        35.56
        0.75     0.973437       467220        37.65
        0.75     0.975000       467220        40.00
        0.75     0.976562       467220        42.67
        0.75     0.978125       467220        45.71
        0.75     0.979688       467220        49.23
        0.75     0.981250       467220        53.33
        0.76     0.982812       471458        58.18
        0.76     0.984375       471458        64.00
        0.76     0.985156       471458        67.37
        0.76     0.985938       471458        71.11
        0.76     0.986719       471458        75.29
        0.76     0.987500       471458        80.00
        0.76     0.988281       471458        85.33
        0.76     0.989062       471458        91.43
        0.76     0.989844       471458        98.46
        0.76     0.990625       471458       106.67
        0.77     0.991406       473764       116.36
        0.77     0.992188       473764       128.00
        0.77     0.992578       473764       134.74
        0.77     0.992969       473764       142.22
        0.77     0.993359       473764       150.59
        0.77     0.993750       473764       160.00
        0.77     0.994141       473764       170.67
        0.77     0.994531       473764       182.86
        0.77     0.994922       473764       196.92
        0.77     0.995313       473764       213.33
        0.77     0.995703       473764       232.73
        0.78     0.996094       474873       256.00
        0.78     0.996289       474873       269.47
        0.78     0.996484       474873       284.44
        0.78     0.996680       474873       301.18
        0.78     0.996875       474873       320.00
        0.78     0.997070       474873       341.33
        0.78     0.997266       474873       365.71
        0.78     0.997461       474873       393.85
        0.78     0.997656       474873       426.67
        0.78     0.997852       474873       465.45
        0.78     0.998047       474873       512.00
        0.78     0.998145       475345       538.95
        0.78     0.998242       475345       568.89
        0.78     0.998340       475345       602.35
        0.78     0.998437       475345       640.00
        0.78     0.998535       475345       682.67
        0.78     0.998633       475345       731.43
        0.78     0.998730       475345       787.69
        0.78     0.998828       475345       853.33
        0.78     0.998926       475345       930.91
        0.78     0.999023       475345      1024.00
        0.78     0.999072       475345      1077.89
        0.79     0.999121       475540      1137.78
        0.79     0.999170       475540      1204.71
        0.79     0.999219       475540      1280.00
        0.79     0.999268       475540      1365.33
        0.79     0.999316       475540      1462.86
        0.79     0.999365       475540      1575.38
        0.79     0.999414       475540      1706.67
        0.79     0.999463       475540      1861.82
        0.79     0.999512       475540      2048.00
        0.80     0.999536       475634      2155.79
        0.80     0.999561       475634      2275.56
        0.80     0.999585       475634      2409.41
        0.80     0.999609       475634      2560.00
        0.80     0.999634       475634      2730.67
        0.80     0.999658       475634      2925.71
        0.80     0.999683       475634      3150.77
        0.80     0.999707       475634      3413.33
        0.81     0.999731       475677      3723.64
        0.81     0.999756       475677      4096.00
        0.81     0.999768       475677      4311.58
        0.81     0.999780       475677      4551.11
        0.81     0.999792       475677      4818.82
        0.81     0.999805       475701      5120.00
        0.81     0.999817       475701      5461.33
        0.81     0.999829       475701      5851.43
        0.81     0.999841       475701      6301.54
        0.82     0.999854       475714      6826.67
        0.82     0.999866       475714      7447.27
        0.82     0.999878       475714      8192.00
        0.83     0.999884       475719      8623.16
        0.83     0.999890       475719      9102.22
        0.84     0.999896       475722      9637.65
        0.85     0.999902       475730     10240.00
        0.85     0.999908       475730     10922.67
        0.85     0.999915       475737     11702.86
        0.85     0.999921       475737     12603.08
        0.85     0.999927       475737     13653.33
        0.86     0.999933       475742     14894.55
        0.86     0.999939       475742     16384.00
        0.87     0.999942       475745     17246.32
        0.87     0.999945       475745     18204.44
        0.88     0.999948       475748     19275.29
        0.88     0.999951       475748     20480.00
        0.90     0.999954       475752     21845.33
        0.90     0.999957       475752     23405.71
        0.91     0.999960       475753     25206.15
        0.92     0.999963       475754     27306.67
        0.95     0.999966       475756     29789.09
        0.96     0.999969       475757     32768.00
        0.97     0.999971       475759     34492.63
        0.97     0.999973       475759     36408.89
        0.97     0.999974       475759     38550.59
        0.97     0.999976       475760     40960.00
        0.99     0.999977       475761     43690.67
        0.99     0.999979       475761     46811.43
        1.02     0.999980       475763     50412.31
        1.02     0.999982       475763     54613.33
        1.03     0.999983       475764     59578.18
        1.03     0.999985       475764     65536.00
        1.04     0.999986       475765     68985.26
        1.04     0.999986       475765     72817.78
        1.04     0.999987       475765     77101.18
        1.05     0.999988       475766     81920.00
        1.05     0.999989       475766     87381.33
        1.05     0.999989       475766     93622.86
        1.08     0.999990       475767    100824.62
        1.08     0.999991       475767    109226.67
        1.09     0.999992       475768    119156.36
        1.09     0.999992       475768    131072.00
        1.09     0.999993       475768    137970.53
        1.09     0.999993       475768    145635.56
        1.09     0.999994       475768    154202.35
        1.15     0.999994       475769    163840.00
        1.15     0.999994       475769    174762.67
        1.15     0.999995       475769    187245.71
        1.15     0.999995       475769    201649.23
        1.15     0.999995       475769    218453.33
        1.18     0.999996       475770    238312.73
        1.18     0.999996       475770    262144.00
        1.18     0.999996       475770    275941.05
        1.18     0.999997       475770    291271.11
        1.18     0.999997       475770    308404.71
        1.18     0.999997       475770    327680.00
        1.18     0.999997       475770    349525.33
        1.18     0.999997       475770    374491.43
        1.18     0.999998       475770    403298.46
        1.18     0.999998       475770    436906.67
        1.33     0.999998       475771    476625.45
        1.33     1.000000       475771          inf
#[Mean    =        0.504, StdDeviation   =        0.113]
#[Max     =        1.327, Total count    =       475771]
#[Buckets =           20, SubBuckets     =          256]
