       Value   Percentile   TotalCount 1/(1-Percentile)

        0.23     0.000000            1         1.00
        0.43     0.050000        20189         1.05
        0.46     0.100000        40621         1.11
        0.50     0.150000        56563         1.18
        0.54     0.200000        82942         1.25
        0.55     0.250000        93357         1.33
        0.57     0.300000       117618         1.43
        0.58     0.350000       140043         1.54
        0.60     0.400000       156195         1.67
        0.62     0.450000       173660         1.82
        0.64     0.500000       188405         2.00
        0.65     0.525000       198128         2.11
        0.66     0.550000       209007         2.22
        0.66     0.575000       220921         2.35
        0.67     0.600000       233255         2.50
        0.68     0.625000       245704         2.67
        0.68     0.650000       245704         2.86
        0.69     0.675000       257852         3.08
        0.69     0.700000       269755         3.33
        0.70     0.725000       280701         3.64
        0.70     0.750000       280701         4.00
        0.71     0.762500       290162         4.21
        0.71     0.775000       290162         4.44
        0.72     0.787500       298040         4.71
        0.73     0.800000       304341         5.00
        0.73     0.812500       304341         5.33
        0.73     0.825000       309292         5.71
        0.74     0.837500       312848         6.15
        0.77     0.850000       318175         6.67
        0.83     0.862500       322641         7.27
        0.86     0.875000       328275         8.00
        0.87     0.881250       330908         8.42
        0.88     0.887500       334166         8.89
        0.88     0.893750       334166         9.41
        0.89     0.900000       337991        10.00
        0.90     0.906250       342235        10.67
        0.90     0.912500       342235        11.43
        0.90     0.918750       346731        12.31
        0.90     0.925000       346731        13.33
        0.91     0.931250       351249        14.55
        0.91     0.937500       351249        16.00
        0.92     0.940625       355694        16.84
        0.92     0.943750       355694        17.78
        0.92     0.946875       355694        18.82
        0.92     0.950000       355694        20.00
        0.93     0.953125       359831        21.33
        0.93     0.956250       359831        22.86
        0.93     0.959375       359831        24.62
        0.93     0.962500       359831        26.67
        0.94     0.965625       363416        29.09
        0.94     0.968750       363416        32.00
        0.94     0.970313       363416        33.68
        0.94     0.971875       363416        35.56
        0.94     0.973437       366419        37.65
        0.94     0.975000       366419        40.00
        0.94     0.976562       366419        42.67
        0.94     0.978125       366419        45.71
        0.94     0.979688       366419        49.23
        0.95     0.981250       368628        53.33
        0.95     0.982812       368628        58.18
        0.95     0.984375       368628        64.00
        0.95     0.985156       368628        67.37
        0.95     0.985938       368628        71.11
        0.95     0.986719       368628        75.29
        0.96     0.987500       370192        80.00
        0.96     0.988281       370192        85.33
        0.96     0.989062       370192        91.43
        0.96     0.989844       370192        98.46
        0.96     0.990625       370192       106.67
        0.97     0.991406       371357       116.36
        0.97     0.992188       371357       128.00
        0.97     0.992578       371357       134.74
        0.97     0.992969       371357       142.22
        0.97     0.993359       371357       150.59
        0.97     0.993750       371357       160.00
        0.97     0.994141       371357       170.67
        0.97     0.994531       372119       182.86
        0.97     0.994922       372119       196.92
        0.97     0.995313       372119       213.33
        0.97     0.995703       372119       232.73
        0.97     0.996094       372119       256.00
        0.97     0.996289       372119       269.47
        0.97     0.996484       372119       284.44
        0.98     0.996680       372600       301.18
        0.98     0.996875       372600       320.00
        0.98     0.997070       372600       341.33
        0.98     0.997266       372600       365.71
        0.98     0.997461       372600       393.85
        0.98     0.997656       372600       426.67
        0.99     0.997852       372930       465.45
        0.99     0.998047       372930       512.00
        0.99     0.998145       372930       538.95
        0.99     0.998242       372930       568.89
        0.99     0.998340       372930       602.35
        0.99     0.998437       372930       640.00
        0.99     0.998535       372930       682.67
        0.99     0.998633       372930       731.43
        1.00     0.998730       373133       787.69
        1.00     0.998828       373133       853.33
        1.00     0.998926       373133       930.91
        1.00     0.999023       373133      1024.00
        1.00     0.999072       373133      1077.89
        1.00     0.999121       373133      1137.78
        1.00     0.999170       373133      1204.71
        1.01     0.999219       373238      1280.00
        1.01     0.999268       373238      1365.33
        1.01     0.999316       373238      1462.86
        1.01     0.999365       373238      1575.38
        1.01     0.999414       373238      1706.67
        1.01     0.999463       373238      1861.82
        1.01     0.999512       373303      2048.00
        1.01     0.999536       373303      2155.79
        1.01     0.999561       373303      2275.56
        1.01     0.999585       373303      2409.41
        1.01     0.999609       373303      2560.00
        1.01     0.999634       373303      2730.67
        1.01     0.999658       373303      2925.71
        1.02     0.999683       373345      3150.77
        1.02     0.999707       373345      3413.33
        1.02     0.999731       373345      3723.64
        1.02     0.999756       373345      4096.00
        1.02     0.999768       373345      4311.58
        1.02     0.999780       373345      4551.11
        1.03     0.999792       373366      4818.82
        1.03     0.999805       373366      5120.00
        1.03     0.999817       373366      5461.33
        1.03     0.999829       373366      5851.43
        1.04     0.999841       373380      6301.54
        1.04     0.999854       373380      6826.67
        1.04     0.999866       373380      7447.27
        1.05     0.999878       373386      8192.00
        1.05     0.999884       373386      8623.16
        1.05     0.999890       373386      9102.22
        1.05     0.999896       373393      9637.65
        1.05     0.999902       373393     10240.00
        1.05     0.999908       373393     10922.67
        1.06     0.999915       373398     11702.86
        1.06     0.999921       373398     12603.08
        1.07     0.999927       373400     13653.33
        1.08     0.999933       373403     14894.55
        1.09     0.999939       373405     16384.00
        1.10     0.999942       373406     17246.32
        1.12     0.999945       373407     18204.44
        1.13     0.999948       373408     19275.29
        1.15     0.999951       373409     20480.00
        1.16     0.999954       373411     21845.33
        1.17     0.999957       373412     23405.71
        1.18     0.999960       373413     25206.15
        1.18     0.999963       373414     27306.67
        1.19     0.999966       373416     29789.09
        1.19     0.999969       373416     32768.00
        1.21     0.999971       373417     34492.63
        1.21     0.999973       373417     36408.89
        1.22     0.999974       373418     38550.59
        1.22     0.999976       373418     40960.00
        1.22     0.999977       373419     43690.67
        1.23     0.999979       373421     46811.43
        1.23     0.999980       373421     50412.31
        1.23     0.999982       373421     54613.33
        1.23     0.999983       373421     59578.18
        1.27     0.999985       373422     65536.00
        1.27     0.999986       373422     68985.26
        1.27     0.999986       373422     72817.78
        1.28     0.999987       373423     77101.18
        1.28     0.999988       373423     81920.00
        1.28     0.999989       373423     87381.33
        1.29     0.999989       373424     93622.86
        1.29     0.999990       373424    100824.62
        1.29     0.999991       373424    109226.67
        1.29     0.999992       373424    119156.36
        1.31     0.999992       373425    131072.00
        1.31     0.999993       373425    137970.53
        1.31     0.999993       373425    145635.56
        1.31     0.999994       373425    154202.35
        1.31     0.999994       373425    163840.00
        1.31     0.999994       373425    174762.67
        1.35     0.999995       373426    187245.71
        1.35     0.999995       373426    201649.23
        1.35     0.999995       373426    218453.33
        1.35     0.999996       373426    238312.73
        1.35     0.999996       373426    262144.00
        1.35     0.999996       373426    275941.05
        1.35     0.999997       373426    291271.11
        1.35     0.999997       373426    308404.71
        1.35     0.999997       373426    327680.00
        1.35     0.999997       373426    349525.33
        1.37     0.999997       373427    374491.43
        1.37     1.000000       373427          inf
#[Mean    =        0.642, StdDeviation   =        0.138]
#[Max     =        1.367, Total count    =       373427]
#[Buckets =           20, SubBuckets     =          256]
