       Value   Percentile   TotalCount 1/(1-Percentile)

        0.14     0.000000            5         1.00
        0.19     0.050000        73702         1.05
        0.20     0.100000       106684         1.11
        0.21     0.150000       137152         1.18
        0.22     0.200000       185934         1.25
        0.24     0.250000       241167         1.33
        0.25     0.300000       269049         1.43
        0.26     0.350000       330518         1.54
        0.27     0.400000       371929         1.67
        0.28     0.450000       397257         1.82
        0.29     0.500000       427531         2.00
        0.29     0.525000       475822         2.11
        0.29     0.550000       475822         2.22
        0.30     0.575000       525468         2.35
        0.30     0.600000       525468         2.50
        0.31     0.625000       572561         2.67
        0.31     0.650000       572561         2.86
        0.31     0.675000       572561         3.08
        0.32     0.700000       628159         3.33
        0.32     0.725000       628159         3.64
        0.33     0.750000       677536         4.00
        0.33     0.762500       677536         4.21
        0.33     0.775000       677536         4.44
        0.33     0.787500       677536         4.71
        0.33     0.800000       677536         5.00
        0.34     0.812500       705452         5.33
        0.34     0.825000       705452         5.71
        0.34     0.837500       705452         6.15
        0.34     0.850000       717065         6.67
        0.37     0.862500       727660         7.27
        0.38     0.875000       740759         8.00
        0.39     0.881250       748525         8.42
        0.39     0.887500       748525         8.89
        0.40     0.893750       755695         9.41
        0.41     0.900000       766688        10.00
        0.41     0.906250       766688        10.67
        0.41     0.912500       786181        11.43
        0.41     0.918750       786181        12.31
        0.41     0.925000       786181        13.33
        0.41     0.931250       786181        14.55
        0.42     0.937500       810438        16.00
        0.42     0.940625       810438        16.84
        0.42     0.943750       810438        17.78
        0.42     0.946875       810438        18.82
        0.42     0.950000       810438        20.00
        0.42     0.953125       810438        21.33
        0.42     0.956250       810438        22.86
        0.42     0.959375       810438        24.62
        0.42     0.962500       810438        26.67
        0.43     0.965625       829141        29.09
        0.43     0.968750       829141        32.00
        0.43     0.970313       829141        33.68
        0.43     0.971875       829141        35.56
        0.43     0.973437       829141        37.65
        0.43     0.975000       829141        40.00
        0.43     0.976562       829141        42.67
        0.43     0.978125       829141        45.71
        0.43     0.979688       829141        49.23
        0.43     0.981250       829141        53.33
        0.43     0.982812       829141        58.18
        0.43     0.984375       829141        64.00
        0.44     0.985156       837807        67.37
        0.44     0.985938       837807        71.11
        0.44     0.986719       837807        75.29
        0.44     0.987500       837807        80.00
        0.44     0.988281       837807        85.33
        0.44     0.989062       837807        91.43
        0.44     0.989844       837807        98.46
        0.44     0.990625       837807       106.67
        0.44     0.991406       837807       116.36
        0.44     0.992188       837807       128.00
        0.44     0.992578       837807       134.74
        0.44     0.992969       837807       142.22
        0.44     0.993359       837807       150.59
        0.44     0.993750       837807       160.00
        0.44     0.994141       837807       170.67
        0.44     0.994531       837807       182.86
        0.44     0.994922       837807       196.92
        0.44     0.995313       837807       213.33
        0.45     0.995703       840314       232.73
        0.45     0.996094       840314       256.00
        0.45     0.996289       840314       269.47
        0.45     0.996484       840314       284.44
        0.45     0.996680       840314       301.18
        0.45     0.996875       840314       320.00
        0.45     0.997070       840314       341.33
        0.45     0.997266       840314       365.71
        0.45     0.997461       840314       393.85
        0.45     0.997656       840314       426.67
        0.45     0.997852       840314       465.45
        0.45     0.998047       840314       512.00
        0.45     0.998145       840314       538.95
        0.45     0.998242       840314       568.89
        0.45     0.998340       840314       602.35
        0.46     0.998437       840931       640.00
        0.46     0.998535       840931       682.67
        0.46     0.998633       840931       731.43
        0.46     0.998730       840931       787.69
        0.46     0.998828       840931       853.33
        0.46     0.998926       840931       930.91
        0.46     0.999023       840931      1024.00
        0.46     0.999072       840931      1077.89
        0.46     0.999121       840931      1137.78
        0.46     0.999170       841146      1204.71
        0.46     0.999219       841146      1280.00
        0.46     0.999268       841146      1365.33
        0.46     0.999316       841146      1462.86
        0.46     0.999365       841146      1575.38
        0.47     0.999414       841237      1706.67
        0.47     0.999463       841237      1861.82
        0.48     0.999512       841298      2048.00
        0.48     0.999536       841298      2155.79
        0.49     0.999561       841354      2275.56
        0.49     0.999585       841354      2409.41
        0.49     0.999609       841354      2560.00
        0.49     0.999634       841378      2730.67
        0.50     0.999658       841401      2925.71
        0.51     0.999683       841417      3150.77
        0.52     0.999707       841435      3413.33
        0.53     0.999731       841449      3723.64
        0.54     0.999756       841479      4096.00
        0.54     0.999768       841479      4311.58
        0.55     0.999780       841495      4551.11
        0.55     0.999792       841495      4818.82
        0.56     0.999805       841513      5120.00
        0.57     0.999817       841528      5461.33
        0.57     0.999829       841528      5851.43
        0.58     0.999841       841542      6301.54
        0.59     0.999854       841551      6826.67
        0.60     0.999866       841558      7447.27
        0.62     0.999878       841571      8192.00
        0.63     0.999884       841578      8623.16
        0.63     0.999890       841578      9102.22
        0.64     0.999896       841586      9637.65
        0.65     0.999902       841590     10240.00
        0.66     0.999908       841598     10922.67
        0.66     0.999915       841598     11702.86
        0.67     0.999921       841608     12603.08
        0.67     0.999927       841608     13653.33
        0.68     0.999933       841617     14894.55
        0.69     0.999939       841628     16384.00
        0.69     0.999942       841628     17246.32
        0.69     0.999945       841628     18204.44
        0.69     0.999948       841628     19275.29
        0.69     0.999951       841628     20480.00
        0.69     0.999954       841631     21845.33
        0.70     0.999957       841635     23405.71
        0.71     0.999960       841639     25206.15
        0.71     0.999963       841639     27306.67
        0.72     0.999966       841643     29789.09
        0.73     0.999969       841644     32768.00
        0.73     0.999971       841648     34492.63
        0.73     0.999973       841648     36408.89
        0.73     0.999974       841648     38550.59
        0.74     0.999976       841656     40960.00
        0.74     0.999977       841656     43690.67
        0.74     0.999979       841656     46811.43
        0.74     0.999980       841656     50412.31
        0.74     0.999982       841656     54613.33
        0.74     0.999983       841656     59578.18
        0.75     0.999985       841658     65536.00
        0.75     0.999986       841658     68985.26
        0.75     0.999986       841658     72817.78
        0.76     0.999987       841663     77101.18
        0.76     0.999988       841663     81920.00
        0.76     0.999989       841663     87381.33
        0.76     0.999989       841663     93622.86
        0.76     0.999990       841663    100824.62
        0.76     0.999991       841663    109226.67
        0.76     0.999992       841663    119156.36
        0.76     0.999992       841663    131072.00
        0.76     0.999993       841663    137970.53
        0.78     0.999993       841665    145635.56
        0.78     0.999994       841665    154202.35
        0.78     0.999994       841665    163840.00
        0.78     0.999994       841665    174762.67
        0.78     0.999995       841665    187245.71
        0.78     0.999995       841665    201649.23
        0.81     0.999995       841666    218453.33
        0.81     0.999996       841666    238312.73
        0.81     0.999996       841666    262144.00
        0.81     0.999996       841666    275941.05
        0.81     0.999997       841667    291271.11
        0.81     0.999997       841667    308404.71
        0.81     0.999997       841667    327680.00
        0.81     0.999997       841667    349525.33
        0.81     0.999997       841667    374491.43
        0.81     0.999998       841667    403298.46
        0.86     0.999998       841668    436906.67
        0.86     0.999998       841668    476625.45
        0.86     0.999998       841668    524288.00
        0.86     0.999998       841668    551882.11
        0.86     0.999998       841668    582542.22
        0.86     0.999998       841668    616809.41
        0.86     0.999998       841668    655360.00
        0.86     0.999999       841668    699050.67
        0.86     0.999999       841668    748982.86
        0.86     0.999999       841668    806596.92
        0.90     0.999999       841669    873813.33
        0.90     1.000000       841669          inf
#[Mean    =        0.285, StdDeviation   =        0.068]
#[Max     =        0.903, Total count    =       841669]
#[Buckets =           20, SubBuckets     =          256]
