       Value   Percentile   TotalCount 1/(1-Percentile)

        0.18     0.000000            2         1.00
        0.31     0.050000        26474         1.05
        0.33     0.100000        56672         1.11
        0.38     0.150000        80647         1.18
        0.39     0.200000       102623         1.25
        0.41     0.250000       139113         1.33
        0.41     0.300000       158418         1.43
        0.43     0.350000       195430         1.54
        0.44     0.400000       208092         1.67
        0.46     0.450000       243925         1.82
        0.47     0.500000       265097         2.00
        0.48     0.525000       290743         2.11
        0.48     0.550000       290743         2.22
        0.49     0.575000       317885         2.35
        0.49     0.600000       317885         2.50
        0.49     0.625000       345652         2.67
        0.49     0.650000       345652         2.86
        0.49     0.675000       345652         3.08
        0.50     0.700000       372593         3.33
        0.50     0.725000       372593         3.64
        0.51     0.750000       395338         4.00
        0.51     0.762500       395338         4.21
        0.51     0.775000       395338         4.44
        0.52     0.787500       411196         4.71
        0.52     0.800000       411196         5.00
        0.53     0.812500       420476         5.33
        0.53     0.825000       420476         5.71
        0.54     0.837500       429019         6.15
        0.57     0.850000       433850         6.67
        0.64     0.862500       439358         7.27
        0.66     0.875000       447133         8.00
        0.66     0.881250       454788         8.42
        0.66     0.887500       454788         8.89
        0.67     0.893750       464801         9.41
        0.67     0.900000       464801        10.00
        0.67     0.906250       464801        10.67
        0.67     0.912500       464801        11.43
        0.68     0.918750       475616        12.31
        0.68     0.925000       475616        13.33
        0.68     0.931250       475616        14.55
        0.69     0.937500       485457        16.00
        0.69     0.940625       485457        16.84
        0.69     0.943750       485457        17.78
        0.69     0.946875       485457        18.82
        0.69     0.950000       485457        20.00
        0.69     0.953125       485457        21.33
        0.69     0.956250       493374        22.86
        0.69     0.959375       493374        24.62
        0.69     0.962500       493374        26.67
        0.69     0.965625       493374        29.09
        0.69     0.968750       493374        32.00
        0.70     0.970313       498555        33.68
        0.70     0.971875       498555        35.56
        0.70     0.973437       498555        37.65
        0.70     0.975000       498555        40.00
        0.70     0.976562       498555        42.67
        0.70     0.978125       498555        45.71
        0.71     0.979688       501852        49.23
        0.71     0.981250       501852        53.33
        0.71     0.982812       501852        58.18
        0.71     0.984375       501852        64.00
        0.71     0.985156       501852        67.37
        0.72     0.985938       503818        71.11
        0.72     0.986719       503818        75.29
        0.72     0.987500       503818        80.00
        0.72     0.988281       503818        85.33
        0.72     0.989062       503818        91.43
        0.73     0.989844       505044        98.46
        0.73     0.990625       505044       106.67
        0.73     0.991406       505044       116.36
        0.73     0.992188       505930       128.00
        0.73     0.992578       505930       134.74
        0.73     0.992969       505930       142.22
        0.73     0.993359       505930       150.59
        0.74     0.993750       506559       160.00
        0.74     0.994141       506559       170.67
        0.74     0.994531       506559       182.86
        0.75     0.994922       507002       196.92
        0.75     0.995313       507002       213.33
        0.76     0.995703       507373       232.73
        0.76     0.996094       507373       256.00
        0.76     0.996289       507373       269.47
        0.77     0.996484       507696       284.44
        0.77     0.996680       507696       301.18
        0.77     0.996875       507696       320.00
        0.78     0.997070       507924       341.33
        0.78     0.997266       507924       365.71
        0.78     0.997461       507924       393.85
        0.78     0.997656       508166       426.67
        0.78     0.997852       508166       465.45
        0.79     0.998047       508392       512.00
        0.79     0.998145       508392       538.95
        0.79     0.998242       508392       568.89
        0.79     0.998340       508392       602.35
        0.80     0.998437       508566       640.00
        0.80     0.998535       508566       682.67
        0.80     0.998633       508566       731.43
        0.80     0.998730       508566       787.69
        0.81     0.998828       508731       853.33
        0.81     0.998926       508731       930.91
        0.81     0.999023       508731      1024.00
        0.81     0.999072       508731      1077.89
        0.81     0.999121       508846      1137.78
        0.81     0.999170       508846      1204.71
        0.81     0.999219       508846      1280.00
        0.81     0.999268       508846      1365.33
        0.82     0.999316       508935      1462.86
        0.82     0.999365       508935      1575.38
        0.82     0.999414       508935      1706.67
        0.82     0.999463       508935      1861.82
        0.83     0.999512       509011      2048.00
        0.83     0.999536       509011      2155.79
        0.83     0.999561       509011      2275.56
        0.83     0.999585       509011      2409.41
        0.83     0.999609       509011      2560.00
        0.84     0.999634       509057      2730.67
        0.84     0.999658       509057      2925.71
        0.84     0.999683       509057      3150.77
        0.84     0.999707       509057      3413.33
        0.85     0.999731       509087      3723.64
        0.85     0.999756       509087      4096.00
        0.85     0.999768       509087      4311.58
        0.85     0.999780       509087      4551.11
        0.85     0.999792       509101      4818.82
        0.85     0.999805       509101      5120.00
        0.86     0.999817       509113      5461.33
        0.86     0.999829       509113      5851.43
        0.88     0.999841       509120      6301.54
        0.90     0.999854       509126      6826.67
        0.94     0.999866       509131      7447.27
        1.00     0.999878       509136      8192.00
        1.32     0.999884       509139      8623.16
        1.65     0.999890       509143      9102.22
        1.67     0.999896       509146      9637.65
        1.75     0.999902       509149     10240.00
        2.48     0.999908       509152     10922.67
        2.56     0.999915       509155     11702.86
        2.59     0.999921       509158     12603.08
        2.64     0.999927       509163     13653.33
        2.65     0.999933       509164     14894.55
        2.69     0.999939       509167     16384.00
        2.73     0.999942       509169     17246.32
        2.77     0.999945       509171     18204.44
        2.86     0.999948       509172     19275.29
        2.93     0.999951       509174     20480.00
        3.09     0.999954       509175     21845.33
        3.18     0.999957       509177     23405.71
        3.23     0.999960       509178     25206.15
        3.29     0.999963       509180     27306.67
        3.31     0.999966       509182     29789.09
        3.34     0.999969       509183     32768.00
        3.49     0.999971       509185     34492.63
        3.49     0.999973       509185     36408.89
        3.49     0.999974       509185     38550.59
        3.57     0.999976       509186     40960.00
        4.05     0.999977       509187     43690.67
        4.06     0.999979       509188     46811.43
        4.06     0.999980       509188     50412.31
        4.08     0.999982       509189     54613.33
        4.09     0.999983       509190     59578.18
        4.13     0.999985       509192     65536.00
        4.13     0.999986       509192     68985.26
        4.13     0.999986       509192     72817.78
        4.13     0.999987       509192     77101.18
        4.13     0.999988       509192     81920.00
        4.16     0.999989       509193     87381.33
        4.16     0.999989       509193     93622.86
        4.16     0.999990       509193    100824.62
        4.25     0.999991       509195    109226.67
        4.25     0.999992       509195    119156.36
        4.25     0.999992       509195    131072.00
        4.25     0.999993       509195    137970.53
        4.25     0.999993       509195    145635.56
        4.25     0.999994       509195    154202.35
        4.25     0.999994       509195    163840.00
        4.29     0.999994       509196    174762.67
        4.29     0.999995       509196    187245.71
        4.29     0.999995       509196    201649.23
        4.29     0.999995       509196    218453.33
        4.29     0.999996       509196    238312.73
        4.45     0.999996       509197    262144.00
        4.45     0.999996       509197    275941.05
        4.45     0.999997       509197    291271.11
        4.45     0.999997       509197    308404.71
        4.45     0.999997       509197    327680.00
        4.45     0.999997       509197    349525.33
        4.45     0.999997       509197    374491.43
        4.45     0.999998       509197    403298.46
        4.45     0.999998       509197    436906.67
        4.45     0.999998       509197    476625.45
        4.51     0.999998       509198    524288.00
        4.51     1.000000       509198          inf
#[Mean    =        0.471, StdDeviation   =        0.111]
#[Max     =        4.511, Total count    =       509198]
#[Buckets =           20, SubBuckets     =          256]
