       Value   Percentile   TotalCount 1/(1-Percentile)

        0.17     0.000000            2         1.00
        0.33     0.050000        30721         1.05
        0.34     0.100000        59080         1.11
        0.38     0.150000        76369         1.18
        0.41     0.200000       105171         1.25
        0.42     0.250000       143925         1.33
        0.43     0.300000       164089         1.43
        0.44     0.350000       183871         1.54
        0.45     0.400000       200361         1.67
        0.47     0.450000       228975         1.82
        0.49     0.500000       261740         2.00
        0.49     0.525000       261740         2.11
        0.49     0.550000       285681         2.22
        0.49     0.575000       285681         2.35
        0.50     0.600000       311998         2.50
        0.50     0.625000       311998         2.67
        0.51     0.650000       339619         2.86
        0.51     0.675000       339619         3.08
        0.52     0.700000       366844         3.33
        0.52     0.725000       366844         3.64
        0.53     0.750000       390836         4.00
        0.53     0.762500       390836         4.21
        0.53     0.775000       390836         4.44
        0.53     0.787500       390836         4.71
        0.54     0.800000       407936         5.00
        0.54     0.812500       407936         5.33
        0.54     0.825000       417394         5.71
        0.54     0.837500       417394         6.15
        0.55     0.850000       421807         6.67
        0.66     0.862500       428581         7.27
        0.67     0.875000       434828         8.00
        0.68     0.881250       441181         8.42
        0.68     0.887500       441181         8.89
        0.69     0.893750       450363         9.41
        0.69     0.900000       450363        10.00
        0.69     0.906250       450363        10.67
        0.69     0.912500       461454        11.43
        0.69     0.918750       461454        12.31
        0.69     0.925000       461454        13.33
        0.70     0.931250       472332        14.55
        0.70     0.937500       472332        16.00
        0.70     0.940625       472332        16.84
        0.70     0.943750       472332        17.78
        0.70     0.946875       472332        18.82
        0.70     0.950000       472332        20.00
        0.71     0.953125       481697        21.33
        0.71     0.956250       481697        22.86
        0.71     0.959375       481697        24.62
        0.71     0.962500       481697        26.67
        0.71     0.965625       481697        29.09
        0.71     0.968750       481697        32.00
        0.71     0.970313       481697        33.68
        0.72     0.971875       488293        35.56
        0.72     0.973437       488293        37.65
        0.72     0.975000       488293        40.00
        0.72     0.976562       488293        42.67
        0.72     0.978125       488293        45.71
        0.72     0.979688       488293        49.23
        0.72     0.981250       488293        53.33
        0.72     0.982812       488293        58.18
        0.73     0.984375       492249        64.00
        0.73     0.985156       492249        67.37
        0.73     0.985938       492249        71.11
        0.73     0.986719       492249        75.29
        0.73     0.987500       492249        80.00
        0.73     0.988281       492249        85.33
        0.73     0.989062       492249        91.43
        0.73     0.989844       492249        98.46
        0.73     0.990625       492249       106.67
        0.73     0.991406       492249       116.36
        0.73     0.992188       494362       128.00
        0.73     0.992578       494362       134.74
        0.73     0.992969       494362       142.22
        0.73     0.993359       494362       150.59
        0.73     0.993750       494362       160.00
        0.73     0.994141       494362       170.67
        0.73     0.994531       494362       182.86
        0.73     0.994922       494362       196.92
        0.73     0.995313       494362       213.33
        0.73     0.995703       494362       232.73
        0.73     0.996094       494362       256.00
        0.73     0.996289       494362       269.47
        0.74     0.996484       495326       284.44
        0.74     0.996680       495326       301.18
        0.74     0.996875       495326       320.00
        0.74     0.997070       495326       341.33
        0.74     0.997266       495326       365.71
        0.74     0.997461       495326       393.85
        0.74     0.997656       495326       426.67
        0.74     0.997852       495326       465.45
        0.74     0.998047       495326       512.00
        0.74     0.998145       495326       538.95
        0.74     0.998242       495326       568.89
        0.75     0.998340       495706       602.35
        0.75     0.998437       495706       640.00
        0.75     0.998535       495706       682.67
        0.75     0.998633       495706       731.43
        0.75     0.998730       495706       787.69
        0.75     0.998828       495706       853.33
        0.75     0.998926       495706       930.91
        0.75     0.999023       495706      1024.00
        0.75     0.999072       495706      1077.89
        0.76     0.999121       495887      1137.78
        0.76     0.999170       495887      1204.71
        0.76     0.999219       495887      1280.00
        0.76     0.999268       495887      1365.33
        0.76     0.999316       495887      1462.86
        0.76     0.999365       495887      1575.38
        0.76     0.999414       495887      1706.67
        0.77     0.999463       495957      1861.82
        0.77     0.999512       495957      2048.00
        0.77     0.999536       495957      2155.79
        0.77     0.999561       495957      2275.56
        0.78     0.999585       496004      2409.41
        0.78     0.999609       496004      2560.00
        0.78     0.999634       496004      2730.67
        0.78     0.999658       496004      2925.71
        0.78     0.999683       496030      3150.77
        0.78     0.999707       496030      3413.33
        0.79     0.999731       496046      3723.64
        0.79     0.999756       496046      4096.00
        0.80     0.999768       496059      4311.58
        0.80     0.999780       496059      4551.11
        0.81     0.999792       496071      4818.82
        0.81     0.999805       496071      5120.00
        0.81     0.999817       496076      5461.33
        0.82     0.999829       496088      5851.43
        0.82     0.999841       496088      6301.54
        0.83     0.999854       496093      6826.67
        0.85     0.999866       496103      7447.27
        0.85     0.999878       496106      8192.00
        0.86     0.999884       496109      8623.16
        0.87     0.999890       496111      9102.22
        0.88     0.999896       496115      9637.65
        0.89     0.999902       496119     10240.00
        0.89     0.999908       496119     10922.67
        0.90     0.999915       496122     11702.86
        0.91     0.999921       496126     12603.08
        0.93     0.999927       496129     13653.33
        0.96     0.999933       496132     14894.55
        0.97     0.999939       496134     16384.00
        1.01     0.999942       496137     17246.32
        1.01     0.999945       496137     18204.44
        1.03     0.999948       496139     19275.29
        1.05     0.999951       496140     20480.00
        1.09     0.999954       496142     21845.33
        1.09     0.999957       496143     23405.71
        1.11     0.999960       496145     25206.15
        1.13     0.999963       496146     27306.67
        1.18     0.999966       496148     29789.09
        1.20     0.999969       496150     32768.00
        1.20     0.999971       496150     34492.63
        1.23     0.999973       496151     36408.89
        1.28     0.999974       496152     38550.59
        1.28     0.999976       496152     40960.00
        1.29     0.999977       496153     43690.67
        1.33     0.999979       496154     46811.43
        1.33     0.999980       496155     50412.31
        1.33     0.999982       496155     54613.33
        1.38     0.999983       496156     59578.18
        1.42     0.999985       496157     65536.00
        1.42     0.999986       496157     68985.26
        1.46     0.999986       496158     72817.78
        1.46     0.999987       496158     77101.18
        1.46     0.999988       496158     81920.00
        1.47     0.999989       496159     87381.33
        1.47     0.999989       496159     93622.86
        1.49     0.999990       496160    100824.62
        1.49     0.999991       496160    109226.67
        1.49     0.999992       496160    119156.36
        1.59     0.999992       496161    131072.00
        1.59     0.999993       496161    137970.53
        1.59     0.999993       496161    145635.56
        1.59     0.999994       496161    154202.35
        1.59     0.999994       496161    163840.00
        1.66     0.999994       496162    174762.67
        1.66     0.999995       496162    187245.71
        1.66     0.999995       496162    201649.23
        1.66     0.999995       496162    218453.33
        1.66     0.999996       496162    238312.73
        1.71     0.999996       496163    262144.00
        1.71     0.999996       496163    275941.05
        1.71     0.999997       496163    291271.11
        1.71     0.999997       496163    308404.71
        1.71     0.999997       496163    327680.00
        1.71     0.999997       496163    349525.33
        1.71     0.999997       496163    374491.43
        1.71     0.999998       496163    403298.46
        1.71     0.999998       496163    436906.67
        1.71     0.999998       496163    476625.45
        1.84     0.999998       496164    524288.00
        1.84     1.000000       496164          inf
#[Mean    =        0.483, StdDeviation   =        0.107]
#[Max     =        1.839, Total count    =       496164]
#[Buckets =           20, SubBuckets     =          256]
