       Value   Percentile   TotalCount 1/(1-Percentile)

        0.24     0.000000            1         1.00
        0.46     0.050000        19840         1.05
        0.49     0.100000        37312         1.11
        0.54     0.150000        52381         1.18
        0.57     0.200000        72914         1.25
        0.59     0.250000        89812         1.33
        0.61     0.300000       110623         1.43
        0.62     0.350000       130304         1.54
        0.64     0.400000       144874         1.67
        0.66     0.450000       161102         1.82
        0.69     0.500000       180842         2.00
        0.69     0.525000       189183         2.11
        0.70     0.550000       198834         2.22
        0.71     0.575000       208838         2.35
        0.72     0.600000       219170         2.50
        0.72     0.625000       219170         2.67
        0.73     0.650000       229749         2.86
        0.73     0.675000       240027         3.08
        0.74     0.700000       249976         3.33
        0.75     0.725000       259357         3.64
        0.76     0.750000       267863         4.00
        0.76     0.762500       267863         4.21
        0.77     0.775000       275168         4.44
        0.77     0.787500       275168         4.71
        0.78     0.800000       281219         5.00
        0.78     0.812500       286190         5.33
        0.79     0.825000       289898         5.71
        0.80     0.837500       292691         6.15
        0.82     0.850000       297011         6.67
        0.89     0.862500       301099         7.27
        0.92     0.875000       305751         8.00
        0.93     0.881250       307791         8.42
        0.94     0.887500       310231         8.89
        0.94     0.893750       313165         9.41
        0.95     0.900000       316467        10.00
        0.95     0.906250       316467        10.67
        0.96     0.912500       320147        11.43
        0.97     0.918750       323969        12.31
        0.97     0.925000       323969        13.33
        0.97     0.931250       327961        14.55
        0.97     0.937500       327961        16.00
        0.97     0.940625       327961        16.84
        0.98     0.943750       331710        17.78
        0.98     0.946875       331710        18.82
        0.98     0.950000       331710        20.00
        0.99     0.953125       335248        21.33
        0.99     0.956250       335248        22.86
        0.99     0.959375       335248        24.62
        1.00     0.962500       338499        26.67
        1.00     0.965625       338499        29.09
        1.00     0.968750       338499        32.00
        1.00     0.970313       338499        33.68
        1.01     0.971875       341098        35.56
        1.01     0.973437       341098        37.65
        1.01     0.975000       341098        40.00
        1.01     0.976562       341098        42.67
        1.01     0.978125       341098        45.71
        1.01     0.979688       343192        49.23
        1.01     0.981250       343192        53.33
        1.01     0.982812       343192        58.18
        1.02     0.984375       344818        64.00
        1.02     0.985156       344818        67.37
        1.02     0.985938       344818        71.11
        1.02     0.986719       344818        75.29
        1.02     0.987500       344818        80.00
        1.02     0.988281       344818        85.33
        1.03     0.989062       345909        91.43
        1.03     0.989844       345909        98.46
        1.03     0.990625       345909       106.67
        1.03     0.991406       345909       116.36
        1.04     0.992188       346752       128.00
        1.04     0.992578       346752       134.74
        1.04     0.992969       346752       142.22
        1.04     0.993359       346752       150.59
        1.04     0.993750       346752       160.00
        1.04     0.994141       346752       170.67
        1.05     0.994531       347280       182.86
        1.05     0.994922       347280       196.92
        1.05     0.995313       347280       213.33
        1.05     0.995703       347280       232.73
        1.05     0.996094       347625       256.00
        1.05     0.996289       347625       269.47
        1.05     0.996484       347625       284.44
        1.05     0.996680       347625       301.18
        1.05     0.996875       347625       320.00
        1.06     0.997070       347863       341.33
        1.06     0.997266       347863       365.71
        1.06     0.997461       347863       393.85
        1.06     0.997656       347863       426.67
        1.07     0.997852       348030       465.45
        1.07     0.998047       348030       512.00
        1.07     0.998145       348030       538.95
        1.08     0.998242       348122       568.89
        1.08     0.998340       348122       602.35
        1.08     0.998437       348122       640.00
        1.09     0.998535       348184       682.67
        1.09     0.998633       348212       731.43
        1.10     0.998730       348237       787.69
        1.11     0.998828       348254       853.33
        1.14     0.998926       348290       930.91
        1.16     0.999023       348332      1024.00
        1.17     0.999072       348344      1077.89
        1.18     0.999121       348363      1137.78
        1.19     0.999170       348375      1204.71
        1.21     0.999219       348398      1280.00
        1.22     0.999268       348418      1365.33
        1.23     0.999316       348432      1462.86
        1.25     0.999365       348442      1575.38
        1.26     0.999414       348459      1706.67
        1.29     0.999463       348476      1861.82
        1.33     0.999512       348496      2048.00
        1.34     0.999536       348502      2155.79
        1.37     0.999561       348511      2275.56
        1.38     0.999585       348519      2409.41
        1.40     0.999609       348528      2560.00
        1.42     0.999634       348536      2730.67
        1.43     0.999658       348543      2925.71
        1.46     0.999683       348553      3150.77
        1.48     0.999707       348561      3413.33
        1.53     0.999731       348570      3723.64
        1.57     0.999756       348577      4096.00
        1.62     0.999768       348582      4311.58
        1.65     0.999780       348586      4551.11
        1.69     0.999792       348590      4818.82
        1.71     0.999805       348594      5120.00
        1.85     0.999817       348599      5461.33
        1.94     0.999829       348604      5851.43
        2.00     0.999841       348607      6301.54
        2.05     0.999854       348611      6826.67
        2.30     0.999866       348616      7447.27
        2.56     0.999878       348620      8192.00
        2.62     0.999884       348623      8623.16
        2.64     0.999890       348624      9102.22
        2.72     0.999896       348626      9637.65
        2.83     0.999902       348628     10240.00
        3.09     0.999908       348631     10922.67
        3.20     0.999915       348635     11702.86
        3.20     0.999921       348635     12603.08
        3.21     0.999927       348637     13653.33
        3.42     0.999933       348639     14894.55
        3.49     0.999939       348641     16384.00
        3.81     0.999942       348642     17246.32
        4.29     0.999945       348643     18204.44
        4.38     0.999948       348644     19275.29
        4.67     0.999951       348645     20480.00
        5.50     0.999954       348647     21845.33
        5.66     0.999957       348648     23405.71
        5.73     0.999960       348649     25206.15
        5.92     0.999963       348650     27306.67
        9.21     0.999966       348651     29789.09
        9.34     0.999969       348652     32768.00
        9.34     0.999971       348652     34492.63
        9.60     0.999973       348653     36408.89
        9.60     0.999974       348653     38550.59
        9.86     0.999976       348654     40960.00
       16.13     0.999977       348655     43690.67
       16.13     0.999979       348655     46811.43
       16.38     0.999980       348656     50412.31
       16.38     0.999982       348656     54613.33
       16.51     0.999983       348660     59578.18
       16.51     0.999985       348660     65536.00
       16.51     0.999986       348660     68985.26
       16.51     0.999986       348660     72817.78
       16.51     0.999987       348660     77101.18
       16.51     0.999988       348660     81920.00
       16.51     0.999989       348660     87381.33
       16.51     0.999989       348660     93622.86
       16.51     0.999990       348660    100824.62
       16.51     0.999991       348660    109226.67
       16.51     0.999992       348660    119156.36
       16.51     0.999992       348660    131072.00
       16.51     0.999993       348660    137970.53
       16.51     0.999993       348660    145635.56
       16.51     0.999994       348660    154202.35
       16.51     0.999994       348660    163840.00
       16.77     0.999994       348661    174762.67
       16.77     0.999995       348661    187245.71
       16.77     0.999995       348661    201649.23
       16.77     0.999995       348661    218453.33
       16.77     0.999996       348661    238312.73
       16.77     0.999996       348661    262144.00
       16.77     0.999996       348661    275941.05
       16.77     0.999997       348661    291271.11
       16.77     0.999997       348661    308404.71
       16.77     0.999997       348661    327680.00
       17.02     0.999997       348662    349525.33
       17.02     1.000000       348662          inf
#[Mean    =        0.688, StdDeviation   =        0.173]
#[Max     =       17.023, Total count    =       348662]
#[Buckets =           20, SubBuckets     =          256]
