       Value   Percentile   TotalCount 1/(1-Percentile)

        0.29     0.000000            2         1.00
        0.62     0.050000        17539         1.05
        0.66     0.100000        38301         1.11
        0.67     0.150000        55005         1.18
        0.68     0.200000        65156         1.25
        0.69     0.250000        88740         1.33
        0.70     0.300000       102348         1.43
        0.71     0.350000       116824         1.54
        0.72     0.400000       132113         1.67
        0.73     0.450000       147876         1.82
        0.73     0.500000       163756         2.00
        0.74     0.525000       179715         2.11
        0.74     0.550000       179715         2.22
        0.75     0.575000       194998         2.35
        0.76     0.600000       209675         2.50
        0.76     0.625000       209675         2.67
        0.77     0.650000       223524         2.86
        0.77     0.675000       223524         3.08
        0.78     0.700000       236383         3.33
        0.78     0.725000       236383         3.64
        0.78     0.750000       247959         4.00
        0.79     0.762500       258554         4.21
        0.79     0.775000       258554         4.44
        0.79     0.787500       258554         4.71
        0.80     0.800000       268021         5.00
        0.80     0.812500       268021         5.33
        0.81     0.825000       276347         5.71
        0.81     0.837500       276347         6.15
        0.81     0.850000       283763         6.67
        0.81     0.862500       283763         7.27
        0.82     0.875000       290133         8.00
        0.82     0.881250       290133         8.42
        0.82     0.887500       290133         8.89
        0.83     0.893750       295598         9.41
        0.83     0.900000       295598        10.00
        0.83     0.906250       295598        10.67
        0.84     0.912500       300286        11.43
        0.84     0.918750       300286        12.31
        0.85     0.925000       304241        13.33
        0.85     0.931250       304241        14.55
        0.85     0.937500       307730        16.00
        0.85     0.940625       307730        16.84
        0.85     0.943750       307730        17.78
        0.86     0.946875       310504        18.82
        0.86     0.950000       310504        20.00
        0.86     0.953125       310504        21.33
        0.87     0.956250       312958        22.86
        0.87     0.959375       312958        24.62
        0.88     0.962500       315010        26.67
        0.88     0.965625       315010        29.09
        0.89     0.968750       316729        32.00
        0.89     0.970313       316729        33.68
        0.89     0.971875       316729        35.56
        0.89     0.973437       316729        37.65
        0.90     0.975000       318187        40.00
        0.90     0.976562       318187        42.67
        0.90     0.978125       319433        45.71
        0.90     0.979688       319433        49.23
        0.90     0.981250       319433        53.33
        0.91     0.982812       320473        58.18
        0.91     0.984375       320473        64.00
        0.92     0.985156       321286        67.37
        0.92     0.985938       321286        71.11
        0.92     0.986719       321286        75.29
        0.92     0.987500       321286        80.00
        0.93     0.988281       322034        85.33
        0.93     0.989062       322034        91.43
        0.93     0.989844       322034        98.46
        0.94     0.990625       322583       106.67
        0.94     0.991406       322583       116.36
        0.94     0.992188       323040       128.00
        0.94     0.992578       323040       134.74
        0.94     0.992969       323040       142.22
        0.95     0.993359       323385       150.59
        0.95     0.993750       323385       160.00
        0.96     0.994141       323694       170.67
        0.96     0.994531       323694       182.86
        0.96     0.994922       323694       196.92
        0.97     0.995313       323955       213.33
        0.97     0.995703       323955       232.73
        0.97     0.996094       324174       256.00
        0.97     0.996289       324174       269.47
        0.97     0.996484       324174       284.44
        0.98     0.996680       324348       301.18
        0.98     0.996875       324348       320.00
        0.99     0.997070       324482       341.33
        0.99     0.997266       324482       365.71
        1.00     0.997461       324596       393.85
        1.00     0.997656       324596       426.67
        1.01     0.997852       324684       465.45
        1.01     0.998047       324684       512.00
        1.01     0.998145       324760       538.95
        1.01     0.998242       324760       568.89
        1.02     0.998340       324808       602.35
        1.03     0.998437       324861       640.00
        1.03     0.998535       324861       682.67
        1.04     0.998633       324893       731.43
        1.05     0.998730       324926       787.69
        1.05     0.998828       324952       853.33
        1.06     0.998926       324971       930.91
        1.08     0.999023       325012      1024.00
        1.09     0.999072       325028      1077.89
        1.09     0.999121       325041      1137.78
        1.10     0.999170       325051      1204.71
        1.11     0.999219       325063      1280.00
        1.13     0.999268       325084      1365.33
        1.14     0.999316       325095      1462.86
        1.15     0.999365       325114      1575.38
        1.17     0.999414       325132      1706.67
        1.18     0.999463       325152      1861.82
        1.19     0.999512       325162      2048.00
        1.20     0.999536       325172      2155.79
        1.21     0.999561       325180      2275.56
        1.22     0.999585       325189      2409.41
        1.22     0.999609       325195      2560.00
        1.23     0.999634       325198      2730.67
        1.25     0.999658       325208      2925.71
        1.26     0.999683       325220      3150.77
        1.27     0.999707       325225      3413.33
        1.28     0.999731       325230      3723.64
        1.29     0.999756       325238      4096.00
        1.30     0.999768       325244      4311.58
        1.31     0.999780       325249      4551.11
        1.32     0.999792       325253      4818.82
        1.33     0.999805       325258      5120.00
        1.33     0.999817       325258      5461.33
        1.35     0.999829       325265      5851.43
        1.36     0.999841       325267      6301.54
        1.37     0.999854       325271      6826.67
        1.38     0.999866       325274      7447.27
        1.41     0.999878       325280      8192.00
        1.41     0.999884       325280      8623.16
        1.42     0.999890       325282      9102.22
        1.43     0.999896       325284      9637.65
        1.46     0.999902       325286     10240.00
        1.50     0.999908       325289     10922.67
        1.53     0.999915       325290     11702.86
        1.62     0.999921       325292     12603.08
        2.75     0.999927       325294     13653.33
        3.15     0.999933       325296     14894.55
        3.41     0.999939       325298     16384.00
        3.46     0.999942       325299     17246.32
        3.50     0.999945       325301     18204.44
        3.50     0.999948       325301     19275.29
        3.57     0.999951       325302     20480.00
        3.58     0.999954       325303     21845.33
        3.62     0.999957       325305     23405.71
        3.62     0.999960       325305     25206.15
        3.92     0.999963       325306     27306.67
        4.08     0.999966       325307     29789.09
        4.67     0.999969       325308     32768.00
        4.67     0.999971       325308     34492.63
        4.70     0.999973       325309     36408.89
        4.70     0.999974       325309     38550.59
        4.74     0.999976       325310     40960.00
        4.74     0.999977       325310     43690.67
        4.80     0.999979       325312     46811.43
        4.80     0.999980       325312     50412.31
        4.80     0.999982       325312     54613.33
        4.80     0.999983       325312     59578.18
        4.86     0.999985       325314     65536.00
        4.86     0.999986       325314     68985.26
        4.86     0.999986       325314     72817.78
        4.86     0.999987       325314     77101.18
        4.86     0.999988       325314     81920.00
        4.86     0.999989       325314     87381.33
        4.86     0.999989       325314     93622.86
        4.86     0.999990       325314    100824.62
        5.12     0.999991       325315    109226.67
        5.12     0.999992       325315    119156.36
        5.12     0.999992       325315    131072.00
        5.12     0.999993       325315    137970.53
        5.12     0.999993       325315    145635.56
        5.12     0.999994       325315    154202.35
        5.18     0.999994       325317    163840.00
        5.18     1.000000       325317          inf
#[Mean    =        0.737, StdDeviation   =        0.082]
#[Max     =        5.183, Total count    =       325317]
#[Buckets =           20, SubBuckets     =          256]
