       Value   Percentile   TotalCount 1/(1-Percentile)

        0.19     0.000000            2         1.00
        0.30     0.050000        32953         1.05
        0.32     0.100000        66247         1.11
        0.36     0.150000        82483         1.18
        0.38     0.200000       124404         1.25
        0.39     0.250000       148056         1.33
        0.40     0.300000       172000         1.43
        0.41     0.350000       195087         1.54
        0.41     0.400000       214667         1.67
        0.44     0.450000       247184         1.82
        0.46     0.500000       288758         2.00
        0.46     0.525000       288758         2.11
        0.46     0.550000       318269         2.22
        0.46     0.575000       318269         2.35
        0.47     0.600000       349602         2.50
        0.47     0.625000       349602         2.67
        0.47     0.650000       349602         2.86
        0.48     0.675000       382220         3.08
        0.48     0.700000       382220         3.33
        0.49     0.725000       412671         3.64
        0.49     0.750000       412671         4.00
        0.49     0.762500       412671         4.21
        0.49     0.775000       435532         4.44
        0.49     0.787500       435532         4.71
        0.49     0.800000       435532         5.00
        0.49     0.812500       435532         5.33
        0.50     0.825000       448321         5.71
        0.50     0.837500       448321         6.15
        0.51     0.850000       453572         6.67
        0.61     0.862500       461659         7.27
        0.63     0.875000       472352         8.00
        0.63     0.881250       472352         8.42
        0.64     0.887500       482557         8.89
        0.64     0.893750       482557         9.41
        0.64     0.900000       482557        10.00
        0.65     0.906250       495674        10.67
        0.65     0.912500       495674        11.43
        0.65     0.918750       495674        12.31
        0.65     0.925000       495674        13.33
        0.66     0.931250       508840        14.55
        0.66     0.937500       508840        16.00
        0.66     0.940625       508840        16.84
        0.66     0.943750       508840        17.78
        0.66     0.946875       508840        18.82
        0.66     0.950000       508840        20.00
        0.66     0.953125       508840        21.33
        0.66     0.956250       519330        22.86
        0.66     0.959375       519330        24.62
        0.66     0.962500       519330        26.67
        0.66     0.965625       519330        29.09
        0.66     0.968750       519330        32.00
        0.66     0.970313       519330        33.68
        0.66     0.971875       519330        35.56
        0.66     0.973437       519330        37.65
        0.67     0.975000       526476        40.00
        0.67     0.976562       526476        42.67
        0.67     0.978125       526476        45.71
        0.67     0.979688       526476        49.23
        0.67     0.981250       526476        53.33
        0.67     0.982812       526476        58.18
        0.67     0.984375       526476        64.00
        0.67     0.985156       526476        67.37
        0.67     0.985938       526476        71.11
        0.67     0.986719       526476        75.29
        0.68     0.987500       530357        80.00
        0.68     0.988281       530357        85.33
        0.68     0.989062       530357        91.43
        0.68     0.989844       530357        98.46
        0.68     0.990625       530357       106.67
        0.68     0.991406       530357       116.36
        0.68     0.992188       530357       128.00
        0.68     0.992578       530357       134.74
        0.68     0.992969       530357       142.22
        0.68     0.993359       530357       150.59
        0.68     0.993750       530357       160.00
        0.68     0.994141       530357       170.67
        0.69     0.994531       532199       182.86
        0.69     0.994922       532199       196.92
        0.69     0.995313       532199       213.33
        0.69     0.995703       532199       232.73
        0.69     0.996094       532199       256.00
        0.69     0.996289       532199       269.47
        0.69     0.996484       532199       284.44
        0.69     0.996680       532199       301.18
        0.69     0.996875       532199       320.00
        0.69     0.997070       532199       341.33
        0.69     0.997266       532199       365.71
        0.69     0.997461       532199       393.85
        0.69     0.997656       532915       426.67
        0.69     0.997852       532915       465.45
        0.69     0.998047       532915       512.00
        0.69     0.998145       532915       538.95
        0.69     0.998242       532915       568.89
        0.69     0.998340       532915       602.35
        0.69     0.998437       532915       640.00
        0.69     0.998535       532915       682.67
        0.69     0.998633       532915       731.43
        0.69     0.998730       532915       787.69
        0.69     0.998828       532915       853.33
        0.69     0.998926       532915       930.91
        0.70     0.999023       533174      1024.00
        0.70     0.999072       533174      1077.89
        0.70     0.999121       533174      1137.78
        0.70     0.999170       533174      1204.71
        0.70     0.999219       533174      1280.00
        0.70     0.999268       533174      1365.33
        0.70     0.999316       533174      1462.86
        0.70     0.999365       533174      1575.38
        0.70     0.999414       533174      1706.67
        0.71     0.999463       533270      1861.82
        0.71     0.999512       533270      2048.00
        0.71     0.999536       533270      2155.79
        0.71     0.999561       533270      2275.56
        0.71     0.999585       533270      2409.41
        0.71     0.999609       533270      2560.00
        0.71     0.999634       533270      2730.67
        0.72     0.999658       533318      2925.71
        0.72     0.999683       533318      3150.77
        0.72     0.999707       533318      3413.33
        0.72     0.999731       533318      3723.64
        0.73     0.999756       533336      4096.00
        0.73     0.999768       533350      4311.58
        0.73     0.999780       533350      4551.11
        0.74     0.999792       533356      4818.82
        0.75     0.999805       533367      5120.00
        0.75     0.999817       533367      5461.33
        0.76     0.999829       533376      5851.43
        0.77     0.999841       533382      6301.54
        0.78     0.999854       533392      6826.67
        0.78     0.999866       533392      7447.27
        0.78     0.999878       533396      8192.00
        0.79     0.999884       533402      8623.16
        0.80     0.999890       533410      9102.22
        0.80     0.999896       533410      9637.65
        0.80     0.999902       533410     10240.00
        0.81     0.999908       533416     10922.67
        0.81     0.999915       533416     11702.86
        0.81     0.999921       533422     12603.08
        0.81     0.999927       533422     13653.33
        0.82     0.999933       533429     14894.55
        0.82     0.999939       533429     16384.00
        0.83     0.999942       533433     17246.32
        0.83     0.999945       533433     18204.44
        0.84     0.999948       533435     19275.29
        0.84     0.999951       533435     20480.00
        0.85     0.999954       533438     21845.33
        0.85     0.999957       533439     23405.71
        0.86     0.999960       533443     25206.15
        0.86     0.999963       533443     27306.67
        0.87     0.999966       533445     29789.09
        0.87     0.999969       533445     32768.00
        0.88     0.999971       533447     34492.63
        0.88     0.999973       533447     36408.89
        0.89     0.999974       533450     38550.59
        0.89     0.999976       533450     40960.00
        0.89     0.999977       533450     43690.67
        0.89     0.999979       533450     46811.43
        0.90     0.999980       533452     50412.31
        0.90     0.999982       533452     54613.33
        0.90     0.999983       533453     59578.18
        0.90     0.999985       533453     65536.00
        0.92     0.999986       533454     68985.26
        0.92     0.999986       533454     72817.78
        0.94     0.999987       533455     77101.18
        0.94     0.999988       533455     81920.00
        0.94     0.999989       533455     87381.33
        0.97     0.999989       533456     93622.86
        0.97     0.999990       533456    100824.62
        1.00     0.999991       533457    109226.67
        1.00     0.999992       533457    119156.36
        1.00     0.999992       533457    131072.00
        1.05     0.999993       533458    137970.53
        1.05     0.999993       533458    145635.56
        1.05     0.999994       533458    154202.35
        1.05     0.999994       533458    163840.00
        1.05     0.999994       533458    174762.67
        1.10     0.999995       533459    187245.71
        1.10     0.999995       533459    201649.23
        1.10     0.999995       533459    218453.33
        1.10     0.999996       533459    238312.73
        1.10     0.999996       533459    262144.00
        1.14     0.999996       533460    275941.05
        1.14     0.999997       533460    291271.11
        1.14     0.999997       533460    308404.71
        1.14     0.999997       533460    327680.00
        1.14     0.999997       533460    349525.33
        1.14     0.999997       533460    374491.43
        1.14     0.999998       533460    403298.46
        1.14     0.999998       533460    436906.67
        1.14     0.999998       533460    476625.45
        1.14     0.999998       533460    524288.00
        1.45     0.999998       533461    551882.11
        1.45     1.000000       533461          inf
#[Mean    =        0.450, StdDeviation   =        0.100]
#[Max     =        1.447, Total count    =       533461]
#[Buckets =           20, SubBuckets     =          256]
