       Value   Percentile   TotalCount 1/(1-Percentile)

        0.23     0.000000            1         1.00
        0.46     0.050000        20097         1.05
        0.49     0.100000        36172         1.11
        0.54     0.150000        52536         1.18
        0.57     0.200000        75128         1.25
        0.59     0.250000        90989         1.33
        0.61     0.300000       109012         1.43
        0.62     0.350000       126244         1.54
        0.64     0.400000       140083         1.67
        0.66     0.450000       157675         1.82
        0.69     0.500000       177920         2.00
        0.69     0.525000       186049         2.11
        0.70     0.550000       194790         2.22
        0.71     0.575000       203668         2.35
        0.72     0.600000       212880         2.50
        0.73     0.625000       222046         2.67
        0.73     0.650000       231213         2.86
        0.74     0.675000       240140         3.08
        0.75     0.700000       248392         3.33
        0.76     0.725000       255942         3.64
        0.77     0.750000       262418         4.00
        0.78     0.762500       268034         4.21
        0.78     0.775000       273066         4.44
        0.78     0.787500       273066         4.71
        0.79     0.800000       276944         5.00
        0.81     0.812500       282765         5.33
        0.82     0.825000       286649         5.71
        0.85     0.837500       290779         6.15
        0.87     0.850000       294061         6.67
        0.90     0.862500       299098         7.27
        0.92     0.875000       302715         8.00
        0.93     0.881250       304948         8.42
        0.94     0.887500       307493         8.89
        0.94     0.893750       310233         9.41
        0.95     0.900000       313289        10.00
        0.96     0.906250       316315        10.67
        0.96     0.912500       316315        11.43
        0.97     0.918750       319632        12.31
        0.97     0.925000       322964        13.33
        0.97     0.931250       322964        14.55
        0.98     0.937500       326104        16.00
        0.98     0.940625       326104        16.84
        0.99     0.943750       329131        17.78
        0.99     0.946875       329131        18.82
        0.99     0.950000       329131        20.00
        1.00     0.953125       331826        21.33
        1.00     0.956250       331826        22.86
        1.01     0.959375       334282        24.62
        1.01     0.962500       334282        26.67
        1.01     0.965625       334282        29.09
        1.01     0.968750       336323        32.00
        1.01     0.970313       336323        33.68
        1.01     0.971875       336323        35.56
        1.02     0.973437       338024        37.65
        1.02     0.975000       338024        40.00
        1.02     0.976562       338024        42.67
        1.03     0.978125       339408        45.71
        1.03     0.979688       339408        49.23
        1.04     0.981250       340490        53.33
        1.04     0.982812       340490        58.18
        1.05     0.984375       341325        64.00
        1.05     0.985156       341325        67.37
        1.05     0.985938       341325        71.11
        1.05     0.986719       341968        75.29
        1.05     0.987500       341968        80.00
        1.05     0.988281       341968        85.33
        1.06     0.989062       342446        91.43
        1.06     0.989844       342446        98.46
        1.07     0.990625       342860       106.67
        1.08     0.991406       343205       116.36
        1.09     0.992188       343476       128.00
        1.09     0.992578       343476       134.74
        1.09     0.992969       343694       142.22
        1.09     0.993359       343694       150.59
        1.10     0.993750       343884       160.00
        1.11     0.994141       344037       170.67
        1.12     0.994531       344213       182.86
        1.12     0.994922       344213       196.92
        1.13     0.995313       344352       213.33
        1.14     0.995703       344498       232.73
        1.14     0.996094       344604       256.00
        1.15     0.996289       344695       269.47
        1.16     0.996484       344777       284.44
        1.17     0.996680       344870       301.18
        1.17     0.996875       344870       320.00
        1.18     0.997070       344963       341.33
        1.18     0.997266       345025       365.71
        1.19     0.997461       345084       393.85
        1.20     0.997656       345155       426.67
        1.21     0.997852       345213       465.45
        1.22     0.998047       345324       512.00
        1.22     0.998145       345324       538.95
        1.23     0.998242       345364       568.89
        1.24     0.998340       345406       602.35
        1.25     0.998437       345441       640.00
        1.25     0.998535       345475       682.67
        1.26     0.998633       345503       731.43
        1.27     0.998730       345526       787.69
        1.28     0.998828       345555       853.33
        1.29     0.998926       345579       930.91
        1.30     0.999023       345631      1024.00
        1.30     0.999072       345631      1077.89
        1.31     0.999121       345655      1137.78
        1.32     0.999170       345672      1204.71
        1.33     0.999219       345687      1280.00
        1.33     0.999268       345702      1365.33
        1.34     0.999316       345715      1462.86
        1.36     0.999365       345741      1575.38
        1.37     0.999414       345755      1706.67
        1.38     0.999463       345770      1861.82
        1.39     0.999512       345784      2048.00
        1.40     0.999536       345797      2155.79
        1.41     0.999561       345815      2275.56
        1.41     0.999585       345815      2409.41
        1.41     0.999609       345815      2560.00
        1.42     0.999634       345826      2730.67
        1.42     0.999658       345836      2925.71
        1.43     0.999683       345841      3150.77
        1.45     0.999707       345851      3413.33
        1.46     0.999731       345858      3723.64
        1.49     0.999756       345866      4096.00
        1.50     0.999768       345870      4311.58
        1.50     0.999780       345876      4551.11
        1.52     0.999792       345879      4818.82
        1.53     0.999805       345883      5120.00
        1.55     0.999817       345888      5461.33
        1.56     0.999829       345891      5851.43
        1.57     0.999841       345896      6301.54
        1.60     0.999854       345900      6826.67
        1.62     0.999866       345907      7447.27
        1.64     0.999878       345910      8192.00
        1.64     0.999884       345910      8623.16
        1.65     0.999890       345913      9102.22
        1.69     0.999896       345915      9637.65
        1.75     0.999902       345917     10240.00
        1.77     0.999908       345919     10922.67
        1.84     0.999915       345921     11702.86
        2.02     0.999921       345923     12603.08
        2.33     0.999927       345925     13653.33
        3.94     0.999933       345927     14894.55
        4.03     0.999939       345930     16384.00
        4.03     0.999942       345930     17246.32
        4.22     0.999945       345931     18204.44
        4.35     0.999948       345933     19275.29
        4.48     0.999951       345934     20480.00
        4.64     0.999954       345935     21845.33
        4.67     0.999957       345936     23405.71
        4.77     0.999960       345937     25206.15
        5.12     0.999963       345938     27306.67
        6.33     0.999966       345939     29789.09
        6.62     0.999969       345940     32768.00
        6.62     0.999971       345940     34492.63
        6.78     0.999973       345941     36408.89
        6.82     0.999974       345942     38550.59
        6.82     0.999976       345942     40960.00
        6.88     0.999977       345943     43690.67
        6.88     0.999979       345943     46811.43
        7.07     0.999980       345944     50412.31
        7.07     0.999982       345944     54613.33
        7.23     0.999983       345946     59578.18
        7.23     0.999985       345946     65536.00
        7.23     0.999986       345946     68985.26
        7.23     0.999986       345946     72817.78
        7.23     0.999987       345946     77101.18
        7.23     0.999988       345946     81920.00
        8.32     0.999989       345947     87381.33
        8.32     0.999989       345947     93622.86
        8.32     0.999990       345947    100824.62
        8.32     0.999991       345947    109226.67
        8.38     0.999992       345949    119156.36
        8.38     0.999992       345949    131072.00
        8.38     0.999993       345949    137970.53
        8.38     0.999993       345949    145635.56
        8.38     0.999994       345949    154202.35
        8.38     0.999994       345949    163840.00
        8.38     0.999994       345949    174762.67
        8.38     0.999995       345949    187245.71
        8.38     0.999995       345949    201649.23
        8.38     0.999995       345949    218453.33
        8.38     0.999996       345949    238312.73
        8.38     0.999996       345949    262144.00
        8.38     0.999996       345949    275941.05
        8.38     0.999997       345949    291271.11
        8.38     0.999997       345949    308404.71
        8.38     0.999997       345949    327680.00
        8.77     0.999997       345950    349525.33
        8.77     1.000000       345950          inf
#[Mean    =        0.693, StdDeviation   =        0.163]
#[Max     =        8.767, Total count    =       345950]
#[Buckets =           20, SubBuckets     =          256]
