       Value   Percentile   TotalCount 1/(1-Percentile)

        0.22     0.000000            1         1.00
        0.60     0.050000        17764         1.05
        0.63     0.100000        38081         1.11
        0.65     0.150000        54825         1.18
        0.66     0.200000        76740         1.25
        0.67     0.250000        89471         1.33
        0.68     0.300000       103296         1.43
        0.69     0.350000       118556         1.54
        0.69     0.400000       134574         1.67
        0.71     0.450000       167501         1.82
        0.72     0.500000       184257         2.00
        0.72     0.525000       184257         2.11
        0.73     0.550000       200648         2.22
        0.73     0.575000       200648         2.35
        0.73     0.600000       216251         2.50
        0.73     0.625000       216251         2.67
        0.74     0.650000       230815         2.86
        0.74     0.675000       230815         3.08
        0.75     0.700000       244427         3.33
        0.75     0.725000       244427         3.64
        0.76     0.750000       256680         4.00
        0.76     0.762500       256680         4.21
        0.77     0.775000       267865         4.44
        0.77     0.787500       267865         4.71
        0.78     0.800000       277717         5.00
        0.78     0.812500       277717         5.33
        0.78     0.825000       277717         5.71
        0.78     0.837500       286462         6.15
        0.78     0.850000       286462         6.67
        0.79     0.862500       294257         7.27
        0.80     0.875000       300832         8.00
        0.80     0.881250       300832         8.42
        0.80     0.887500       300832         8.89
        0.80     0.893750       300832         9.41
        0.81     0.900000       306562        10.00
        0.81     0.906250       306562        10.67
        0.81     0.912500       311499        11.43
        0.81     0.918750       311499        12.31
        0.81     0.925000       311499        13.33
        0.82     0.931250       315669        14.55
        0.82     0.937500       315669        16.00
        0.83     0.940625       319234        16.84
        0.83     0.943750       319234        17.78
        0.83     0.946875       319234        18.82
        0.84     0.950000       322249        20.00
        0.84     0.953125       322249        21.33
        0.84     0.956250       322249        22.86
        0.85     0.959375       324763        24.62
        0.85     0.962500       324763        26.67
        0.85     0.965625       326756        29.09
        0.85     0.968750       326756        32.00
        0.85     0.970313       326756        33.68
        0.86     0.971875       328422        35.56
        0.86     0.973437       328422        37.65
        0.86     0.975000       328422        40.00
        0.87     0.976562       329840        42.67
        0.87     0.978125       329840        45.71
        0.87     0.979688       329840        49.23
        0.88     0.981250       330988        53.33
        0.88     0.982812       330988        58.18
        0.89     0.984375       331943        64.00
        0.89     0.985156       331943        67.37
        0.89     0.985938       331943        71.11
        0.89     0.986719       331943        75.29
        0.90     0.987500       332702        80.00
        0.90     0.988281       332702        85.33
        0.90     0.989062       332702        91.43
        0.90     0.989844       333332        98.46
        0.90     0.990625       333332       106.67
        0.91     0.991406       333891       116.36
        0.91     0.992188       333891       128.00
        0.91     0.992578       333891       134.74
        0.92     0.992969       334327       142.22
        0.92     0.993359       334327       150.59
        0.92     0.993750       334327       160.00
        0.93     0.994141       334659       170.67
        0.93     0.994531       334659       182.86
        0.93     0.994922       334659       196.92
        0.94     0.995313       334936       213.33
        0.94     0.995703       334936       232.73
        0.94     0.996094       335197       256.00
        0.94     0.996289       335197       269.47
        0.94     0.996484       335197       284.44
        0.95     0.996680       335373       301.18
        0.95     0.996875       335373       320.00
        0.95     0.997070       335373       341.33
        0.96     0.997266       335519       365.71
        0.96     0.997461       335519       393.85
        0.97     0.997656       335629       426.67
        0.97     0.997852       335629       465.45
        0.97     0.998047       335733       512.00
        0.97     0.998145       335733       538.95
        0.98     0.998242       335812       568.89
        0.98     0.998340       335812       602.35
        0.98     0.998437       335812       640.00
        0.99     0.998535       335864       682.67
        1.00     0.998633       335919       731.43
        1.00     0.998730       335919       787.69
        1.01     0.998828       335956       853.33
        1.01     0.998926       335984       930.91
        1.02     0.999023       336013      1024.00
        1.03     0.999072       336031      1077.89
        1.03     0.999121       336031      1137.78
        1.04     0.999170       336051      1204.71
        1.05     0.999219       336069      1280.00
        1.05     0.999268       336088      1365.33
        1.06     0.999316       336098      1462.86
        1.08     0.999365       336120      1575.38
        1.09     0.999414       336135      1706.67
        1.11     0.999463       336149      1861.82
        1.14     0.999512       336167      2048.00
        1.14     0.999536       336177      2155.79
        1.15     0.999561       336182      2275.56
        1.17     0.999585       336197      2409.41
        1.17     0.999609       336197      2560.00
        1.18     0.999634       336203      2730.67
        1.19     0.999658       336215      2925.71
        1.20     0.999683       336220      3150.77
        1.22     0.999707       336235      3413.33
        1.22     0.999731       336241      3723.64
        1.24     0.999756       336248      4096.00
        1.24     0.999768       336248      4311.58
        1.25     0.999780       336254      4551.11
        1.25     0.999792       336257      4818.82
        1.26     0.999805       336261      5120.00
        1.28     0.999817       336267      5461.33
        1.29     0.999829       336269      5851.43
        1.30     0.999841       336276      6301.54
        1.31     0.999854       336279      6826.67
        1.32     0.999866       336283      7447.27
        1.33     0.999878       336287      8192.00
        1.33     0.999884       336287      8623.16
        1.36     0.999890       336292      9102.22
        1.36     0.999896       336292      9637.65
        1.38     0.999902       336294     10240.00
        1.41     0.999908       336297     10922.67
        1.42     0.999915       336298     11702.86
        1.47     0.999921       336302     12603.08
        1.47     0.999927       336302     13653.33
        3.06     0.999933       336304     14894.55
        3.17     0.999939       336306     16384.00
        3.33     0.999942       336308     17246.32
        3.33     0.999945       336308     18204.44
        3.41     0.999948       336309     19275.29
        3.65     0.999951       336310     20480.00
        3.69     0.999954       336311     21845.33
        3.77     0.999957       336312     23405.71
        3.79     0.999960       336313     25206.15
        3.98     0.999963       336315     27306.67
        3.98     0.999966       336315     29789.09
        4.35     0.999969       336316     32768.00
        4.45     0.999971       336317     34492.63
        4.45     0.999973       336317     36408.89
        4.54     0.999974       336318     38550.59
        4.54     0.999976       336318     40960.00
        4.77     0.999977       336320     43690.67
        4.77     0.999979       336320     46811.43
        4.77     0.999980       336320     50412.31
        4.77     0.999982       336320     54613.33
        4.86     0.999983       336321     59578.18
        4.86     0.999985       336321     65536.00
        5.02     0.999986       336322     68985.26
        5.02     0.999986       336322     72817.78
        5.02     0.999987       336322     77101.18
        5.02     0.999988       336322     81920.00
        5.09     0.999989       336323     87381.33
        5.09     0.999989       336323     93622.86
        5.09     0.999990       336323    100824.62
        5.09     0.999991       336323    109226.67
        5.15     0.999992       336324    119156.36
        5.15     0.999992       336324    131072.00
        5.15     0.999993       336324    137970.53
        5.15     0.999993       336324    145635.56
        5.15     0.999994       336324    154202.35
        5.15     0.999994       336324    163840.00
        5.25     0.999994       336325    174762.67
        5.25     0.999995       336325    187245.71
        5.25     0.999995       336325    201649.23
        5.25     0.999995       336325    218453.33
        5.25     0.999996       336325    238312.73
        5.25     0.999996       336325    262144.00
        5.25     0.999996       336325    275941.05
        5.25     0.999997       336325    291271.11
        5.25     0.999997       336325    308404.71
        5.25     0.999997       336325    327680.00
        5.34     0.999997       336326    349525.33
        5.34     1.000000       336326          inf
#[Mean    =        0.713, StdDeviation   =        0.082]
#[Max     =        5.343, Total count    =       336326]
#[Buckets =           20, SubBuckets     =          256]
