       Value   Percentile   TotalCount 1/(1-Percentile)

        0.20     0.000000            1         1.00
        0.56     0.050000        18550         1.05
        0.59     0.100000        45106         1.11
        0.60     0.150000        55688         1.18
        0.61     0.200000        82321         1.25
        0.62     0.250000        98483         1.33
        0.63     0.300000       116516         1.43
        0.64     0.350000       136035         1.54
        0.65     0.400000       156448         1.67
        0.66     0.450000       177380         1.82
        0.66     0.500000       198294         2.00
        0.66     0.525000       198294         2.11
        0.67     0.550000       218423         2.22
        0.67     0.575000       218423         2.35
        0.68     0.600000       238026         2.50
        0.68     0.625000       238026         2.67
        0.68     0.650000       238026         2.86
        0.69     0.675000       256188         3.08
        0.69     0.700000       256188         3.33
        0.69     0.725000       272648         3.64
        0.70     0.750000       287138         4.00
        0.70     0.762500       287138         4.21
        0.70     0.775000       287138         4.44
        0.70     0.787500       287138         4.71
        0.71     0.800000       299746         5.00
        0.71     0.812500       299746         5.33
        0.72     0.825000       310896         5.71
        0.72     0.837500       310896         6.15
        0.72     0.850000       310896         6.67
        0.73     0.862500       320320         7.27
        0.73     0.875000       320320         8.00
        0.73     0.881250       328251         8.42
        0.73     0.887500       328251         8.89
        0.73     0.893750       328251         9.41
        0.73     0.900000       328251        10.00
        0.74     0.906250       334809        10.67
        0.74     0.912500       334809        11.43
        0.74     0.918750       334809        12.31
        0.75     0.925000       340235        13.33
        0.75     0.931250       340235        14.55
        0.76     0.937500       344818        16.00
        0.76     0.940625       344818        16.84
        0.76     0.943750       344818        17.78
        0.77     0.946875       348644        18.82
        0.77     0.950000       348644        20.00
        0.77     0.953125       348644        21.33
        0.77     0.956250       348644        22.86
        0.78     0.959375       351564        24.62
        0.78     0.962500       351564        26.67
        0.78     0.965625       354063        29.09
        0.78     0.968750       354063        32.00
        0.78     0.970313       354063        33.68
        0.78     0.971875       354063        35.56
        0.79     0.973437       356114        37.65
        0.79     0.975000       356114        40.00
        0.79     0.976562       356114        42.67
        0.80     0.978125       357810        45.71
        0.80     0.979688       357810        49.23
        0.80     0.981250       357810        53.33
        0.81     0.982812       359106        58.18
        0.81     0.984375       359106        64.00
        0.81     0.985156       359106        67.37
        0.81     0.985938       359106        71.11
        0.81     0.986719       360158        75.29
        0.81     0.987500       360158        80.00
        0.81     0.988281       360158        85.33
        0.82     0.989062       360988        91.43
        0.82     0.989844       360988        98.46
        0.82     0.990625       360988       106.67
        0.83     0.991406       361639       116.36
        0.83     0.992188       361639       128.00
        0.83     0.992578       361639       134.74
        0.84     0.992969       362183       142.22
        0.84     0.993359       362183       150.59
        0.84     0.993750       362183       160.00
        0.84     0.994141       362183       170.67
        0.85     0.994531       362593       182.86
        0.85     0.994922       362593       196.92
        0.85     0.995313       362593       213.33
        0.85     0.995703       362933       232.73
        0.85     0.996094       362933       256.00
        0.85     0.996289       362933       269.47
        0.85     0.996484       362933       284.44
        0.86     0.996680       363179       301.18
        0.86     0.996875       363179       320.00
        0.86     0.997070       363179       341.33
        0.87     0.997266       363382       365.71
        0.87     0.997461       363382       393.85
        0.87     0.997656       363382       426.67
        0.88     0.997852       363534       465.45
        0.88     0.998047       363534       512.00
        0.88     0.998145       363534       538.95
        0.89     0.998242       363655       568.89
        0.89     0.998340       363655       602.35
        0.89     0.998437       363655       640.00
        0.90     0.998535       363742       682.67
        0.90     0.998633       363742       731.43
        0.90     0.998730       363798       787.69
        0.90     0.998828       363798       853.33
        0.91     0.998926       363850       930.91
        0.92     0.999023       363878      1024.00
        0.92     0.999072       363878      1077.89
        0.93     0.999121       363903      1137.78
        0.94     0.999170       363921      1204.71
        0.94     0.999219       363939      1280.00
        0.95     0.999268       363957      1365.33
        0.96     0.999316       363966      1462.86
        0.97     0.999365       363985      1575.38
        0.98     0.999414       363997      1706.67
        1.01     0.999463       364015      1861.82
        1.03     0.999512       364035      2048.00
        1.04     0.999536       364042      2155.79
        1.05     0.999561       364050      2275.56
        1.06     0.999585       364059      2409.41
        1.08     0.999609       364077      2560.00
        1.08     0.999634       364077      2730.67
        1.09     0.999658       364095      2925.71
        1.09     0.999683       364095      3150.77
        1.11     0.999707       364103      3413.33
        1.12     0.999731       364112      3723.64
        1.15     0.999756       364123      4096.00
        1.16     0.999768       364128      4311.58
        1.17     0.999780       364135      4551.11
        1.17     0.999792       364135      4818.82
        1.18     0.999805       364143      5120.00
        1.18     0.999817       364143      5461.33
        1.19     0.999829       364148      5851.43
        1.20     0.999841       364153      6301.54
        1.21     0.999854       364159      6826.67
        1.22     0.999866       364162      7447.27
        1.24     0.999878       364165      8192.00
        1.25     0.999884       364167      8623.16
        1.26     0.999890       364169      9102.22
        1.28     0.999896       364173      9637.65
        1.29     0.999902       364174     10240.00
        1.30     0.999908       364176     10922.67
        1.32     0.999915       364180     11702.86
        1.38     0.999921       364181     12603.08
        2.08     0.999927       364183     13653.33
        2.13     0.999933       364185     14894.55
        2.91     0.999939       364187     16384.00
        3.04     0.999942       364188     17246.32
        3.10     0.999945       364190     18204.44
        3.12     0.999948       364192     19275.29
        3.12     0.999951       364192     20480.00
        3.20     0.999954       364193     21845.33
        3.26     0.999957       364194     23405.71
        3.31     0.999960       364195     25206.15
        3.42     0.999963       364196     27306.67
        3.46     0.999966       364198     29789.09
        3.46     0.999969       364198     32768.00
        3.60     0.999971       364199     34492.63
        3.60     0.999973       364199     36408.89
        3.62     0.999974       364200     38550.59
        3.63     0.999976       364201     40960.00
        3.63     0.999977       364201     43690.67
        4.32     0.999979       364202     46811.43
        4.32     0.999980       364202     50412.31
        4.45     0.999982       364203     54613.33
        4.45     0.999983       364203     59578.18
        4.51     0.999985       364204     65536.00
        4.51     0.999986       364204     68985.26
        4.51     0.999986       364204     72817.78
        4.70     0.999987       364205     77101.18
        4.70     0.999988       364205     81920.00
        4.70     0.999989       364205     87381.33
        4.74     0.999989       364207     93622.86
        4.74     0.999990       364207    100824.62
        4.74     0.999991       364207    109226.67
        4.74     0.999992       364207    119156.36
        4.74     0.999992       364207    131072.00
        4.74     0.999993       364207    137970.53
        4.74     0.999993       364207    145635.56
        4.74     0.999994       364207    154202.35
        4.74     0.999994       364207    163840.00
        4.74     0.999994       364207    174762.67
        4.80     0.999995       364208    187245.71
        4.80     0.999995       364208    201649.23
        4.80     0.999995       364208    218453.33
        4.80     0.999996       364208    238312.73
        4.80     0.999996       364208    262144.00
        4.80     0.999996       364208    275941.05
        4.80     0.999997       364208    291271.11
        4.80     0.999997       364208    308404.71
        4.80     0.999997       364208    327680.00
        4.80     0.999997       364208    349525.33
        5.02     0.999997       364209    374491.43
        5.02     1.000000       364209          inf
#[Mean    =        0.658, StdDeviation   =        0.072]
#[Max     =        5.023, Total count    =       364209]
#[Buckets =           20, SubBuckets     =          256]
