       Value   Percentile   TotalCount 1/(1-Percentile)

        0.06     0.000000           25         1.00
        0.14     0.050000      1366420         1.05
        0.15     0.100000      1735355         1.11
        0.17     0.150000      2399600         1.18
        0.38     0.200000      3163235         1.25
        0.46     0.250000      3960305         1.33
        0.52     0.300000      4794815         1.43
        0.55     0.350000      5702390         1.54
        0.57     0.400000      7564155         1.67
        0.57     0.450000      7564155         1.82
        0.57     0.500000      9041445         2.00
        0.57     0.525000      9041445         2.11
        0.57     0.550000      9041445         2.22
        0.58     0.575000     10064535         2.35
        0.58     0.600000     10064535         2.50
        0.58     0.625000     10064535         2.67
        0.59     0.650000     10760485         2.86
        0.59     0.675000     10760485         3.08
        0.60     0.700000     11303640         3.33
        0.61     0.725000     11763815         3.64
        0.61     0.750000     12157700         4.00
        0.61     0.762500     12157700         4.21
        0.62     0.775000     12481325         4.44
        0.62     0.787500     12481325         4.71
        0.63     0.800000     12730365         5.00
        0.64     0.812500     12912140         5.33
        0.65     0.825000     13041160         5.71
        0.67     0.837500     13276975         6.15
        0.69     0.850000     13494460         6.67
        0.71     0.862500     13669415         7.27
        0.73     0.875000     13832955         8.00
        0.74     0.881250     13972465         8.42
        0.75     0.887500     14044615         8.89
        0.77     0.893750     14181605         9.41
        0.78     0.900000     14249425        10.00
        0.79     0.906250     14379590        10.67
        0.80     0.912500     14440880        11.43
        0.81     0.918750     14564760        12.31
        0.82     0.925000     14628695        13.33
        0.84     0.931250     14759130        14.55
        0.85     0.937500     14828225        16.00
        0.85     0.940625     14900200        16.84
        0.86     0.943750     14972950        17.78
        0.86     0.946875     14972950        18.82
        0.87     0.950000     15043390        20.00
        0.88     0.953125     15109675        21.33
        0.89     0.956250     15176015        22.86
        0.89     0.959375     15176015        24.62
        0.90     0.962500     15236335        26.67
        0.90     0.965625     15293695        29.09
        0.91     0.968750     15345810        32.00
        0.91     0.970313     15345810        33.68
        0.92     0.971875     15390040        35.56
        0.92     0.973437     15390040        37.65
        0.93     0.975000     15426845        40.00
        0.94     0.976562     15457035        42.67
        0.94     0.978125     15482215        45.71
        0.94     0.979688     15482215        49.23
        0.96     0.981250     15515420        53.33
        0.97     0.982812     15536725        58.18
        1.01     0.984375     15559395        64.00
        1.03     0.985156     15569570        67.37
        1.06     0.985938     15581575        71.11
        1.11     0.986719     15594815        75.29
        1.16     0.987500     15606700        80.00
        1.22     0.988281     15619250        85.33
        1.30     0.989062     15630250        91.43
        1.42     0.989844     15642845        98.46
        1.57     0.990625     15654800       106.67
        1.93     0.991406     15667080       116.36
        2.67     0.992188     15679460       128.00
        3.18     0.992578     15685505       134.74
        3.74     0.992969     15691705       142.22
        4.48     0.993359     15697975       150.59
        5.18     0.993750     15704150       160.00
        5.82     0.994141     15710280       170.67
        6.40     0.994531     15716660       182.86
        6.82     0.994922     15722595       196.92
        7.26     0.995313     15728735       213.33
        7.68     0.995703     15734885       232.73
        8.13     0.996094     15741035       256.00
        8.38     0.996289     15744240       269.47
        8.70     0.996484     15747390       284.44
        9.09     0.996680     15750395       301.18
        9.54     0.996875     15753420       320.00
       10.11     0.997070     15756775       341.33
       11.07     0.997266     15759760       365.71
       12.35     0.997461     15762965       393.85
       13.38     0.997656     15765765       426.67
       14.72     0.997852     15768905       465.45
       15.87     0.998047     15772090       512.00
       16.19     0.998145     15773880       538.95
       16.38     0.998242     15775240       568.89
       16.64     0.998340     15776530       602.35
       17.54     0.998437     15778395       640.00
       18.30     0.998535     15779760       682.67
       18.94     0.998633     15781290       731.43
       20.09     0.998730     15783005       787.69
       20.35     0.998828     15784890       853.33
       20.48     0.998926     15786060       930.91
       20.99     0.999023     15787335      1024.00
       21.50     0.999072     15788215      1077.89
       21.89     0.999121     15789015      1137.78
       22.27     0.999170     15789695      1204.71
       22.78     0.999219     15790475      1280.00
       23.55     0.999268     15791220      1365.33
       24.06     0.999316     15792010      1462.86
       24.19     0.999365     15795065      1575.38
       24.19     0.999414     15795065      1706.67
       24.19     0.999463     15795065      1861.82
       24.19     0.999512     15795065      2048.00
       24.32     0.999536     15795730      2155.79
       24.45     0.999561     15796560      2275.56
       24.45     0.999585     15796560      2409.41
       24.57     0.999609     15796815      2560.00
       24.70     0.999634     15797075      2730.67
       24.96     0.999658     15797450      2925.71
       25.21     0.999683     15797835      3150.77
       25.73     0.999707     15798300      3413.33
       26.24     0.999731     15798535      3723.64
       26.75     0.999756     15799010      4096.00
       26.88     0.999768     15799135      4311.58
       27.26     0.999780     15799300      4551.11
       27.77     0.999792     15799525      4818.82
       28.03     0.999805     15799690      5120.00
       28.16     0.999817     15800235      5461.33
       28.16     0.999829     15800235      5851.43
       28.29     0.999841     15800790      6301.54
       28.29     0.999854     15800790      6826.67
       28.29     0.999866     15800790      7447.27
       28.41     0.999878     15801160      8192.00
       28.41     0.999884     15801160      8623.16
       28.41     0.999890     15801160      9102.22
       28.41     0.999896     15801160      9637.65
       28.54     0.999902     15801230     10240.00
       28.67     0.999908     15801345     10922.67
       28.80     0.999915     15801430     11702.86
       28.93     0.999921     15801525     12603.08
       29.18     0.999927     15801695     13653.33
       29.31     0.999933     15801740     14894.55
       29.57     0.999939     15801805     16384.00
       29.82     0.999942     15801855     17246.32
       29.95     0.999945     15801910     18204.44
       30.21     0.999948     15801950     19275.29
       30.46     0.999951     15801990     20480.00
       30.72     0.999954     15802070     21845.33
       30.98     0.999957     15802095     23405.71
       31.61     0.999960     15802140     25206.15
       32.13     0.999963     15802255     27306.67
       32.13     0.999966     15802255     29789.09
       32.26     0.999969     15802515     32768.00
       32.26     0.999971     15802515     34492.63
       32.26     0.999973     15802515     36408.89
       32.26     0.999974     15802515     38550.59
       32.26     0.999976     15802515     40960.00
       32.26     0.999977     15802515     43690.67
       32.26     0.999979     15802515     46811.43
       32.26     0.999980     15802515     50412.31
       32.26     0.999982     15802515     54613.33
       32.26     0.999983     15802515     59578.18
       32.38     0.999985     15802580     65536.00
       32.38     0.999986     15802580     68985.26
       32.38     0.999986     15802580     72817.78
       32.38     0.999987     15802580     77101.18
       32.38     0.999988     15802580     81920.00
       32.38     0.999989     15802580     87381.33
       32.51     0.999989     15802635     93622.86
       32.51     0.999990     15802635    100824.62
       32.51     0.999991     15802635    109226.67
       32.51     0.999992     15802635    119156.36
       32.64     0.999992     15802645    131072.00
       32.77     0.999993     15802655    137970.53
       32.77     0.999993     15802655    145635.56
       33.02     0.999994     15802720    154202.35
       33.02     0.999994     15802720    163840.00
       33.02     0.999994     15802720    174762.67
       33.02     0.999995     15802720    187245.71
       33.02     0.999995     15802720    201649.23
       33.02     0.999995     15802720    218453.33
       33.02     0.999996     15802720    238312.73
       33.02     0.999996     15802720    262144.00
       33.02     0.999996     15802720    275941.05
       33.02     0.999997     15802720    291271.11
       33.02     0.999997     15802720    308404.71
       33.02     0.999997     15802720    327680.00
       33.02     0.999997     15802720    349525.33
       33.02     0.999997     15802720    374491.43
       36.35     0.999998     15802755    403298.46
       36.35     0.999998     15802755    436906.67
       36.35     0.999998     15802755    476625.45
       36.35     0.999998     15802755    524288.00
       36.35     0.999998     15802755    551882.11
       36.35     0.999998     15802755    582542.22
       36.35     0.999998     15802755    616809.41
       36.35     0.999998     15802755    655360.00
       36.35     0.999999     15802755    699050.67
       36.35     0.999999     15802755    748982.86
       36.35     0.999999     15802755    806596.92
       36.35     0.999999     15802755    873813.33
       36.35     0.999999     15802755    953250.91
       36.35     0.999999     15802755   1048576.00
       36.35     0.999999     15802755   1103764.21
       36.35     0.999999     15802755   1165084.44
       36.35     0.999999     15802755   1233618.82
       36.35     0.999999     15802755   1310720.00
       36.35     0.999999     15802755   1398101.33
       36.35     0.999999     15802755   1497965.71
       36.35     0.999999     15802755   1613193.85
       36.35     0.999999     15802755   1747626.67
       36.35     0.999999     15802755   1906501.82
       36.35     1.000000     15802755   2097152.00
       36.35     1.000000     15802755   2207528.42
       36.35     1.000000     15802755   2330168.89
       36.35     1.000000     15802755   2467237.65
       36.35     1.000000     15802755   2621440.00
       36.35     1.000000     15802755   2796202.67
       36.35     1.000000     15802755   2995931.43
       36.61     1.000000     15802760   3226387.69
       36.61     1.000000     15802760          inf
#[Mean    =        0.605, StdDeviation   =        1.129]
#[Max     =       36.607, Total count    =     15802760]
#[Buckets =           20, SubBuckets     =          256]
