       Value   Percentile   TotalCount 1/(1-Percentile)

        0.14     0.000000           10         1.00
        0.18     0.050000        46949         1.05
        0.19     0.100000        89885         1.11
        0.21     0.150000       154815         1.18
        0.21     0.200000       180560         1.25
        0.23     0.250000       232404         1.33
        0.24     0.300000       265506         1.43
        0.26     0.350000       322418         1.54
        0.26     0.400000       367607         1.67
        0.27     0.450000       400124         1.82
        0.29     0.500000       468497         2.00
        0.29     0.525000       468497         2.11
        0.29     0.550000       521807         2.22
        0.29     0.575000       521807         2.35
        0.29     0.600000       521807         2.50
        0.30     0.625000       570384         2.67
        0.30     0.650000       570384         2.86
        0.31     0.675000       624024         3.08
        0.31     0.700000       624024         3.33
        0.31     0.725000       624024         3.64
        0.32     0.750000       678977         4.00
        0.32     0.762500       678977         4.21
        0.32     0.775000       678977         4.44
        0.32     0.787500       678977         4.71
        0.33     0.800000       714737         5.00
        0.33     0.812500       714737         5.33
        0.33     0.825000       714737         5.71
        0.34     0.837500       730784         6.15
        0.34     0.850000       730784         6.67
        0.36     0.862500       743979         7.27
        0.38     0.875000       757156         8.00
        0.38     0.881250       757156         8.42
        0.38     0.887500       765627         8.89
        0.39     0.893750       773406         9.41
        0.39     0.900000       773406        10.00
        0.40     0.906250       784092        10.67
        0.40     0.912500       784092        11.43
        0.41     0.918750       802913        12.31
        0.41     0.925000       802913        13.33
        0.41     0.931250       802913        14.55
        0.41     0.937500       827183        16.00
        0.41     0.940625       827183        16.84
        0.41     0.943750       827183        17.78
        0.41     0.946875       827183        18.82
        0.41     0.950000       827183        20.00
        0.41     0.953125       827183        21.33
        0.41     0.956250       827183        22.86
        0.41     0.959375       827183        24.62
        0.41     0.962500       827183        26.67
        0.42     0.965625       846243        29.09
        0.42     0.968750       846243        32.00
        0.42     0.970313       846243        33.68
        0.42     0.971875       846243        35.56
        0.42     0.973437       846243        37.65
        0.42     0.975000       846243        40.00
        0.42     0.976562       846243        42.67
        0.42     0.978125       846243        45.71
        0.42     0.979688       846243        49.23
        0.42     0.981250       846243        53.33
        0.42     0.982812       846243        58.18
        0.42     0.984375       846243        64.00
        0.42     0.985156       846243        67.37
        0.43     0.985938       854935        71.11
        0.43     0.986719       854935        75.29
        0.43     0.987500       854935        80.00
        0.43     0.988281       854935        85.33
        0.43     0.989062       854935        91.43
        0.43     0.989844       854935        98.46
        0.43     0.990625       854935       106.67
        0.43     0.991406       854935       116.36
        0.43     0.992188       854935       128.00
        0.43     0.992578       854935       134.74
        0.43     0.992969       854935       142.22
        0.43     0.993359       854935       150.59
        0.43     0.993750       854935       160.00
        0.43     0.994141       854935       170.67
        0.43     0.994531       854935       182.86
        0.43     0.994922       854935       196.92
        0.43     0.995313       854935       213.33
        0.43     0.995703       854935       232.73
        0.44     0.996094       857493       256.00
        0.44     0.996289       857493       269.47
        0.44     0.996484       857493       284.44
        0.44     0.996680       857493       301.18
        0.44     0.996875       857493       320.00
        0.44     0.997070       857493       341.33
        0.44     0.997266       857493       365.71
        0.44     0.997461       857493       393.85
        0.44     0.997656       857493       426.67
        0.44     0.997852       857493       465.45
        0.44     0.998047       857493       512.00
        0.44     0.998145       857493       538.95
        0.44     0.998242       857493       568.89
        0.44     0.998340       857493       602.35
        0.44     0.998437       857493       640.00
        0.44     0.998535       857493       682.67
        0.44     0.998633       857493       731.43
        0.45     0.998730       858061       787.69
        0.45     0.998828       858061       853.33
        0.45     0.998926       858061       930.91
        0.45     0.999023       858061      1024.00
        0.45     0.999072       858061      1077.89
        0.45     0.999121       858061      1137.78
        0.45     0.999170       858061      1204.71
        0.45     0.999219       858061      1280.00
        0.45     0.999268       858061      1365.33
        0.45     0.999316       858061      1462.86
        0.46     0.999365       858278      1575.38
        0.46     0.999414       858278      1706.67
        0.46     0.999463       858278      1861.82
        0.46     0.999512       858278      2048.00
        0.46     0.999536       858278      2155.79
        0.46     0.999561       858278      2275.56
        0.46     0.999585       858278      2409.41
        0.46     0.999609       858380      2560.00
        0.46     0.999634       858380      2730.67
        0.46     0.999658       858380      2925.71
        0.46     0.999683       858380      3150.77
        0.46     0.999707       858380      3413.33
        0.47     0.999731       858424      3723.64
        0.47     0.999756       858424      4096.00
        0.47     0.999768       858424      4311.58
        0.48     0.999780       858449      4551.11
        0.48     0.999792       858449      4818.82
        0.49     0.999805       858474      5120.00
        0.49     0.999817       858474      5461.33
        0.49     0.999829       858474      5851.43
        0.49     0.999841       858483      6301.54
        0.51     0.999854       858499      6826.67
        0.52     0.999866       858508      7447.27
        0.54     0.999878       858517      8192.00
        0.54     0.999884       858526      8623.16
        0.54     0.999890       858526      9102.22
        0.55     0.999896       858536      9637.65
        0.55     0.999902       858536     10240.00
        0.56     0.999908       858548     10922.67
        0.56     0.999915       858548     11702.86
        0.57     0.999921       858556     12603.08
        0.57     0.999927       858556     13653.33
        0.57     0.999933       858564     14894.55
        0.58     0.999939       858569     16384.00
        0.58     0.999942       858569     17246.32
        0.59     0.999945       858576     18204.44
        0.59     0.999948       858576     19275.29
        0.60     0.999951       858588     20480.00
        0.60     0.999954       858588     21845.33
        0.60     0.999957       858588     23405.71
        0.60     0.999960       858588     25206.15
        0.60     0.999963       858588     27306.67
        0.61     0.999966       858592     29789.09
        0.61     0.999969       858592     32768.00
        0.61     0.999971       858601     34492.63
        0.61     0.999973       858601     36408.89
        0.61     0.999974       858601     38550.59
        0.61     0.999976       858601     40960.00
        0.61     0.999977       858601     43690.67
        0.61     0.999979       858601     46811.43
        0.61     0.999980       858601     50412.31
        0.62     0.999982       858607     54613.33
        0.62     0.999983       858607     59578.18
        0.62     0.999985       858607     65536.00
        0.62     0.999986       858607     68985.26
        0.62     0.999986       858607     72817.78
        0.62     0.999987       858607     77101.18
        0.63     0.999988       858610     81920.00
        0.63     0.999989       858610     87381.33
        0.63     0.999989       858610     93622.86
        0.63     0.999990       858610    100824.62
        0.64     0.999991       858611    109226.67
        0.64     0.999992       858611    119156.36
        0.69     0.999992       858612    131072.00
        0.69     0.999993       858612    137970.53
        0.70     0.999993       858613    145635.56
        0.70     0.999994       858613    154202.35
        0.70     0.999994       858613    163840.00
        0.71     0.999994       858614    174762.67
        0.71     0.999995       858614    187245.71
        0.71     0.999995       858614    201649.23
        0.72     0.999995       858616    218453.33
        0.72     0.999996       858616    238312.73
        0.72     0.999996       858616    262144.00
        0.72     0.999996       858616    275941.05
        0.72     0.999997       858616    291271.11
        0.72     0.999997       858616    308404.71
        0.72     0.999997       858616    327680.00
        0.72     0.999997       858616    349525.33
        0.72     0.999997       858616    374491.43
        0.72     0.999998       858616    403298.46
        0.73     0.999998       858617    436906.67
        0.73     0.999998       858617    476625.45
        0.73     0.999998       858617    524288.00
        0.73     0.999998       858617    551882.11
        0.73     0.999998       858617    582542.22
        0.73     0.999998       858617    616809.41
        0.73     0.999998       858617    655360.00
        0.73     0.999999       858617    699050.67
        0.73     0.999999       858617    748982.86
        0.73     0.999999       858617    806596.92
        0.74     0.999999       858618    873813.33
        0.74     1.000000       858618          inf
#[Mean    =        0.279, StdDeviation   =        0.067]
#[Max     =        0.743, Total count    =       858618]
#[Buckets =           20, SubBuckets     =          256]
