       Value   Percentile   TotalCount 1/(1-Percentile)

        0.14     0.000000            1         1.00
        0.19     0.050000        54576         1.05
        0.20     0.100000        99068         1.11
        0.21     0.150000       171947         1.18
        0.21     0.200000       251529         1.25
        0.21     0.250000       251529         1.33
        0.22     0.300000       304297         1.43
        0.23     0.350000       337117         1.54
        0.24     0.400000       368051         1.67
        0.25     0.450000       405504         1.82
        0.26     0.500000       457326         2.00
        0.27     0.525000       473058         2.11
        0.28     0.550000       496122         2.22
        0.29     0.575000       534932         2.35
        0.29     0.600000       588861         2.50
        0.29     0.625000       588861         2.67
        0.29     0.650000       588861         2.86
        0.30     0.675000       648971         3.08
        0.30     0.700000       648971         3.33
        0.31     0.725000       702798         3.64
        0.31     0.750000       702798         4.00
        0.31     0.762500       702798         4.21
        0.31     0.775000       702798         4.44
        0.32     0.787500       741462         4.71
        0.32     0.800000       741462         5.00
        0.32     0.812500       741462         5.33
        0.32     0.825000       741462         5.71
        0.33     0.837500       765020         6.15
        0.33     0.850000       765020         6.67
        0.34     0.862500       780582         7.27
        0.34     0.875000       793866         8.00
        0.34     0.881250       793866         8.42
        0.35     0.887500       807527         8.89
        0.35     0.893750       807527         9.41
        0.36     0.900000       821766        10.00
        0.36     0.906250       821766        10.67
        0.36     0.912500       821766        11.43
        0.37     0.918750       834548        12.31
        0.37     0.925000       834548        13.33
        0.38     0.931250       844964        14.55
        0.38     0.937500       844964        16.00
        0.38     0.940625       844964        16.84
        0.38     0.943750       854999        17.78
        0.38     0.946875       854999        18.82
        0.38     0.950000       854999        20.00
        0.39     0.953125       866801        21.33
        0.39     0.956250       866801        22.86
        0.39     0.959375       866801        24.62
        0.39     0.962500       866801        26.67
        0.39     0.965625       866801        29.09
        0.40     0.968750       879011        32.00
        0.40     0.970313       879011        33.68
        0.40     0.971875       879011        35.56
        0.40     0.973437       879011        37.65
        0.40     0.975000       879011        40.00
        0.40     0.976562       879011        42.67
        0.40     0.978125       879011        45.71
        0.41     0.979688       887882        49.23
        0.41     0.981250       887882        53.33
        0.41     0.982812       887882        58.18
        0.41     0.984375       887882        64.00
        0.41     0.985156       887882        67.37
        0.41     0.985938       887882        71.11
        0.41     0.986719       887882        75.29
        0.41     0.987500       887882        80.00
        0.41     0.988281       887882        85.33
        0.41     0.989062       887882        91.43
        0.41     0.989844       892637        98.46
        0.41     0.990625       892637       106.67
        0.41     0.991406       892637       116.36
        0.41     0.992188       892637       128.00
        0.41     0.992578       892637       134.74
        0.41     0.992969       892637       142.22
        0.41     0.993359       892637       150.59
        0.41     0.993750       892637       160.00
        0.41     0.994141       892637       170.67
        0.41     0.994531       892637       182.86
        0.42     0.994922       895225       196.92
        0.42     0.995313       895225       213.33
        0.42     0.995703       895225       232.73
        0.42     0.996094       895225       256.00
        0.42     0.996289       895225       269.47
        0.42     0.996484       895225       284.44
        0.42     0.996680       895225       301.18
        0.42     0.996875       895225       320.00
        0.42     0.997070       895225       341.33
        0.42     0.997266       895225       365.71
        0.42     0.997461       895225       393.85
        0.43     0.997656       896460       426.67
        0.43     0.997852       896460       465.45
        0.43     0.998047       896460       512.00
        0.43     0.998145       896460       538.95
        0.43     0.998242       896460       568.89
        0.43     0.998340       896460       602.35
        0.43     0.998437       896460       640.00
        0.43     0.998535       896460       682.67
        0.43     0.998633       896460       731.43
        0.43     0.998730       896460       787.69
        0.43     0.998828       896460       853.33
        0.44     0.998926       896825       930.91
        0.44     0.999023       896825      1024.00
        0.44     0.999072       896825      1077.89
        0.44     0.999121       896825      1137.78
        0.44     0.999170       896825      1204.71
        0.44     0.999219       896825      1280.00
        0.44     0.999268       896825      1365.33
        0.44     0.999316       896825      1462.86
        0.45     0.999365       896932      1575.38
        0.45     0.999414       896932      1706.67
        0.46     0.999463       896976      1861.82
        0.46     0.999512       897012      2048.00
        0.47     0.999536       897042      2155.79
        0.47     0.999561       897042      2275.56
        0.48     0.999585       897068      2409.41
        0.49     0.999609       897093      2560.00
        0.49     0.999634       897126      2730.67
        0.50     0.999658       897145      2925.71
        0.51     0.999683       897163      3150.77
        0.52     0.999707       897176      3413.33
        0.53     0.999731       897203      3723.64
        0.54     0.999756       897215      4096.00
        0.54     0.999768       897228      4311.58
        0.55     0.999780       897242      4551.11
        0.56     0.999792       897253      4818.82
        0.57     0.999805       897267      5120.00
        0.57     0.999817       897279      5461.33
        0.58     0.999829       897297      5851.43
        0.58     0.999841       897297      6301.54
        0.59     0.999854       897310      6826.67
        0.60     0.999866       897316      7447.27
        0.61     0.999878       897325      8192.00
        0.61     0.999884       897333      8623.16
        0.62     0.999890       897338      9102.22
        0.63     0.999896       897345      9637.65
        0.64     0.999902       897350     10240.00
        0.65     0.999908       897356     10922.67
        0.66     0.999915       897363     11702.86
        0.66     0.999921       897363     12603.08
        0.66     0.999927       897371     13653.33
        0.67     0.999933       897377     14894.55
        0.68     0.999939       897385     16384.00
        0.68     0.999942       897385     17246.32
        0.68     0.999945       897385     18204.44
        0.69     0.999948       897394     19275.29
        0.69     0.999951       897394     20480.00
        0.69     0.999954       897394     21845.33
        0.70     0.999957       897398     23405.71
        0.71     0.999960       897404     25206.15
        0.71     0.999963       897404     27306.67
        0.71     0.999966       897404     29789.09
        0.73     0.999969       897412     32768.00
        0.73     0.999971       897412     34492.63
        0.73     0.999973       897412     36408.89
        0.73     0.999974       897412     38550.59
        0.73     0.999976       897414     40960.00
        0.73     0.999977       897414     43690.67
        0.74     0.999979       897415     46811.43
        0.75     0.999980       897418     50412.31
        0.75     0.999982       897418     54613.33
        0.76     0.999983       897423     59578.18
        0.76     0.999985       897423     65536.00
        0.76     0.999986       897423     68985.26
        0.76     0.999986       897423     72817.78
        0.76     0.999987       897423     77101.18
        0.77     0.999988       897424     81920.00
        0.77     0.999989       897424     87381.33
        0.78     0.999989       897426     93622.86
        0.78     0.999990       897426    100824.62
        0.78     0.999991       897426    109226.67
        0.78     0.999992       897429    119156.36
        0.78     0.999992       897429    131072.00
        0.78     0.999993       897429    137970.53
        0.78     0.999993       897429    145635.56
        0.78     0.999994       897429    154202.35
        0.78     0.999994       897429    163840.00
        0.78     0.999994       897429    174762.67
        0.82     0.999995       897431    187245.71
        0.82     0.999995       897431    201649.23
        0.82     0.999995       897431    218453.33
        0.82     0.999996       897431    238312.73
        0.82     0.999996       897431    262144.00
        0.82     0.999996       897431    275941.05
        0.82     0.999997       897431    291271.11
        0.85     0.999997       897432    308404.71
        0.85     0.999997       897432    327680.00
        0.85     0.999997       897432    349525.33
        0.85     0.999997       897432    374491.43
        0.85     0.999998       897432    403298.46
        0.85     0.999998       897432    436906.67
        0.85     0.999998       897433    476625.45
        0.85     0.999998       897433    524288.00
        0.85     0.999998       897433    551882.11
        0.85     0.999998       897433    582542.22
        0.85     0.999998       897433    616809.41
        0.85     0.999998       897433    655360.00
        0.85     0.999999       897433    699050.67
        0.85     0.999999       897433    748982.86
        0.85     0.999999       897433    806596.92
        0.85     0.999999       897433    873813.33
        0.90     0.999999       897434    953250.91
        0.90     1.000000       897434          inf
#[Mean    =        0.267, StdDeviation   =        0.060]
#[Max     =        0.895, Total count    =       897434]
#[Buckets =           20, SubBuckets     =          256]
