       Value   Percentile   TotalCount 1/(1-Percentile)

        0.18     0.000000            1         1.00
        0.46     0.050000        18949         1.05
        0.49     0.100000        36359         1.11
        0.54     0.150000        53980         1.18
        0.57     0.200000        70378         1.25
        0.60     0.250000        95858         1.33
        0.61     0.300000       106309         1.43
        0.62     0.350000       126111         1.54
        0.64     0.400000       141467         1.67
        0.66     0.450000       157965         1.82
        0.69     0.500000       176425         2.00
        0.69     0.525000       184624         2.11
        0.70     0.550000       193565         2.22
        0.71     0.575000       203261         2.35
        0.72     0.600000       213457         2.50
        0.73     0.625000       223958         2.67
        0.73     0.650000       234497         2.86
        0.73     0.675000       234497         3.08
        0.74     0.700000       244694         3.33
        0.75     0.725000       254274         3.64
        0.76     0.750000       263031         4.00
        0.77     0.762500       270829         4.21
        0.77     0.775000       270829         4.44
        0.78     0.787500       277421         4.71
        0.78     0.800000       277421         5.00
        0.78     0.812500       282759         5.33
        0.79     0.825000       286856         5.71
        0.81     0.837500       292182         6.15
        0.82     0.850000       294882         6.67
        0.90     0.862500       299544         7.27
        0.93     0.875000       304718         8.00
        0.94     0.881250       306961         8.42
        0.94     0.887500       309648         8.89
        0.95     0.893750       312680         9.41
        0.95     0.900000       312680        10.00
        0.96     0.906250       316143        10.67
        0.97     0.912500       319825        11.43
        0.97     0.918750       319825        12.31
        0.97     0.925000       323599        13.33
        0.97     0.931250       323599        14.55
        0.98     0.937500       327367        16.00
        0.98     0.940625       327367        16.84
        0.98     0.943750       327367        17.78
        0.99     0.946875       331092        18.82
        0.99     0.950000       331092        20.00
        0.99     0.953125       331092        21.33
        1.00     0.956250       334583        22.86
        1.00     0.959375       334583        24.62
        1.00     0.962500       334583        26.67
        1.01     0.965625       337440        29.09
        1.01     0.968750       337440        32.00
        1.01     0.970313       337440        33.68
        1.01     0.971875       337440        35.56
        1.01     0.973437       339884        37.65
        1.01     0.975000       339884        40.00
        1.01     0.976562       339884        42.67
        1.01     0.978125       339884        45.71
        1.01     0.979688       339884        49.23
        1.02     0.981250       341803        53.33
        1.02     0.982812       341803        58.18
        1.02     0.984375       341803        64.00
        1.02     0.985156       341803        67.37
        1.03     0.985938       343242        71.11
        1.03     0.986719       343242        75.29
        1.03     0.987500       343242        80.00
        1.03     0.988281       343242        85.33
        1.03     0.989062       343242        91.43
        1.03     0.989844       343242        98.46
        1.04     0.990625       344291       106.67
        1.04     0.991406       344291       116.36
        1.04     0.992188       344291       128.00
        1.04     0.992578       344291       134.74
        1.04     0.992969       344291       142.22
        1.05     0.993359       344997       150.59
        1.05     0.993750       344997       160.00
        1.05     0.994141       344997       170.67
        1.05     0.994531       344997       182.86
        1.05     0.994922       344997       196.92
        1.05     0.995313       345491       213.33
        1.05     0.995703       345491       232.73
        1.05     0.996094       345491       256.00
        1.05     0.996289       345491       269.47
        1.05     0.996484       345491       284.44
        1.06     0.996680       345855       301.18
        1.06     0.996875       345855       320.00
        1.06     0.997070       345855       341.33
        1.06     0.997266       345855       365.71
        1.06     0.997461       345855       393.85
        1.07     0.997656       346052       426.67
        1.07     0.997852       346052       465.45
        1.07     0.998047       346052       512.00
        1.07     0.998145       346052       538.95
        1.08     0.998242       346198       568.89
        1.08     0.998340       346198       602.35
        1.08     0.998437       346198       640.00
        1.08     0.998535       346198       682.67
        1.09     0.998633       346277       731.43
        1.09     0.998730       346277       787.69
        1.09     0.998828       346277       853.33
        1.09     0.998926       346344       930.91
        1.10     0.999023       346374      1024.00
        1.10     0.999072       346374      1077.89
        1.11     0.999121       346400      1137.78
        1.11     0.999170       346400      1204.71
        1.12     0.999219       346415      1280.00
        1.14     0.999268       346434      1365.33
        1.15     0.999316       346449      1462.86
        1.17     0.999365       346463      1575.38
        1.19     0.999414       346482      1706.67
        1.22     0.999463       346498      1861.82
        1.25     0.999512       346514      2048.00
        1.27     0.999536       346523      2155.79
        1.30     0.999561       346533      2275.56
        1.33     0.999585       346542      2409.41
        1.36     0.999609       346548      2560.00
        1.45     0.999634       346557      2730.67
        1.51     0.999658       346566      2925.71
        1.60     0.999683       346574      3150.77
        1.70     0.999707       346582      3413.33
        1.98     0.999731       346590      3723.64
        2.21     0.999756       346599      4096.00
        2.25     0.999768       346603      4311.58
        2.54     0.999780       346607      4551.11
        3.02     0.999792       346612      4818.82
        3.18     0.999805       346616      5120.00
        3.28     0.999817       346620      5461.33
        3.42     0.999829       346624      5851.43
        3.65     0.999841       346628      6301.54
        4.05     0.999854       346633      6826.67
        4.86     0.999866       346637      7447.27
        8.03     0.999878       346641      8192.00
        8.13     0.999884       346643      8623.16
        8.70     0.999890       346645      9102.22
        9.02     0.999896       346648      9637.65
        9.28     0.999902       346650     10240.00
        9.66     0.999908       346652     10922.67
        9.98     0.999915       346654     11702.86
       10.69     0.999921       346656     12603.08
       11.07     0.999927       346658     13653.33
       11.90     0.999933       346660     14894.55
       12.16     0.999939       346662     16384.00
       12.35     0.999942       346664     17246.32
       12.35     0.999945       346664     18204.44
       12.67     0.999948       346666     19275.29
       12.93     0.999951       346667     20480.00
       13.57     0.999954       346668     21845.33
       13.82     0.999957       346669     23405.71
       14.02     0.999960       346670     25206.15
       14.34     0.999963       346671     27306.67
       15.42     0.999966       346673     29789.09
       15.42     0.999969       346673     32768.00
       15.42     0.999971       346673     34492.63
       15.62     0.999973       346674     36408.89
       15.74     0.999974       346675     38550.59
       15.74     0.999976       346675     40960.00
       16.64     0.999977       346677     43690.67
       16.64     0.999979       346677     46811.43
       16.64     0.999980       346677     50412.31
       16.64     0.999982       346677     54613.33
       16.89     0.999983       346679     59578.18
       16.89     0.999985       346679     65536.00
       16.89     0.999986       346679     68985.26
       16.89     0.999986       346679     72817.78
       16.89     0.999987       346679     77101.18
       16.89     0.999988       346679     81920.00
       17.02     0.999989       346681     87381.33
       17.02     0.999989       346681     93622.86
       17.02     0.999990       346681    100824.62
       17.02     0.999991       346681    109226.67
       17.02     0.999992       346681    119156.36
       17.02     0.999992       346681    131072.00
       17.02     0.999993       346681    137970.53
       17.02     0.999993       346681    145635.56
       17.02     0.999994       346681    154202.35
       17.02     0.999994       346681    163840.00
       17.15     0.999994       346682    174762.67
       17.15     0.999995       346682    187245.71
       17.15     0.999995       346682    201649.23
       17.15     0.999995       346682    218453.33
       17.15     0.999996       346682    238312.73
       17.15     0.999996       346682    262144.00
       17.15     0.999996       346682    275941.05
       17.15     0.999997       346682    291271.11
       17.15     0.999997       346682    308404.71
       17.15     0.999997       346682    327680.00
       17.28     0.999997       346683    349525.33
       17.28     1.000000       346683          inf
#[Mean    =        0.691, StdDeviation   =        0.204]
#[Max     =       17.279, Total count    =       346683]
#[Buckets =           20, SubBuckets     =          256]
