       Value   Percentile   TotalCount 1/(1-Percentile)

        0.17     0.000000            6         1.00
        0.23     0.050000        50762         1.05
        0.24     0.100000        74440         1.11
        0.26     0.150000       110643         1.18
        0.29     0.200000       149839         1.25
        0.29     0.250000       176657         1.33
        0.30     0.300000       207646         1.43
        0.32     0.350000       273847         1.54
        0.33     0.400000       294867         1.67
        0.34     0.450000       333373         1.82
        0.35     0.500000       372292         2.00
        0.35     0.525000       372292         2.11
        0.36     0.550000       418207         2.22
        0.36     0.575000       418207         2.35
        0.36     0.600000       418207         2.50
        0.37     0.625000       459894         2.67
        0.37     0.650000       459894         2.86
        0.38     0.675000       497334         3.08
        0.38     0.700000       497334         3.33
        0.38     0.725000       531749         3.64
        0.38     0.750000       531749         4.00
        0.38     0.762500       531749         4.21
        0.39     0.775000       556087         4.44
        0.39     0.787500       556087         4.71
        0.39     0.800000       556087         5.00
        0.40     0.812500       570114         5.33
        0.40     0.825000       570114         5.71
        0.41     0.837500       578317         6.15
        0.42     0.850000       586526         6.67
        0.46     0.862500       595270         7.27
        0.48     0.875000       604606         8.00
        0.49     0.881250       610621         8.42
        0.49     0.887500       621003         8.89
        0.49     0.893750       621003         9.41
        0.49     0.900000       621003        10.00
        0.50     0.906250       636847        10.67
        0.50     0.912500       636847        11.43
        0.50     0.918750       636847        12.31
        0.51     0.925000       655160        13.33
        0.51     0.931250       655160        14.55
        0.51     0.937500       655160        16.00
        0.51     0.940625       655160        16.84
        0.51     0.943750       655160        17.78
        0.51     0.946875       655160        18.82
        0.51     0.950000       655160        20.00
        0.52     0.953125       669894        21.33
        0.52     0.956250       669894        22.86
        0.52     0.959375       669894        24.62
        0.52     0.962500       669894        26.67
        0.52     0.965625       669894        29.09
        0.52     0.968750       669894        32.00
        0.52     0.970313       669894        33.68
        0.53     0.971875       678519        35.56
        0.53     0.973437       678519        37.65
        0.53     0.975000       678519        40.00
        0.53     0.976562       678519        42.67
        0.53     0.978125       678519        45.71
        0.53     0.979688       678519        49.23
        0.53     0.981250       678519        53.33
        0.53     0.982812       678519        58.18
        0.54     0.984375       682542        64.00
        0.54     0.985156       682542        67.37
        0.54     0.985938       682542        71.11
        0.54     0.986719       682542        75.29
        0.54     0.987500       682542        80.00
        0.54     0.988281       682542        85.33
        0.54     0.989062       682542        91.43
        0.54     0.989844       682542        98.46
        0.54     0.990625       684337       106.67
        0.54     0.991406       684337       116.36
        0.54     0.992188       684337       128.00
        0.54     0.992578       684337       134.74
        0.55     0.992969       685383       142.22
        0.55     0.993359       685383       150.59
        0.55     0.993750       685383       160.00
        0.55     0.994141       685383       170.67
        0.56     0.994531       686045       182.86
        0.56     0.994922       686045       196.92
        0.57     0.995313       686607       213.33
        0.57     0.995703       686607       232.73
        0.57     0.996094       687043       256.00
        0.57     0.996289       687043       269.47
        0.57     0.996484       687043       284.44
        0.58     0.996680       687423       301.18
        0.58     0.996875       687423       320.00
        0.58     0.997070       687423       341.33
        0.59     0.997266       687765       365.71
        0.59     0.997461       687765       393.85
        0.60     0.997656       688051       426.67
        0.60     0.997852       688051       465.45
        0.60     0.998047       688051       512.00
        0.61     0.998145       688318       538.95
        0.61     0.998242       688318       568.89
        0.61     0.998340       688318       602.35
        0.61     0.998437       688318       640.00
        0.61     0.998535       688520       682.67
        0.61     0.998633       688520       731.43
        0.61     0.998730       688520       787.69
        0.62     0.998828       688706       853.33
        0.62     0.998926       688706       930.91
        0.63     0.999023       688859      1024.00
        0.63     0.999072       688859      1077.89
        0.63     0.999121       688859      1137.78
        0.63     0.999170       688859      1204.71
        0.63     0.999219       688859      1280.00
        0.64     0.999268       688973      1365.33
        0.64     0.999316       688973      1462.86
        0.64     0.999365       688973      1575.38
        0.65     0.999414       689043      1706.67
        0.65     0.999463       689043      1861.82
        0.66     0.999512       689096      2048.00
        0.66     0.999536       689096      2155.79
        0.66     0.999561       689096      2275.56
        0.66     0.999585       689127      2409.41
        0.66     0.999609       689127      2560.00
        0.67     0.999634       689145      2730.67
        0.68     0.999658       689160      2925.71
        0.69     0.999683       689175      3150.77
        0.70     0.999707       689193      3413.33
        0.71     0.999731       689204      3723.64
        0.73     0.999756       689221      4096.00
        0.74     0.999768       689231      4311.58
        0.75     0.999780       689235      4551.11
        0.78     0.999792       689244      4818.82
        0.81     0.999805       689254      5120.00
        0.83     0.999817       689262      5461.33
        0.85     0.999829       689270      5851.43
        0.86     0.999841       689279      6301.54
        0.87     0.999854       689286      6826.67
        0.89     0.999866       689294      7447.27
        0.91     0.999878       689305      8192.00
        0.92     0.999884       689310      8623.16
        0.93     0.999890       689314      9102.22
        0.94     0.999896       689317      9637.65
        0.95     0.999902       689321     10240.00
        0.97     0.999908       689325     10922.67
        1.05     0.999915       689328     11702.86
        1.25     0.999921       689332     12603.08
        1.44     0.999927       689337     13653.33
        1.48     0.999933       689340     14894.55
        2.56     0.999939       689344     16384.00
        2.59     0.999942       689347     17246.32
        2.62     0.999945       689352     18204.44
        2.62     0.999948       689352     19275.29
        2.64     0.999951       689353     20480.00
        2.67     0.999954       689356     21845.33
        2.69     0.999957       689358     23405.71
        2.72     0.999960       689360     25206.15
        2.75     0.999963       689362     27306.67
        2.81     0.999966       689363     29789.09
        2.85     0.999969       689366     32768.00
        2.88     0.999971       689369     34492.63
        2.88     0.999973       689369     36408.89
        2.88     0.999974       689369     38550.59
        2.91     0.999976       689370     40960.00
        2.93     0.999977       689371     43690.67
        2.94     0.999979       689372     46811.43
        3.01     0.999980       689373     50412.31
        3.02     0.999982       689374     54613.33
        3.06     0.999983       689375     59578.18
        3.07     0.999985       689376     65536.00
        3.12     0.999986       689377     68985.26
        3.12     0.999986       689377     72817.78
        3.15     0.999987       689378     77101.18
        3.15     0.999988       689378     81920.00
        3.18     0.999989       689381     87381.33
        3.18     0.999989       689381     93622.86
        3.18     0.999990       689381    100824.62
        3.18     0.999991       689381    109226.67
        3.18     0.999992       689381    119156.36
        3.18     0.999992       689381    131072.00
        3.21     0.999993       689382    137970.53
        3.21     0.999993       689382    145635.56
        3.21     0.999994       689382    154202.35
        3.21     0.999994       689382    163840.00
        3.23     0.999994       689383    174762.67
        3.23     0.999995       689383    187245.71
        3.23     0.999995       689383    201649.23
        3.23     0.999995       689383    218453.33
        3.33     0.999996       689384    238312.73
        3.33     0.999996       689384    262144.00
        3.33     0.999996       689384    275941.05
        3.33     0.999997       689384    291271.11
        3.33     0.999997       689384    308404.71
        3.33     0.999997       689384    327680.00
        3.41     0.999997       689385    349525.33
        3.41     0.999997       689385    374491.43
        3.41     0.999998       689385    403298.46
        3.41     0.999998       689385    436906.67
        3.41     0.999998       689385    476625.45
        3.41     0.999998       689385    524288.00
        3.41     0.999998       689385    551882.11
        3.41     0.999998       689385    582542.22
        3.41     0.999998       689385    616809.41
        3.41     0.999998       689385    655360.00
        3.44     0.999999       689386    699050.67
        3.44     1.000000       689386          inf
#[Mean    =        0.348, StdDeviation   =        0.085]
#[Max     =        3.439, Total count    =       689386]
#[Buckets =           20, SubBuckets     =          256]
