       Value   Percentile   TotalCount 1/(1-Percentile)

        0.07     0.000000           50         1.00
        0.17     0.050000      1323180         1.05
        0.36     0.100000      2375100         1.11
        0.57     0.150000      3627920         1.18
        0.63     0.200000      5087500         1.25
        0.66     0.250000      6205970         1.33
        0.69     0.300000      7235730         1.43
        0.74     0.350000      8395810         1.54
        0.79     0.400000      9689770         1.67
        0.81     0.450000     10879380         1.82
        0.83     0.500000     12004960         2.00
        0.84     0.525000     12682060         2.11
        0.85     0.550000     13425150         2.22
        0.85     0.575000     14237900         2.35
        0.85     0.600000     14237900         2.50
        0.86     0.625000     15098140         2.67
        0.87     0.650000     15991260         2.86
        0.88     0.675000     16890630         3.08
        0.88     0.700000     16890630         3.33
        0.89     0.725000     17768860         3.64
        0.90     0.750000     18586720         4.00
        0.90     0.762500     18586720         4.21
        0.90     0.775000     18586720         4.44
        0.90     0.787500     19322650         4.71
        0.90     0.800000     19322650         5.00
        0.90     0.812500     19322650         5.33
        0.91     0.825000     19944210         5.71
        0.91     0.837500     19944210         6.15
        0.92     0.850000     20445890         6.67
        0.93     0.862500     20835530         7.27
        0.93     0.875000     20835530         8.00
        0.94     0.881250     21120310         8.42
        0.94     0.887500     21120310         8.89
        0.94     0.893750     21323790         9.41
        0.95     0.900000     21468190        10.00
        0.96     0.906250     21576620        10.67
        0.97     0.912500     21658320        11.43
        0.99     0.918750     21832300        12.31
        1.01     0.925000     21957610        13.33
        1.05     0.931250     22110070        14.55
        1.10     0.937500     22255200        16.00
        1.13     0.940625     22324690        16.84
        1.15     0.943750     22396870        17.78
        1.18     0.946875     22476430        18.82
        1.20     0.950000     22569960        20.00
        1.22     0.953125     22642030        21.33
        1.23     0.956250     22720360        22.86
        1.24     0.959375     22763200        24.62
        1.25     0.962500     22853550        26.67
        1.27     0.965625     22948880        29.09
        1.28     0.968750     22996220        32.00
        1.29     0.970313     23046050        33.68
        1.29     0.971875     23094140        35.56
        1.30     0.973437     23142900        37.65
        1.30     0.975000     23142900        40.00
        1.31     0.976562     23191260        42.67
        1.32     0.978125     23236760        45.71
        1.33     0.979688     23277450        49.23
        1.33     0.981250     23316100        53.33
        1.34     0.982812     23351630        58.18
        1.35     0.984375     23382800        64.00
        1.35     0.985156     23382800        67.37
        1.36     0.985938     23409920        71.11
        1.37     0.986719     23431510        75.29
        1.37     0.987500     23431510        80.00
        1.38     0.988281     23463260        85.33
        1.39     0.989062     23474920        91.43
        1.41     0.989844     23490800        98.46
        1.43     0.990625     23505140       106.67
        1.48     0.991406     23523490       116.36
        1.55     0.992188     23542840       128.00
        1.59     0.992578     23550500       134.74
        1.66     0.992969     23559990       142.22
        1.77     0.993359     23569100       150.59
        1.94     0.993750     23578740       160.00
        2.17     0.994141     23588490       170.67
        2.46     0.994531     23597200       182.86
        2.81     0.994922     23606150       196.92
        3.25     0.995313     23615490       213.33
        3.87     0.995703     23624690       232.73
        4.77     0.996094     23634260       256.00
        5.21     0.996289     23638870       269.47
        5.76     0.996484     23643280       284.44
        6.14     0.996680     23647860       301.18
        6.82     0.996875     23652840       320.00
        7.20     0.997070     23657390       341.33
        7.58     0.997266     23662090       365.71
        7.93     0.997461     23666530       393.85
        8.32     0.997656     23671770       426.67
        8.64     0.997852     23675990       465.45
        9.21     0.998047     23680500       512.00
        9.60     0.998145     23683090       538.95
        9.86     0.998242     23685250       568.89
       10.24     0.998340     23687490       602.35
       10.62     0.998437     23689570       640.00
       11.78     0.998535     23691890       682.67
       12.54     0.998633     23694170       731.43
       13.31     0.998730     23696610       787.69
       14.53     0.998828     23698990       853.33
       15.68     0.998926     23701130       930.91
       16.32     0.999023     23703420      1024.00
       16.51     0.999072     23704600      1077.89
       17.02     0.999121     23705990      1137.78
       17.54     0.999170     23707260      1204.71
       18.18     0.999219     23708360      1280.00
       18.82     0.999268     23709310      1365.33
       19.71     0.999316     23710540      1462.86
       20.22     0.999365     23711930      1575.38
       20.48     0.999414     23713140      1706.67
       20.73     0.999463     23713910      1861.82
       21.50     0.999512     23715020      2048.00
       22.14     0.999536     23715700      2155.79
       22.66     0.999561     23716290      2275.56
       23.04     0.999585     23716820      2409.41
       23.55     0.999609     23717470      2560.00
       24.06     0.999634     23718030      2730.67
       24.19     0.999658     23719800      2925.71
       24.19     0.999683     23719800      3150.77
       24.19     0.999707     23719800      3413.33
       24.32     0.999731     23721040      3723.64
       24.32     0.999756     23721040      4096.00
       24.45     0.999768     23721450      4311.58
       24.45     0.999780     23721450      4551.11
       24.70     0.999792     23721710      4818.82
       24.83     0.999805     23722020      5120.00
       24.96     0.999817     23722280      5461.33
       25.34     0.999829     23722570      5851.43
       25.60     0.999841     23722850      6301.54
       26.50     0.999854     23723250      6826.67
       26.88     0.999866     23723450      7447.27
       27.14     0.999878     23723720      8192.00
       27.39     0.999884     23723940      8623.16
       27.77     0.999890     23724020      9102.22
       28.16     0.999896     23724350      9637.65
       28.16     0.999902     23724350     10240.00
       28.29     0.999908     23724960     10922.67
       28.29     0.999915     23724960     11702.86
       28.29     0.999921     23724960     12603.08
       28.29     0.999927     23724960     13653.33
       28.41     0.999933     23725090     14894.55
       28.54     0.999939     23725150     16384.00
       29.05     0.999942     23725240     17246.32
       29.44     0.999945     23725290     18204.44
       29.70     0.999948     23725390     19275.29
       29.82     0.999951     23725450     20480.00
       30.46     0.999954     23725570     21845.33
       31.10     0.999957     23725590     23405.71
       31.23     0.999960     23725670     25206.15
       31.49     0.999963     23725740     27306.67
       32.00     0.999966     23725850     29789.09
       32.13     0.999969     23725960     32768.00
       32.13     0.999971     23725960     34492.63
       32.13     0.999973     23725960     36408.89
       32.26     0.999974     23726340     38550.59
       32.26     0.999976     23726340     40960.00
       32.26     0.999977     23726340     43690.67
       32.26     0.999979     23726340     46811.43
       32.26     0.999980     23726340     50412.31
       32.26     0.999982     23726340     54613.33
       32.26     0.999983     23726340     59578.18
       32.26     0.999985     23726340     65536.00
       32.26     0.999986     23726340     68985.26
       32.26     0.999986     23726340     72817.78
       32.26     0.999987     23726340     77101.18
       32.26     0.999988     23726340     81920.00
       32.26     0.999989     23726340     87381.33
       32.26     0.999989     23726340     93622.86
       35.33     0.999990     23726430    100824.62
       35.33     0.999991     23726430    109226.67
       35.33     0.999992     23726430    119156.36
       35.33     0.999992     23726430    131072.00
       35.33     0.999993     23726430    137970.53
       35.33     0.999993     23726430    145635.56
       36.09     0.999994     23726440    154202.35
       36.35     0.999994     23726510    163840.00
       36.35     0.999994     23726510    174762.67
       36.35     0.999995     23726510    187245.71
       36.35     0.999995     23726510    201649.23
       36.35     0.999995     23726510    218453.33
       36.35     0.999996     23726510    238312.73
       36.35     0.999996     23726510    262144.00
       36.35     0.999996     23726510    275941.05
       36.35     0.999997     23726510    291271.11
       36.61     0.999997     23726590    308404.71
       36.61     1.000000     23726590          inf
#[Mean    =        0.807, StdDeviation   =        0.865]
#[Max     =       36.607, Total count    =     23726590]
#[Buckets =           20, SubBuckets     =          256]
