       Value   Percentile   TotalCount 1/(1-Percentile)

        0.06     0.000000           30         1.00
        0.14     0.050000      2280290         1.05
        0.17     0.100000      3558930         1.11
        0.32     0.150000      4758620         1.18
        0.47     0.200000      6444370         1.25
        0.52     0.250000      7944810         1.33
        0.55     0.300000     10363450         1.43
        0.56     0.350000     12701480         1.54
        0.56     0.400000     12701480         1.67
        0.57     0.450000     16525430         1.82
        0.57     0.500000     16525430         2.00
        0.57     0.525000     19075070         2.11
        0.57     0.550000     19075070         2.22
        0.57     0.575000     19075070         2.35
        0.57     0.600000     19075070         2.50
        0.58     0.625000     20642530         2.67
        0.58     0.650000     20642530         2.86
        0.59     0.675000     21855530         3.08
        0.60     0.700000     22852170         3.33
        0.61     0.725000     23742530         3.64
        0.61     0.750000     24497970         4.00
        0.61     0.762500     24497970         4.21
        0.62     0.775000     25109180         4.44
        0.62     0.787500     25109180         4.71
        0.63     0.800000     25564920         5.00
        0.64     0.812500     25902570         5.33
        0.66     0.825000     26320350         5.71
        0.67     0.837500     26603870         6.15
        0.69     0.850000     27006960         6.67
        0.71     0.862500     27396760         7.27
        0.73     0.875000     27814910         8.00
        0.74     0.881250     27949390         8.42
        0.76     0.887500     28224580         8.89
        0.77     0.893750     28361890         9.41
        0.78     0.900000     28645440        10.00
        0.79     0.906250     28781660        10.67
        0.80     0.912500     28926310        11.43
        0.81     0.918750     29211450        12.31
        0.82     0.925000     29357890        13.33
        0.84     0.931250     29663330        14.55
        0.85     0.937500     29818170        16.00
        0.85     0.940625     29818170        16.84
        0.85     0.943750     29972870        17.78
        0.86     0.946875     30122770        18.82
        0.86     0.950000     30122770        20.00
        0.87     0.953125     30267310        21.33
        0.88     0.956250     30404520        22.86
        0.89     0.959375     30542430        24.62
        0.89     0.962500     30542430        26.67
        0.90     0.965625     30667760        29.09
        0.90     0.968750     30785610        32.00
        0.90     0.970313     30785610        33.68
        0.91     0.971875     30891590        35.56
        0.91     0.973437     30891590        37.65
        0.92     0.975000     30982600        40.00
        0.92     0.976562     30982600        42.67
        0.93     0.978125     31062130        45.71
        0.93     0.979688     31062130        49.23
        0.94     0.981250     31124420        53.33
        0.94     0.982812     31173290        58.18
        0.95     0.984375     31211260        64.00
        0.96     0.985156     31239770        67.37
        0.97     0.985938     31262090        71.11
        0.97     0.986719     31279240        75.29
        0.99     0.987500     31303320        80.00
        1.02     0.988281     31332940        85.33
        1.05     0.989062     31352760        91.43
        1.11     0.989844     31378470        98.46
        1.18     0.990625     31403810       106.67
        1.29     0.991406     31427320       116.36
        1.42     0.992188     31451560       128.00
        1.50     0.992578     31463940       134.74
        1.59     0.992969     31476580       142.22
        1.73     0.993359     31488720       150.59
        1.97     0.993750     31501040       160.00
        2.29     0.994141     31513730       170.67
        2.72     0.994531     31525810       182.86
        3.46     0.994922     31538200       196.92
        4.29     0.995313     31550590       213.33
        5.25     0.995703     31563190       232.73
        6.40     0.996094     31575630       256.00
        6.78     0.996289     31581460       269.47
        7.17     0.996484     31587730       284.44
        7.49     0.996680     31594600       301.18
        7.78     0.996875     31600660       320.00
        8.16     0.997070     31606960       341.33
        8.57     0.997266     31613430       365.71
        9.09     0.997461     31619030       393.85
        9.79     0.997656     31624980       426.67
       11.20     0.997852     31630940       465.45
       13.12     0.998047     31637280       512.00
       14.40     0.998145     31640330       538.95
       15.36     0.998242     31643420       568.89
       16.19     0.998340     31647010       602.35
       16.38     0.998437     31650050       640.00
       16.77     0.998535     31652990       682.67
       17.92     0.998633     31655960       731.43
       19.71     0.998730     31658800       787.69
       20.22     0.998828     31664150       853.33
       20.35     0.998926     31665630       930.91
       20.73     0.999023     31668260      1024.00
       21.38     0.999072     31669720      1077.89
       22.27     0.999121     31671290      1137.78
       22.91     0.999170     31672950      1204.71
       24.06     0.999219     31674380      1280.00
       24.19     0.999268     31683910      1365.33
       24.19     0.999316     31683910      1462.86
       24.19     0.999365     31683910      1575.38
       24.19     0.999414     31683910      1706.67
       24.19     0.999463     31683910      1861.82
       24.19     0.999512     31683910      2048.00
       24.32     0.999536     31686340      2155.79
       24.32     0.999561     31686340      2275.56
       24.32     0.999585     31686340      2409.41
       24.45     0.999609     31687490      2560.00
       24.45     0.999634     31687490      2730.67
       24.70     0.999658     31688550      2925.71
       24.96     0.999683     31688990      3150.77
       25.60     0.999707     31689860      3413.33
       26.11     0.999731     31690590      3723.64
       27.26     0.999756     31691490      4096.00
       27.39     0.999768     31691700      4311.58
       28.16     0.999780     31693410      4551.11
       28.16     0.999792     31693410      4818.82
       28.16     0.999805     31693410      5120.00
       28.16     0.999817     31693410      5461.33
       28.29     0.999829     31694990      5851.43
       28.29     0.999841     31694990      6301.54
       28.29     0.999854     31694990      6826.67
       28.29     0.999866     31694990      7447.27
       28.41     0.999878     31695620      8192.00
       28.41     0.999884     31695620      8623.16
       28.41     0.999890     31695620      9102.22
       28.54     0.999896     31695950      9637.65
       28.54     0.999902     31695950     10240.00
       28.80     0.999908     31696160     10922.67
       29.44     0.999915     31696350     11702.86
       30.46     0.999921     31696540     12603.08
       30.98     0.999927     31696830     13653.33
       31.36     0.999933     31696920     14894.55
       32.13     0.999939     31697290     16384.00
       32.13     0.999942     31697290     17246.32
       32.26     0.999945     31698110     18204.44
       32.26     0.999948     31698110     19275.29
       32.26     0.999951     31698110     20480.00
       32.26     0.999954     31698110     21845.33
       32.26     0.999957     31698110     23405.71
       32.26     0.999960     31698110     25206.15
       32.26     0.999963     31698110     27306.67
       32.26     0.999966     31698110     29789.09
       32.26     0.999969     31698110     32768.00
       32.38     0.999971     31698210     34492.63
       32.38     0.999973     31698210     36408.89
       32.51     0.999974     31698250     38550.59
       32.64     0.999976     31698320     40960.00
       32.64     0.999977     31698320     43690.67
       32.77     0.999979     31698380     46811.43
       33.02     0.999980     31698430     50412.31
       33.28     0.999982     31698460     54613.33
       33.53     0.999983     31698560     59578.18
       33.53     0.999985     31698560     65536.00
       34.30     0.999986     31698640     68985.26
       34.30     0.999986     31698640     72817.78
       34.30     0.999987     31698640     77101.18
       36.09     0.999988     31698670     81920.00
       36.35     0.999989     31698890     87381.33
       36.35     0.999989     31698890     93622.86
       36.35     0.999990     31698890    100824.62
       36.35     0.999991     31698890    109226.67
       36.35     0.999992     31698890    119156.36
       36.35     0.999992     31698890    131072.00
       36.35     0.999993     31698890    137970.53
       36.35     0.999993     31698890    145635.56
       36.35     0.999994     31698890    154202.35
       36.35     0.999994     31698890    163840.00
       36.35     0.999994     31698890    174762.67
       36.35     0.999995     31698890    187245.71
       36.35     0.999995     31698890    201649.23
       36.61     0.999995     31698960    218453.33
       36.61     0.999996     31698960    238312.73
       36.61     0.999996     31698960    262144.00
       36.61     0.999996     31698960    275941.05
       36.61     0.999997     31698960    291271.11
       36.61     0.999997     31698960    308404.71
       36.61     0.999997     31698960    327680.00
       36.61     0.999997     31698960    349525.33
       36.61     0.999997     31698960    374491.43
       44.29     0.999998     31699040    403298.46
       44.29     1.000000     31699040          inf
#[Mean    =        0.604, StdDeviation   =        1.041]
#[Max     =       44.287, Total count    =     31699040]
#[Buckets =           20, SubBuckets     =          256]
