       Value   Percentile   TotalCount 1/(1-Percentile)

        0.26     0.000000            1         1.00
        0.60     0.050000        20998         1.05
        0.62     0.100000        40063         1.11
        0.64     0.150000        59693         1.18
        0.65     0.200000        71708         1.25
        0.66     0.250000       100394         1.33
        0.67     0.300000       116662         1.43
        0.68     0.350000       134016         1.54
        0.69     0.400000       152215         1.67
        0.69     0.450000       170752         1.82
        0.70     0.500000       189170         2.00
        0.70     0.525000       189170         2.11
        0.70     0.550000       189170         2.22
        0.71     0.575000       207301         2.35
        0.71     0.600000       207301         2.50
        0.72     0.625000       224601         2.67
        0.72     0.650000       224601         2.86
        0.73     0.675000       240655         3.08
        0.73     0.700000       240655         3.33
        0.73     0.725000       255173         3.64
        0.74     0.750000       268180         4.00
        0.74     0.762500       268180         4.21
        0.74     0.775000       268180         4.44
        0.75     0.787500       279896         4.71
        0.75     0.800000       279896         5.00
        0.75     0.812500       279896         5.33
        0.76     0.825000       289918         5.71
        0.76     0.837500       289918         6.15
        0.77     0.850000       298578         6.67
        0.77     0.862500       298578         7.27
        0.78     0.875000       305961         8.00
        0.78     0.881250       305961         8.42
        0.78     0.887500       305961         8.89
        0.78     0.893750       312140         9.41
        0.78     0.900000       312140        10.00
        0.78     0.906250       312140        10.67
        0.79     0.912500       317348        11.43
        0.79     0.918750       317348        12.31
        0.80     0.925000       321776        13.33
        0.80     0.931250       321776        14.55
        0.81     0.937500       325654        16.00
        0.81     0.940625       325654        16.84
        0.81     0.943750       325654        17.78
        0.81     0.946875       325654        18.82
        0.81     0.950000       328726        20.00
        0.81     0.953125       328726        21.33
        0.81     0.956250       328726        22.86
        0.82     0.959375       331306        24.62
        0.82     0.962500       331306        26.67
        0.83     0.965625       333379        29.09
        0.83     0.968750       333379        32.00
        0.83     0.970313       333379        33.68
        0.84     0.971875       335043        35.56
        0.84     0.973437       335043        37.65
        0.84     0.975000       335043        40.00
        0.85     0.976562       336517        42.67
        0.85     0.978125       336517        45.71
        0.85     0.979688       336517        49.23
        0.85     0.981250       337737        53.33
        0.85     0.982812       337737        58.18
        0.86     0.984375       338787        64.00
        0.86     0.985156       338787        67.37
        0.86     0.985938       338787        71.11
        0.87     0.986719       339624        75.29
        0.87     0.987500       339624        80.00
        0.87     0.988281       339624        85.33
        0.88     0.989062       340299        91.43
        0.88     0.989844       340299        98.46
        0.88     0.990625       340299       106.67
        0.89     0.991406       340888       116.36
        0.89     0.992188       340888       128.00
        0.90     0.992578       341385       134.74
        0.90     0.992969       341385       142.22
        0.90     0.993359       341385       150.59
        0.90     0.993750       341385       160.00
        0.90     0.994141       341758       170.67
        0.90     0.994531       341758       182.86
        0.90     0.994922       341758       196.92
        0.91     0.995313       342039       213.33
        0.91     0.995703       342039       232.73
        0.92     0.996094       342275       256.00
        0.92     0.996289       342275       269.47
        0.92     0.996484       342275       284.44
        0.93     0.996680       342491       301.18
        0.93     0.996875       342491       320.00
        0.93     0.997070       342491       341.33
        0.94     0.997266       342626       365.71
        0.94     0.997461       342626       393.85
        0.94     0.997656       342741       426.67
        0.94     0.997852       342741       465.45
        0.95     0.998047       342841       512.00
        0.95     0.998145       342841       538.95
        0.96     0.998242       342907       568.89
        0.96     0.998340       342907       602.35
        0.97     0.998437       342959       640.00
        0.97     0.998535       342994       682.67
        0.98     0.998633       343034       731.43
        0.99     0.998730       343071       787.69
        0.99     0.998828       343071       853.33
        1.01     0.998926       343116       930.91
        1.02     0.999023       343151      1024.00
        1.03     0.999072       343169      1077.89
        1.04     0.999121       343177      1137.78
        1.05     0.999170       343195      1204.71
        1.06     0.999219       343204      1280.00
        1.08     0.999268       343226      1365.33
        1.10     0.999316       343246      1462.86
        1.11     0.999365       343260      1575.38
        1.12     0.999414       343271      1706.67
        1.14     0.999463       343290      1861.82
        1.16     0.999512       343315      2048.00
        1.16     0.999536       343315      2155.79
        1.17     0.999561       343323      2275.56
        1.18     0.999585       343331      2409.41
        1.19     0.999609       343339      2560.00
        1.21     0.999634       343352      2730.67
        1.22     0.999658       343360      2925.71
        1.22     0.999683       343366      3150.77
        1.23     0.999707       343373      3413.33
        1.25     0.999731       343387      3723.64
        1.25     0.999756       343393      4096.00
        1.25     0.999768       343393      4311.58
        1.28     0.999780       343400      4551.11
        1.29     0.999792       343404      4818.82
        1.29     0.999805       343408      5120.00
        1.30     0.999817       343413      5461.33
        1.31     0.999829       343415      5851.43
        1.33     0.999841       343418      6301.54
        1.38     0.999854       343423      6826.67
        1.39     0.999866       343427      7447.27
        1.41     0.999878       343432      8192.00
        1.42     0.999884       343433      8623.16
        1.43     0.999890       343435      9102.22
        1.47     0.999896       343437      9637.65
        1.52     0.999902       343439     10240.00
        2.37     0.999908       343441     10922.67
        3.17     0.999915       343443     11702.86
        3.21     0.999921       343445     12603.08
        3.36     0.999927       343447     13653.33
        3.50     0.999933       343449     14894.55
        3.74     0.999939       343452     16384.00
        3.77     0.999942       343453     17246.32
        3.81     0.999945       343454     18204.44
        3.84     0.999948       343455     19275.29
        3.89     0.999951       343456     20480.00
        4.01     0.999954       343457     21845.33
        4.03     0.999957       343458     23405.71
        4.06     0.999960       343459     25206.15
        4.09     0.999963       343461     27306.67
        4.09     0.999966       343461     29789.09
        4.16     0.999969       343462     32768.00
        4.22     0.999971       343463     34492.63
        4.22     0.999973       343463     36408.89
        4.38     0.999974       343466     38550.59
        4.38     0.999976       343466     40960.00
        4.38     0.999977       343466     43690.67
        4.38     0.999979       343466     46811.43
        4.38     0.999980       343466     50412.31
        4.38     0.999982       343466     54613.33
        4.54     0.999983       343467     59578.18
        4.54     0.999985       343467     65536.00
        4.58     0.999986       343468     68985.26
        4.58     0.999986       343468     72817.78
        4.58     0.999987       343468     77101.18
        4.58     0.999988       343468     81920.00
        4.61     0.999989       343469     87381.33
        4.61     0.999989       343469     93622.86
        4.61     0.999990       343469    100824.62
        4.61     0.999991       343469    109226.67
        4.77     0.999992       343470    119156.36
        4.77     0.999992       343470    131072.00
        4.77     0.999993       343470    137970.53
        4.77     0.999993       343470    145635.56
        4.77     0.999994       343470    154202.35
        4.77     0.999994       343470    163840.00
        4.89     0.999994       343471    174762.67
        4.89     0.999995       343471    187245.71
        4.89     0.999995       343471    201649.23
        4.89     0.999995       343471    218453.33
        4.89     0.999996       343471    238312.73
        4.89     0.999996       343471    262144.00
        4.89     0.999996       343471    275941.05
        4.89     0.999997       343471    291271.11
        4.89     0.999997       343471    308404.71
        4.89     0.999997       343471    327680.00
        4.96     0.999997       343472    349525.33
        4.96     1.000000       343472          inf
#[Mean    =        0.698, StdDeviation   =        0.077]
#[Max     =        4.959, Total count    =       343472]
#[Buckets =           20, SubBuckets     =          256]
