       Value   Percentile   TotalCount 1/(1-Percentile)

        0.18     0.000000            1         1.00
        0.41     0.050000        19788         1.05
        0.44     0.100000        44209         1.11
        0.48     0.150000        60225         1.18
        0.51     0.200000        83367         1.25
        0.53     0.250000       108072         1.33
        0.54     0.300000       122315         1.43
        0.55     0.350000       148009         1.54
        0.57     0.400000       165728         1.67
        0.58     0.450000       177944         1.82
        0.61     0.500000       201954         2.00
        0.61     0.525000       213255         2.11
        0.62     0.550000       226196         2.22
        0.63     0.575000       240195         2.35
        0.63     0.600000       240195         2.50
        0.64     0.625000       254861         2.67
        0.65     0.650000       269360         2.86
        0.65     0.675000       269360         3.08
        0.66     0.700000       283512         3.33
        0.66     0.725000       296168         3.64
        0.67     0.750000       307170         4.00
        0.67     0.762500       307170         4.21
        0.67     0.775000       307170         4.44
        0.68     0.787500       316227         4.71
        0.68     0.800000       316227         5.00
        0.69     0.812500       323183         5.33
        0.69     0.825000       328369         5.71
        0.70     0.837500       331996         6.15
        0.72     0.850000       336144         6.67
        0.79     0.862500       341262         7.27
        0.81     0.875000       346280         8.00
        0.82     0.881250       349262         8.42
        0.83     0.887500       353138         8.89
        0.83     0.893750       353138         9.41
        0.84     0.900000       357707        10.00
        0.85     0.906250       362828        10.67
        0.85     0.912500       362828        11.43
        0.85     0.918750       368430        12.31
        0.85     0.925000       368430        13.33
        0.85     0.931250       368430        14.55
        0.86     0.937500       373780        16.00
        0.86     0.940625       373780        16.84
        0.86     0.943750       373780        17.78
        0.87     0.946875       378977        18.82
        0.87     0.950000       378977        20.00
        0.87     0.953125       378977        21.33
        0.87     0.956250       378977        22.86
        0.87     0.959375       378977        24.62
        0.88     0.962500       383491        26.67
        0.88     0.965625       383491        29.09
        0.88     0.968750       383491        32.00
        0.88     0.970313       383491        33.68
        0.89     0.971875       387064        35.56
        0.89     0.973437       387064        37.65
        0.89     0.975000       387064        40.00
        0.89     0.976562       387064        42.67
        0.89     0.978125       387064        45.71
        0.89     0.979688       387064        49.23
        0.90     0.981250       389882        53.33
        0.90     0.982812       389882        58.18
        0.90     0.984375       389882        64.00
        0.90     0.985156       389882        67.37
        0.90     0.985938       389882        71.11
        0.90     0.986719       389882        75.29
        0.90     0.987500       391787        80.00
        0.90     0.988281       391787        85.33
        0.90     0.989062       391787        91.43
        0.90     0.989844       391787        98.46
        0.90     0.990625       391787       106.67
        0.90     0.991406       391787       116.36
        0.91     0.992188       393031       128.00
        0.91     0.992578       393031       134.74
        0.91     0.992969       393031       142.22
        0.91     0.993359       393031       150.59
        0.91     0.993750       393031       160.00
        0.91     0.994141       393031       170.67
        0.91     0.994531       393031       182.86
        0.91     0.994922       393031       196.92
        0.92     0.995313       393847       213.33
        0.92     0.995703       393847       232.73
        0.92     0.996094       393847       256.00
        0.92     0.996289       393847       269.47
        0.92     0.996484       393847       284.44
        0.92     0.996680       393847       301.18
        0.92     0.996875       393847       320.00
        0.92     0.997070       393847       341.33
        0.93     0.997266       394280       365.71
        0.93     0.997461       394280       393.85
        0.93     0.997656       394280       426.67
        0.93     0.997852       394280       465.45
        0.93     0.998047       394280       512.00
        0.93     0.998145       394280       538.95
        0.93     0.998242       394280       568.89
        0.94     0.998340       394578       602.35
        0.94     0.998437       394578       640.00
        0.94     0.998535       394578       682.67
        0.94     0.998633       394578       731.43
        0.94     0.998730       394578       787.69
        0.94     0.998828       394578       853.33
        0.94     0.998926       394578       930.91
        0.94     0.999023       394578      1024.00
        0.94     0.999072       394739      1077.89
        0.94     0.999121       394739      1137.78
        0.94     0.999170       394739      1204.71
        0.94     0.999219       394739      1280.00
        0.94     0.999268       394739      1365.33
        0.94     0.999316       394739      1462.86
        0.94     0.999365       394739      1575.38
        0.94     0.999414       394739      1706.67
        0.95     0.999463       394823      1861.82
        0.95     0.999512       394823      2048.00
        0.95     0.999536       394823      2155.79
        0.95     0.999561       394823      2275.56
        0.95     0.999585       394823      2409.41
        0.95     0.999609       394823      2560.00
        0.95     0.999634       394823      2730.67
        0.96     0.999658       394867      2925.71
        0.96     0.999683       394867      3150.77
        0.96     0.999707       394867      3413.33
        0.96     0.999731       394867      3723.64
        0.96     0.999756       394867      4096.00
        0.97     0.999768       394886      4311.58
        0.97     0.999780       394886      4551.11
        0.97     0.999792       394886      4818.82
        0.97     0.999805       394886      5120.00
        0.97     0.999817       394900      5461.33
        0.97     0.999829       394900      5851.43
        0.97     0.999841       394900      6301.54
        0.98     0.999854       394906      6826.67
        0.99     0.999866       394908      7447.27
        1.00     0.999878       394913      8192.00
        1.01     0.999884       394918      8623.16
        1.01     0.999890       394918      9102.22
        1.02     0.999896       394923      9637.65
        1.02     0.999902       394923     10240.00
        1.03     0.999908       394925     10922.67
        1.04     0.999915       394928     11702.86
        1.05     0.999921       394931     12603.08
        1.05     0.999927       394933     13653.33
        1.07     0.999933       394937     14894.55
        1.07     0.999939       394937     16384.00
        1.09     0.999942       394939     17246.32
        1.09     0.999945       394942     18204.44
        1.09     0.999948       394942     19275.29
        1.09     0.999951       394942     20480.00
        1.10     0.999954       394945     21845.33
        1.10     0.999957       394945     23405.71
        1.11     0.999960       394946     25206.15
        1.15     0.999963       394948     27306.67
        1.15     0.999966       394948     29789.09
        1.16     0.999969       394949     32768.00
        1.24     0.999971       394950     34492.63
        1.29     0.999973       394951     36408.89
        1.29     0.999974       394951     38550.59
        1.32     0.999976       394952     40960.00
        1.32     0.999977       394952     43690.67
        1.33     0.999979       394953     46811.43
        1.35     0.999980       394954     50412.31
        1.35     0.999982       394954     54613.33
        1.41     0.999983       394955     59578.18
        1.41     0.999985       394955     65536.00
        1.42     0.999986       394956     68985.26
        1.42     0.999986       394956     72817.78
        1.42     0.999987       394956     77101.18
        1.42     0.999988       394957     81920.00
        1.42     0.999989       394957     87381.33
        1.42     0.999989       394957     93622.86
        1.44     0.999990       394958    100824.62
        1.44     0.999991       394958    109226.67
        1.44     0.999992       394958    119156.36
        1.44     0.999992       394958    131072.00
        1.50     0.999993       394959    137970.53
        1.50     0.999993       394959    145635.56
        1.50     0.999994       394959    154202.35
        1.50     0.999994       394959    163840.00
        1.50     0.999994       394959    174762.67
        1.50     0.999995       394959    187245.71
        1.50     0.999995       394960    201649.23
        1.50     0.999995       394960    218453.33
        1.50     0.999996       394960    238312.73
        1.50     0.999996       394960    262144.00
        1.50     0.999996       394960    275941.05
        1.50     0.999997       394960    291271.11
        1.50     0.999997       394960    308404.71
        1.50     0.999997       394960    327680.00
        1.50     0.999997       394960    349525.33
        1.50     0.999997       394960    374491.43
        1.52     0.999998       394961    403298.46
        1.52     1.000000       394961          inf
#[Mean    =        0.607, StdDeviation   =        0.130]
#[Max     =        1.519, Total count    =       394961]
#[Buckets =           20, SubBuckets     =          256]
