       Value   Percentile   TotalCount 1/(1-Percentile)

        0.29     0.000000            2         1.00
        0.61     0.050000        17449         1.05
        0.64     0.100000        38540         1.11
        0.66     0.150000        55789         1.18
        0.67     0.200000        78036         1.25
        0.68     0.250000        91140         1.33
        0.69     0.300000       105560         1.43
        0.69     0.350000       120976         1.54
        0.70     0.400000       137118         1.67
        0.71     0.450000       153867         1.82
        0.72     0.500000       170858         2.00
        0.73     0.525000       187849         2.11
        0.73     0.550000       187849         2.22
        0.73     0.575000       204178         2.35
        0.73     0.600000       204178         2.50
        0.74     0.625000       219824         2.67
        0.74     0.650000       219824         2.86
        0.75     0.675000       234451         3.08
        0.75     0.700000       234451         3.33
        0.76     0.725000       247772         3.64
        0.77     0.750000       259784         4.00
        0.77     0.762500       259784         4.21
        0.77     0.775000       259784         4.44
        0.78     0.787500       270485         4.71
        0.78     0.800000       270485         5.00
        0.78     0.812500       279982         5.33
        0.78     0.825000       279982         5.71
        0.78     0.837500       279982         6.15
        0.79     0.850000       288262         6.67
        0.79     0.862500       288262         7.27
        0.80     0.875000       295542         8.00
        0.80     0.881250       295542         8.42
        0.81     0.887500       301715         8.89
        0.81     0.893750       301715         9.41
        0.81     0.900000       301715        10.00
        0.81     0.906250       306949        10.67
        0.81     0.912500       306949        11.43
        0.81     0.918750       306949        12.31
        0.82     0.925000       311418        13.33
        0.82     0.931250       311418        14.55
        0.83     0.937500       315073        16.00
        0.83     0.940625       315073        16.84
        0.83     0.943750       315073        17.78
        0.84     0.946875       318189        18.82
        0.84     0.950000       318189        20.00
        0.84     0.953125       318189        21.33
        0.85     0.956250       320883        22.86
        0.85     0.959375       320883        24.62
        0.85     0.962500       323116        26.67
        0.85     0.965625       323116        29.09
        0.86     0.968750       324973        32.00
        0.86     0.970313       324973        33.68
        0.86     0.971875       324973        35.56
        0.86     0.973437       324973        37.65
        0.87     0.975000       326502        40.00
        0.87     0.976562       326502        42.67
        0.87     0.978125       326502        45.71
        0.88     0.979688       327734        49.23
        0.88     0.981250       327734        53.33
        0.89     0.982812       328758        58.18
        0.89     0.984375       328758        64.00
        0.89     0.985156       328758        67.37
        0.90     0.985938       329687        71.11
        0.90     0.986719       329687        75.29
        0.90     0.987500       329687        80.00
        0.90     0.988281       329687        85.33
        0.90     0.989062       330420        91.43
        0.90     0.989844       330420        98.46
        0.91     0.990625       330985       106.67
        0.91     0.991406       330985       116.36
        0.92     0.992188       331453       128.00
        0.92     0.992578       331453       134.74
        0.92     0.992969       331453       142.22
        0.92     0.993359       331453       150.59
        0.93     0.993750       331851       160.00
        0.93     0.994141       331851       170.67
        0.93     0.994531       331851       182.86
        0.94     0.994922       332150       196.92
        0.94     0.995313       332150       213.33
        0.94     0.995703       332392       232.73
        0.94     0.996094       332392       256.00
        0.94     0.996289       332392       269.47
        0.95     0.996484       332598       284.44
        0.95     0.996680       332598       301.18
        0.95     0.996875       332598       320.00
        0.96     0.997070       332786       341.33
        0.96     0.997266       332786       365.71
        0.96     0.997461       332786       393.85
        0.97     0.997656       332899       426.67
        0.97     0.997852       332899       465.45
        0.97     0.998047       332991       512.00
        0.97     0.998145       332991       538.95
        0.98     0.998242       333071       568.89
        0.98     0.998340       333071       602.35
        0.99     0.998437       333130       640.00
        0.99     0.998535       333130       682.67
        1.00     0.998633       333184       731.43
        1.00     0.998730       333184       787.69
        1.01     0.998828       333228       853.33
        1.01     0.998926       333271       930.91
        1.01     0.999023       333271      1024.00
        1.02     0.999072       333296      1077.89
        1.03     0.999121       333317      1137.78
        1.04     0.999170       333335      1204.71
        1.05     0.999219       333355      1280.00
        1.05     0.999268       333355      1365.33
        1.06     0.999316       333370      1462.86
        1.08     0.999365       333385      1575.38
        1.10     0.999414       333403      1706.67
        1.12     0.999463       333421      1861.82
        1.14     0.999512       333435      2048.00
        1.15     0.999536       333451      2155.79
        1.15     0.999561       333451      2275.56
        1.17     0.999585       333461      2409.41
        1.18     0.999609       333468      2560.00
        1.19     0.999634       333480      2730.67
        1.20     0.999658       333485      2925.71
        1.21     0.999683       333493      3150.77
        1.22     0.999707       333503      3413.33
        1.22     0.999731       333509      3723.64
        1.23     0.999756       333521      4096.00
        1.23     0.999768       333521      4311.58
        1.24     0.999780       333530      4551.11
        1.24     0.999792       333530      4818.82
        1.25     0.999805       333538      5120.00
        1.25     0.999817       333538      5461.33
        1.25     0.999829       333543      5851.43
        1.26     0.999841       333544      6301.54
        1.27     0.999854       333549      6826.67
        1.28     0.999866       333552      7447.27
        1.30     0.999878       333558      8192.00
        1.30     0.999884       333558      8623.16
        1.32     0.999890       333561      9102.22
        1.33     0.999896       333563      9637.65
        1.33     0.999902       333564     10240.00
        1.38     0.999908       333566     10922.67
        1.39     0.999915       333568     11702.86
        1.46     0.999921       333570     12603.08
        1.61     0.999927       333572     13653.33
        3.01     0.999933       333574     14894.55
        3.20     0.999939       333576     16384.00
        3.23     0.999942       333577     17246.32
        3.26     0.999945       333578     18204.44
        3.36     0.999948       333579     19275.29
        3.39     0.999951       333580     20480.00
        3.42     0.999954       333581     21845.33
        3.68     0.999957       333582     23405.71
        3.74     0.999960       333583     25206.15
        3.77     0.999963       333584     27306.67
        3.95     0.999966       333585     29789.09
        4.35     0.999969       333586     32768.00
        4.38     0.999971       333588     34492.63
        4.38     0.999973       333588     36408.89
        4.38     0.999974       333588     38550.59
        4.38     0.999976       333588     40960.00
        4.42     0.999977       333590     43690.67
        4.42     0.999979       333590     46811.43
        4.42     0.999980       333590     50412.31
        4.42     0.999982       333590     54613.33
        4.86     0.999983       333591     59578.18
        4.86     0.999985       333591     65536.00
        4.89     0.999986       333592     68985.26
        4.89     0.999986       333592     72817.78
        4.89     0.999987       333592     77101.18
        4.89     0.999988       333592     81920.00
        4.93     0.999989       333593     87381.33
        4.93     0.999989       333593     93622.86
        4.93     0.999990       333593    100824.62
        4.93     0.999991       333593    109226.67
        4.99     0.999992       333594    119156.36
        4.99     0.999992       333594    131072.00
        4.99     0.999993       333594    137970.53
        4.99     0.999993       333594    145635.56
        4.99     0.999994       333594    154202.35
        4.99     0.999994       333594    163840.00
        5.05     0.999994       333595    174762.67
        5.05     0.999995       333595    187245.71
        5.05     0.999995       333595    201649.23
        5.05     0.999995       333595    218453.33
        5.05     0.999996       333595    238312.73
        5.05     0.999996       333595    262144.00
        5.05     0.999996       333595    275941.05
        5.05     0.999997       333595    291271.11
        5.05     0.999997       333595    308404.71
        5.05     0.999997       333595    327680.00
        5.09     0.999997       333596    349525.33
        5.09     1.000000       333596          inf
#[Mean    =        0.718, StdDeviation   =        0.080]
#[Max     =        5.087, Total count    =       333596]
#[Buckets =           20, SubBuckets     =          256]
