       Value   Percentile   TotalCount 1/(1-Percentile)

        0.17     0.000000            2         1.00
        0.64     0.050000        18205         1.05
        0.67     0.100000        36714         1.11
        0.69     0.150000        51414         1.18
        0.70     0.200000        70247         1.25
        0.71     0.250000        81206         1.33
        0.73     0.300000       106394         1.43
        0.73     0.350000       120267         1.54
        0.74     0.400000       134650         1.67
        0.75     0.450000       149378         1.82
        0.76     0.500000       164109         2.00
        0.77     0.525000       178847         2.11
        0.77     0.550000       178847         2.22
        0.78     0.575000       193117         2.35
        0.78     0.600000       193117         2.50
        0.78     0.625000       206644         2.67
        0.78     0.650000       206644         2.86
        0.79     0.675000       219232         3.08
        0.80     0.700000       231230         3.33
        0.80     0.725000       231230         3.64
        0.81     0.750000       242084         4.00
        0.81     0.762500       242084         4.21
        0.81     0.775000       251853         4.44
        0.81     0.787500       251853         4.71
        0.82     0.800000       260541         5.00
        0.82     0.812500       260541         5.33
        0.83     0.825000       268330         5.71
        0.83     0.837500       268330         6.15
        0.84     0.850000       275305         6.67
        0.84     0.862500       275305         7.27
        0.85     0.875000       281474         8.00
        0.85     0.881250       281474         8.42
        0.85     0.887500       281474         8.89
        0.85     0.893750       286888         9.41
        0.85     0.900000       286888        10.00
        0.86     0.906250       291593        10.67
        0.86     0.912500       291593        11.43
        0.86     0.918750       291593        12.31
        0.87     0.925000       295529        13.33
        0.87     0.931250       295529        14.55
        0.88     0.937500       298946        16.00
        0.88     0.940625       298946        16.84
        0.88     0.943750       298946        17.78
        0.89     0.946875       301941        18.82
        0.89     0.950000       301941        20.00
        0.89     0.953125       301941        21.33
        0.90     0.956250       304429        22.86
        0.90     0.959375       304429        24.62
        0.90     0.962500       306469        26.67
        0.90     0.965625       306469        29.09
        0.91     0.968750       308209        32.00
        0.91     0.970313       308209        33.68
        0.91     0.971875       308209        35.56
        0.92     0.973437       309650        37.65
        0.92     0.975000       309650        40.00
        0.92     0.976562       309650        42.67
        0.93     0.978125       310871        45.71
        0.93     0.979688       310871        49.23
        0.93     0.981250       310871        53.33
        0.94     0.982812       311960        58.18
        0.94     0.984375       311960        64.00
        0.94     0.985156       312772        67.37
        0.94     0.985938       312772        71.11
        0.94     0.986719       312772        75.29
        0.94     0.987500       312772        80.00
        0.95     0.988281       313468        85.33
        0.95     0.989062       313468        91.43
        0.96     0.989844       314022        98.46
        0.96     0.990625       314022       106.67
        0.96     0.991406       314022       116.36
        0.97     0.992188       314518       128.00
        0.97     0.992578       314518       134.74
        0.97     0.992969       314518       142.22
        0.97     0.993359       314877       150.59
        0.97     0.993750       314877       160.00
        0.97     0.994141       314877       170.67
        0.98     0.994531       315199       182.86
        0.98     0.994922       315199       196.92
        0.99     0.995313       315442       213.33
        0.99     0.995703       315442       232.73
        1.00     0.996094       315616       256.00
        1.00     0.996289       315616       269.47
        1.00     0.996484       315616       284.44
        1.01     0.996680       315770       301.18
        1.01     0.996875       315770       320.00
        1.01     0.997070       315770       341.33
        1.01     0.997266       315921       365.71
        1.01     0.997461       315921       393.85
        1.02     0.997656       316039       426.67
        1.02     0.997852       316039       465.45
        1.03     0.998047       316124       512.00
        1.03     0.998145       316124       538.95
        1.04     0.998242       316187       568.89
        1.04     0.998340       316187       602.35
        1.05     0.998437       316250       640.00
        1.05     0.998535       316250       682.67
        1.05     0.998633       316288       731.43
        1.05     0.998730       316288       787.69
        1.07     0.998828       316346       853.33
        1.08     0.998926       316377       930.91
        1.09     0.999023       316406      1024.00
        1.09     0.999072       316406      1077.89
        1.09     0.999121       316423      1137.78
        1.10     0.999170       316438      1204.71
        1.11     0.999219       316452      1280.00
        1.13     0.999268       316470      1365.33
        1.14     0.999316       316479      1462.86
        1.14     0.999365       316489      1575.38
        1.17     0.999414       316509      1706.67
        1.18     0.999463       316525      1861.82
        1.21     0.999512       316538      2048.00
        1.22     0.999536       316547      2155.79
        1.22     0.999561       316557      2275.56
        1.23     0.999585       316562      2409.41
        1.24     0.999609       316567      2560.00
        1.25     0.999634       316578      2730.67
        1.26     0.999658       316583      2925.71
        1.28     0.999683       316591      3150.77
        1.29     0.999707       316598      3413.33
        1.31     0.999731       316605      3723.64
        1.33     0.999756       316613      4096.00
        1.33     0.999768       316618      4311.58
        1.34     0.999780       316621      4551.11
        1.35     0.999792       316625      4818.82
        1.37     0.999805       316632      5120.00
        1.38     0.999817       316637      5461.33
        1.38     0.999829       316637      5851.43
        1.39     0.999841       316640      6301.54
        1.42     0.999854       316646      6826.67
        1.44     0.999866       316648      7447.27
        1.49     0.999878       316653      8192.00
        1.53     0.999884       316654      8623.16
        1.63     0.999890       316656      9102.22
        1.66     0.999896       316658      9637.65
        2.35     0.999902       316660     10240.00
        2.42     0.999908       316663     10922.67
        2.42     0.999915       316663     11702.86
        2.58     0.999921       316665     12603.08
        2.72     0.999927       316667     13653.33
        3.20     0.999933       316669     14894.55
        3.26     0.999939       316671     16384.00
        3.38     0.999942       316672     17246.32
        3.49     0.999945       316673     18204.44
        3.50     0.999948       316674     19275.29
        3.55     0.999951       316675     20480.00
        3.68     0.999954       316676     21845.33
        3.74     0.999957       316677     23405.71
        3.87     0.999960       316678     25206.15
        4.08     0.999963       316679     27306.67
        4.16     0.999966       316680     29789.09
        4.77     0.999969       316682     32768.00
        4.77     0.999971       316682     34492.63
        4.77     0.999973       316682     36408.89
        4.77     0.999974       316682     38550.59
        4.80     0.999976       316683     40960.00
        4.80     0.999977       316683     43690.67
        4.83     0.999979       316684     46811.43
        4.83     0.999980       316684     50412.31
        4.86     0.999982       316686     54613.33
        4.86     0.999983       316686     59578.18
        4.86     0.999985       316686     65536.00
        4.86     0.999986       316686     68985.26
        4.86     0.999986       316686     72817.78
        4.86     0.999987       316686     77101.18
        4.96     0.999988       316687     81920.00
        4.96     0.999989       316687     87381.33
        4.96     0.999989       316687     93622.86
        4.96     0.999990       316687    100824.62
        5.50     0.999991       316688    109226.67
        5.50     0.999992       316688    119156.36
        5.50     0.999992       316688    131072.00
        5.50     0.999993       316688    137970.53
        5.50     0.999993       316688    145635.56
        5.50     0.999994       316688    154202.35
        5.57     0.999994       316689    163840.00
        5.57     0.999994       316689    174762.67
        5.57     0.999995       316689    187245.71
        5.57     0.999995       316689    201649.23
        5.57     0.999995       316689    218453.33
        5.57     0.999996       316689    238312.73
        5.57     0.999996       316689    262144.00
        5.57     0.999996       316689    275941.05
        5.57     0.999997       316689    291271.11
        5.57     0.999997       316689    308404.71
        5.70     0.999997       316690    327680.00
        5.70     1.000000       316690          inf
#[Mean    =        0.757, StdDeviation   =        0.088]
#[Max     =        5.695, Total count    =       316690]
#[Buckets =           20, SubBuckets     =          256]
