       Value   Percentile   TotalCount 1/(1-Percentile)

        0.14     0.000000            1         1.00
        0.36     0.050000        32744         1.05
        0.38     0.100000        87023         1.11
        0.38     0.150000       133091         1.18
        0.38     0.200000       133091         1.25
        0.39     0.250000       192724         1.33
        0.39     0.300000       192724         1.43
        0.40     0.350000       265105         1.54
        0.40     0.400000       265105         1.67
        0.41     0.450000       343213         1.82
        0.41     0.500000       343213         2.00
        0.41     0.525000       343213         2.11
        0.41     0.550000       343213         2.22
        0.41     0.575000       343213         2.35
        0.41     0.600000       417149         2.50
        0.41     0.625000       417149         2.67
        0.41     0.650000       417149         2.86
        0.41     0.675000       417149         3.08
        0.41     0.700000       417149         3.33
        0.42     0.725000       477691         3.64
        0.42     0.750000       477691         4.00
        0.42     0.762500       477691         4.21
        0.42     0.775000       477691         4.44
        0.42     0.787500       477691         4.71
        0.42     0.800000       477691         5.00
        0.43     0.812500       522338         5.33
        0.43     0.825000       522338         5.71
        0.43     0.837500       522338         6.15
        0.43     0.850000       522338         6.67
        0.43     0.862500       522338         7.27
        0.43     0.875000       522338         8.00
        0.44     0.881250       551502         8.42
        0.44     0.887500       551502         8.89
        0.44     0.893750       551502         9.41
        0.44     0.900000       551502        10.00
        0.44     0.906250       551502        10.67
        0.44     0.912500       551502        11.43
        0.44     0.918750       551502        12.31
        0.44     0.925000       551502        13.33
        0.45     0.931250       569610        14.55
        0.45     0.937500       569610        16.00
        0.45     0.940625       569610        16.84
        0.45     0.943750       569610        17.78
        0.45     0.946875       569610        18.82
        0.45     0.950000       569610        20.00
        0.45     0.953125       569610        21.33
        0.45     0.956250       569610        22.86
        0.46     0.959375       580251        24.62
        0.46     0.962500       580251        26.67
        0.46     0.965625       580251        29.09
        0.46     0.968750       580251        32.00
        0.46     0.970313       580251        33.68
        0.46     0.971875       580251        35.56
        0.46     0.973437       580251        37.65
        0.46     0.975000       586468        40.00
        0.46     0.976562       586468        42.67
        0.46     0.978125       586468        45.71
        0.46     0.979688       586468        49.23
        0.46     0.981250       586468        53.33
        0.46     0.982812       586468        58.18
        0.46     0.984375       586468        64.00
        0.46     0.985156       586468        67.37
        0.47     0.985938       589921        71.11
        0.47     0.986719       589921        75.29
        0.47     0.987500       589921        80.00
        0.47     0.988281       589921        85.33
        0.47     0.989062       589921        91.43
        0.47     0.989844       589921        98.46
        0.47     0.990625       589921       106.67
        0.48     0.991406       591825       116.36
        0.48     0.992188       591825       128.00
        0.48     0.992578       591825       134.74
        0.48     0.992969       591825       142.22
        0.48     0.993359       591825       150.59
        0.48     0.993750       591825       160.00
        0.48     0.994141       591825       170.67
        0.49     0.994531       592990       182.86
        0.49     0.994922       592990       196.92
        0.49     0.995313       592990       213.33
        0.49     0.995703       592990       232.73
        0.49     0.996094       592990       256.00
        0.49     0.996289       592990       269.47
        0.49     0.996484       593705       284.44
        0.49     0.996680       593705       301.18
        0.49     0.996875       593705       320.00
        0.49     0.997070       593705       341.33
        0.49     0.997266       593705       365.71
        0.49     0.997461       593705       393.85
        0.50     0.997656       594130       426.67
        0.50     0.997852       594130       465.45
        0.50     0.998047       594130       512.00
        0.50     0.998145       594130       538.95
        0.50     0.998242       594130       568.89
        0.51     0.998340       594383       602.35
        0.51     0.998437       594383       640.00
        0.51     0.998535       594383       682.67
        0.51     0.998633       594383       731.43
        0.52     0.998730       594534       787.69
        0.52     0.998828       594534       853.33
        0.52     0.998926       594534       930.91
        0.53     0.999023       594637      1024.00
        0.53     0.999072       594637      1077.89
        0.53     0.999121       594637      1137.78
        0.54     0.999170       594699      1204.71
        0.54     0.999219       594699      1280.00
        0.54     0.999268       594740      1365.33
        0.55     0.999316       594761      1462.86
        0.57     0.999365       594792      1575.38
        0.57     0.999414       594812      1706.67
        0.59     0.999463       594851      1861.82
        0.60     0.999512       594866      2048.00
        0.61     0.999536       594886      2155.79
        0.62     0.999561       594902      2275.56
        0.64     0.999585       594909      2409.41
        0.70     0.999609       594926      2560.00
        0.73     0.999634       594939      2730.67
        0.75     0.999658       594959      2925.71
        0.76     0.999683       594969      3150.77
        0.78     0.999707       594995      3413.33
        0.78     0.999731       595007      3723.64
        0.79     0.999756       595015      4096.00
        0.80     0.999768       595021      4311.58
        0.81     0.999780       595029      4551.11
        0.84     0.999792       595037      4818.82
        0.86     0.999805       595040      5120.00
        0.90     0.999817       595052      5461.33
        0.91     0.999829       595061      5851.43
        0.92     0.999841       595068      6301.54
        0.93     0.999854       595076      6826.67
        0.94     0.999866       595087      7447.27
        0.94     0.999878       595087      8192.00
        0.94     0.999884       595087      8623.16
        0.94     0.999890       595102      9102.22
        0.94     0.999896       595102      9637.65
        0.94     0.999902       595102     10240.00
        0.94     0.999908       595102     10922.67
        0.95     0.999915       595111     11702.86
        0.95     0.999921       595111     12603.08
        0.96     0.999927       595119     13653.33
        0.96     0.999933       595119     14894.55
        0.97     0.999939       595126     16384.00
        0.97     0.999942       595126     17246.32
        0.97     0.999945       595126     18204.44
        0.97     0.999948       595126     19275.29
        0.97     0.999951       595134     20480.00
        0.97     0.999954       595134     21845.33
        0.97     0.999957       595134     23405.71
        0.97     0.999960       595134     25206.15
        0.98     0.999963       595137     27306.67
        0.98     0.999966       595137     29789.09
        0.99     0.999969       595142     32768.00
        0.99     0.999971       595142     34492.63
        0.99     0.999973       595142     36408.89
        0.99     0.999974       595142     38550.59
        0.99     0.999976       595142     40960.00
        1.00     0.999977       595147     43690.67
        1.00     0.999979       595147     46811.43
        1.00     0.999980       595147     50412.31
        1.00     0.999982       595147     54613.33
        1.00     0.999983       595147     59578.18
        1.00     0.999985       595147     65536.00
        1.01     0.999986       595151     68985.26
        1.01     0.999986       595151     72817.78
        1.01     0.999987       595151     77101.18
        1.01     0.999988       595151     81920.00
        1.01     0.999989       595151     87381.33
        1.01     0.999989       595151     93622.86
        1.01     0.999990       595151    100824.62
        1.01     0.999991       595151    109226.67
        1.01     0.999992       595152    119156.36
        1.01     0.999992       595152    131072.00
        1.01     0.999993       595152    137970.53
        1.01     0.999993       595152    145635.56
        1.02     0.999994       595156    154202.35
        1.02     1.000000       595156          inf
#[Mean    =        0.403, StdDeviation   =        0.031]
#[Max     =        1.023, Total count    =       595156]
#[Buckets =           20, SubBuckets     =          256]
