       Value   Percentile   TotalCount 1/(1-Percentile)

        0.17     0.000000            1         1.00
        0.33     0.050000        25939         1.05
        0.34     0.100000        55535         1.11
        0.38     0.150000        75652         1.18
        0.41     0.200000       114102         1.25
        0.42     0.250000       132574         1.33
        0.43     0.300000       151481         1.43
        0.45     0.350000       189062         1.54
        0.46     0.400000       204334         1.67
        0.47     0.450000       223579         1.82
        0.49     0.500000       249469         2.00
        0.49     0.525000       270056         2.11
        0.50     0.550000       294259         2.22
        0.50     0.575000       294259         2.35
        0.51     0.600000       319850         2.50
        0.51     0.625000       319850         2.67
        0.51     0.650000       319850         2.86
        0.52     0.675000       346487         3.08
        0.52     0.700000       346487         3.33
        0.53     0.725000       372670         3.64
        0.53     0.750000       372670         4.00
        0.54     0.762500       394420         4.21
        0.54     0.775000       394420         4.44
        0.54     0.787500       394420         4.71
        0.54     0.800000       394420         5.00
        0.54     0.812500       408957         5.33
        0.54     0.825000       408957         5.71
        0.55     0.837500       416458         6.15
        0.56     0.850000       419394         6.67
        0.63     0.862500       424125         7.27
        0.68     0.875000       430330         8.00
        0.69     0.881250       435636         8.42
        0.69     0.887500       443721         8.89
        0.69     0.893750       443721         9.41
        0.69     0.900000       443721        10.00
        0.70     0.906250       454003        10.67
        0.70     0.912500       454003        11.43
        0.70     0.918750       454003        12.31
        0.71     0.925000       465097        13.33
        0.71     0.931250       465097        14.55
        0.71     0.937500       465097        16.00
        0.71     0.940625       465097        16.84
        0.71     0.943750       465097        17.78
        0.72     0.946875       475000        18.82
        0.72     0.950000       475000        20.00
        0.72     0.953125       475000        21.33
        0.72     0.956250       475000        22.86
        0.72     0.959375       475000        24.62
        0.72     0.962500       475000        26.67
        0.72     0.965625       475000        29.09
        0.73     0.968750       482453        32.00
        0.73     0.970313       482453        33.68
        0.73     0.971875       482453        35.56
        0.73     0.973437       482453        37.65
        0.73     0.975000       482453        40.00
        0.73     0.976562       482453        42.67
        0.73     0.978125       482453        45.71
        0.73     0.979688       482453        49.23
        0.73     0.981250       487112        53.33
        0.73     0.982812       487112        58.18
        0.73     0.984375       487112        64.00
        0.73     0.985156       487112        67.37
        0.73     0.985938       487112        71.11
        0.73     0.986719       487112        75.29
        0.73     0.987500       487112        80.00
        0.73     0.988281       487112        85.33
        0.73     0.989062       487112        91.43
        0.73     0.989844       487112        98.46
        0.73     0.990625       487112       106.67
        0.74     0.991406       489630       116.36
        0.74     0.992188       489630       128.00
        0.74     0.992578       489630       134.74
        0.74     0.992969       489630       142.22
        0.74     0.993359       489630       150.59
        0.74     0.993750       489630       160.00
        0.74     0.994141       489630       170.67
        0.74     0.994531       489630       182.86
        0.74     0.994922       489630       196.92
        0.74     0.995313       489630       213.33
        0.74     0.995703       489630       232.73
        0.75     0.996094       490858       256.00
        0.75     0.996289       490858       269.47
        0.75     0.996484       490858       284.44
        0.75     0.996680       490858       301.18
        0.75     0.996875       490858       320.00
        0.75     0.997070       490858       341.33
        0.75     0.997266       490858       365.71
        0.75     0.997461       490858       393.85
        0.75     0.997656       490858       426.67
        0.75     0.997852       490858       465.45
        0.75     0.998047       490858       512.00
        0.75     0.998145       490858       538.95
        0.75     0.998242       490858       568.89
        0.76     0.998340       491316       602.35
        0.76     0.998437       491316       640.00
        0.76     0.998535       491316       682.67
        0.76     0.998633       491316       731.43
        0.76     0.998730       491316       787.69
        0.76     0.998828       491316       853.33
        0.76     0.998926       491316       930.91
        0.76     0.999023       491316      1024.00
        0.76     0.999072       491316      1077.89
        0.76     0.999121       491316      1137.78
        0.76     0.999170       491316      1204.71
        0.76     0.999219       491316      1280.00
        0.77     0.999268       491515      1365.33
        0.77     0.999316       491515      1462.86
        0.77     0.999365       491515      1575.38
        0.77     0.999414       491515      1706.67
        0.77     0.999463       491515      1861.82
        0.77     0.999512       491515      2048.00
        0.77     0.999536       491515      2155.79
        0.77     0.999561       491515      2275.56
        0.77     0.999585       491515      2409.41
        0.77     0.999609       491515      2560.00
        0.77     0.999634       491515      2730.67
        0.77     0.999658       491515      2925.71
        0.78     0.999683       491591      3150.77
        0.78     0.999707       491591      3413.33
        0.78     0.999731       491591      3723.64
        0.78     0.999756       491591      4096.00
        0.78     0.999768       491591      4311.58
        0.78     0.999780       491591      4551.11
        0.78     0.999792       491591      4818.82
        0.78     0.999805       491591      5120.00
        0.78     0.999817       491617      5461.33
        0.78     0.999829       491617      5851.43
        0.78     0.999841       491617      6301.54
        0.78     0.999854       491617      6826.67
        0.78     0.999866       491617      7447.27
        0.79     0.999878       491630      8192.00
        0.79     0.999884       491630      8623.16
        0.79     0.999890       491630      9102.22
        0.80     0.999896       491642      9637.65
        0.80     0.999902       491642     10240.00
        0.80     0.999908       491642     10922.67
        0.80     0.999915       491642     11702.86
        0.81     0.999921       491655     12603.08
        0.81     0.999927       491655     13653.33
        0.81     0.999933       491655     14894.55
        0.81     0.999939       491655     16384.00
        0.81     0.999942       491655     17246.32
        0.81     0.999945       491662     18204.44
        0.81     0.999948       491662     19275.29
        0.81     0.999951       491662     20480.00
        0.81     0.999954       491662     21845.33
        0.81     0.999957       491662     23405.71
        0.82     0.999960       491664     25206.15
        0.83     0.999963       491667     27306.67
        0.83     0.999966       491667     29789.09
        0.84     0.999969       491670     32768.00
        0.84     0.999971       491670     34492.63
        0.84     0.999973       491670     36408.89
        0.85     0.999974       491672     38550.59
        0.85     0.999976       491672     40960.00
        0.85     0.999977       491672     43690.67
        0.85     0.999979       491673     46811.43
        0.86     0.999980       491676     50412.31
        0.86     0.999982       491676     54613.33
        0.86     0.999983       491676     59578.18
        0.86     0.999985       491676     65536.00
        0.86     0.999986       491676     68985.26
        0.87     0.999986       491677     72817.78
        0.87     0.999987       491677     77101.18
        0.87     0.999988       491677     81920.00
        0.88     0.999989       491680     87381.33
        0.88     0.999989       491680     93622.86
        0.88     0.999990       491680    100824.62
        0.88     0.999991       491680    109226.67
        0.88     0.999992       491680    119156.36
        0.88     0.999992       491680    131072.00
        0.88     0.999993       491680    137970.53
        0.88     0.999993       491680    145635.56
        0.88     0.999994       491680    154202.35
        0.88     0.999994       491680    163840.00
        0.90     0.999994       491681    174762.67
        0.90     0.999995       491681    187245.71
        0.90     0.999995       491681    201649.23
        0.90     0.999995       491681    218453.33
        0.90     0.999996       491681    238312.73
        0.96     0.999996       491683    262144.00
        0.96     1.000000       491683          inf
#[Mean    =        0.488, StdDeviation   =        0.109]
#[Max     =        0.959, Total count    =       491683]
#[Buckets =           20, SubBuckets     =          256]
