       Value   Percentile   TotalCount 1/(1-Percentile)

        0.20     0.000000            2         1.00
        0.61     0.050000        17052         1.05
        0.65     0.100000        38288         1.11
        0.66     0.150000        55372         1.18
        0.67     0.200000        66076         1.25
        0.69     0.250000        91371         1.33
        0.69     0.300000       105901         1.43
        0.70     0.350000       121405         1.54
        0.71     0.400000       137626         1.67
        0.72     0.450000       154425         1.82
        0.73     0.500000       171179         2.00
        0.73     0.525000       187991         2.11
        0.73     0.550000       187991         2.22
        0.74     0.575000       204349         2.35
        0.74     0.600000       204349         2.50
        0.75     0.625000       219594         2.67
        0.75     0.650000       219594         2.86
        0.76     0.675000       233756         3.08
        0.76     0.700000       233756         3.33
        0.77     0.725000       246856         3.64
        0.78     0.750000       258683         4.00
        0.78     0.762500       258683         4.21
        0.78     0.775000       258683         4.44
        0.78     0.787500       269036         4.71
        0.78     0.800000       269036         5.00
        0.78     0.812500       269036         5.33
        0.79     0.825000       278276         5.71
        0.79     0.837500       278276         6.15
        0.80     0.850000       286372         6.67
        0.80     0.862500       286372         7.27
        0.81     0.875000       293537         8.00
        0.81     0.881250       293537         8.42
        0.81     0.887500       293537         8.89
        0.81     0.893750       299490         9.41
        0.81     0.900000       299490        10.00
        0.81     0.906250       299490        10.67
        0.82     0.912500       304882        11.43
        0.82     0.918750       304882        12.31
        0.83     0.925000       309269        13.33
        0.83     0.931250       309269        14.55
        0.84     0.937500       312981        16.00
        0.84     0.940625       312981        16.84
        0.84     0.943750       312981        17.78
        0.84     0.946875       312981        18.82
        0.85     0.950000       316063        20.00
        0.85     0.953125       316063        21.33
        0.85     0.956250       316063        22.86
        0.85     0.959375       318681        24.62
        0.85     0.962500       318681        26.67
        0.86     0.965625       320699        29.09
        0.86     0.968750       320699        32.00
        0.86     0.970313       320699        33.68
        0.87     0.971875       322406        35.56
        0.87     0.973437       322406        37.65
        0.87     0.975000       322406        40.00
        0.88     0.976562       323892        42.67
        0.88     0.978125       323892        45.71
        0.88     0.979688       323892        49.23
        0.89     0.981250       325078        53.33
        0.89     0.982812       325078        58.18
        0.89     0.984375       325078        64.00
        0.90     0.985156       326067        67.37
        0.90     0.985938       326067        71.11
        0.90     0.986719       326067        75.29
        0.90     0.987500       326067        80.00
        0.90     0.988281       326856        85.33
        0.90     0.989062       326856        91.43
        0.90     0.989844       326856        98.46
        0.91     0.990625       327511       106.67
        0.91     0.991406       327511       116.36
        0.92     0.992188       328049       128.00
        0.92     0.992578       328049       134.74
        0.92     0.992969       328049       142.22
        0.92     0.993359       328049       150.59
        0.93     0.993750       328435       160.00
        0.93     0.994141       328435       170.67
        0.93     0.994531       328435       182.86
        0.94     0.994922       328730       196.92
        0.94     0.995313       328730       213.33
        0.94     0.995703       329028       232.73
        0.94     0.996094       329028       256.00
        0.94     0.996289       329028       269.47
        0.94     0.996484       329028       284.44
        0.95     0.996680       329253       301.18
        0.95     0.996875       329253       320.00
        0.95     0.997070       329253       341.33
        0.96     0.997266       329439       365.71
        0.96     0.997461       329439       393.85
        0.96     0.997656       329439       426.67
        0.97     0.997852       329560       465.45
        0.97     0.998047       329560       512.00
        0.97     0.998145       329655       538.95
        0.97     0.998242       329655       568.89
        0.97     0.998340       329655       602.35
        0.98     0.998437       329732       640.00
        0.98     0.998535       329732       682.67
        0.99     0.998633       329786       731.43
        0.99     0.998730       329786       787.69
        1.00     0.998828       329830       853.33
        1.01     0.998926       329870       930.91
        1.01     0.999023       329870      1024.00
        1.01     0.999072       329911      1077.89
        1.01     0.999121       329911      1137.78
        1.02     0.999170       329930      1204.71
        1.03     0.999219       329942      1280.00
        1.04     0.999268       329966      1365.33
        1.04     0.999316       329966      1462.86
        1.05     0.999365       329981      1575.38
        1.05     0.999414       329996      1706.67
        1.07     0.999463       330017      1861.82
        1.08     0.999512       330031      2048.00
        1.09     0.999536       330042      2155.79
        1.09     0.999561       330053      2275.56
        1.09     0.999585       330053      2409.41
        1.10     0.999609       330064      2560.00
        1.12     0.999634       330072      2730.67
        1.13     0.999658       330076      2925.71
        1.14     0.999683       330091      3150.77
        1.15     0.999707       330100      3413.33
        1.15     0.999731       330100      3723.64
        1.18     0.999756       330115      4096.00
        1.18     0.999768       330115      4311.58
        1.18     0.999780       330120      4551.11
        1.18     0.999792       330120      4818.82
        1.19     0.999805       330125      5120.00
        1.21     0.999817       330133      5461.33
        1.21     0.999829       330133      5851.43
        1.22     0.999841       330136      6301.54
        1.24     0.999854       330145      6826.67
        1.24     0.999866       330145      7447.27
        1.25     0.999878       330149      8192.00
        1.26     0.999884       330150      8623.16
        1.28     0.999890       330152      9102.22
        1.29     0.999896       330157      9637.65
        1.29     0.999902       330157     10240.00
        1.30     0.999908       330158     10922.67
        1.33     0.999915       330160     11702.86
        1.35     0.999921       330162     12603.08
        1.42     0.999927       330164     13653.33
        2.77     0.999933       330166     14894.55
        3.06     0.999939       330168     16384.00
        3.09     0.999942       330169     17246.32
        3.10     0.999945       330170     18204.44
        3.15     0.999948       330172     19275.29
        3.15     0.999951       330172     20480.00
        3.17     0.999954       330174     21845.33
        3.17     0.999957       330174     23405.71
        3.18     0.999960       330175     25206.15
        3.20     0.999963       330176     27306.67
        3.68     0.999966       330177     29789.09
        3.74     0.999969       330178     32768.00
        3.79     0.999971       330179     34492.63
        3.79     0.999973       330179     36408.89
        4.06     0.999974       330180     38550.59
        4.06     0.999976       330180     40960.00
        4.09     0.999977       330181     43690.67
        4.09     0.999979       330181     46811.43
        4.16     0.999980       330184     50412.31
        4.16     0.999982       330184     54613.33
        4.16     0.999983       330184     59578.18
        4.16     0.999985       330184     65536.00
        4.16     0.999986       330184     68985.26
        4.16     0.999986       330184     72817.78
        4.16     0.999987       330184     77101.18
        4.16     0.999988       330184     81920.00
        4.29     0.999989       330185     87381.33
        4.29     0.999989       330185     93622.86
        4.29     0.999990       330185    100824.62
        4.29     0.999991       330185    109226.67
        5.02     0.999992       330186    119156.36
        5.02     0.999992       330186    131072.00
        5.02     0.999993       330186    137970.53
        5.02     0.999993       330186    145635.56
        5.02     0.999994       330186    154202.35
        5.02     0.999994       330186    163840.00
        5.12     0.999994       330188    174762.67
        5.12     1.000000       330188          inf
#[Mean    =        0.726, StdDeviation   =        0.076]
#[Max     =        5.119, Total count    =       330188]
#[Buckets =           20, SubBuckets     =          256]
