       Value   Percentile   TotalCount 1/(1-Percentile)

        0.21     0.000000            1         1.00
        0.57     0.050000        18762         1.05
        0.60     0.100000        35724         1.11
        0.61     0.150000        53775         1.18
        0.63     0.200000        77993         1.25
        0.64     0.250000        92446         1.33
        0.65     0.300000       108368         1.43
        0.66     0.350000       125730         1.54
        0.66     0.400000       144041         1.67
        0.67     0.450000       162856         1.82
        0.68     0.500000       181912         2.00
        0.69     0.525000       201083         2.11
        0.69     0.550000       201083         2.22
        0.69     0.575000       219667         2.35
        0.69     0.600000       219667         2.50
        0.70     0.625000       237100         2.67
        0.70     0.650000       237100         2.86
        0.71     0.675000       253224         3.08
        0.71     0.700000       253224         3.33
        0.72     0.725000       267703         3.64
        0.72     0.750000       267703         4.00
        0.73     0.762500       280710         4.21
        0.73     0.775000       280710         4.44
        0.73     0.787500       280710         4.71
        0.73     0.800000       292110         5.00
        0.73     0.812500       292110         5.33
        0.73     0.825000       292110         5.71
        0.74     0.837500       302014         6.15
        0.74     0.850000       302014         6.67
        0.75     0.862500       310541         7.27
        0.75     0.875000       310541         8.00
        0.76     0.881250       317876         8.42
        0.76     0.887500       317876         8.89
        0.76     0.893750       317876         9.41
        0.77     0.900000       324142        10.00
        0.77     0.906250       324142        10.67
        0.77     0.912500       324142        11.43
        0.78     0.918750       329422        12.31
        0.78     0.925000       329422        13.33
        0.78     0.931250       329422        14.55
        0.78     0.937500       333651        16.00
        0.78     0.940625       333651        16.84
        0.78     0.943750       333651        17.78
        0.79     0.946875       337266        18.82
        0.79     0.950000       337266        20.00
        0.79     0.953125       337266        21.33
        0.80     0.956250       340379        22.86
        0.80     0.959375       340379        24.62
        0.80     0.962500       340379        26.67
        0.81     0.965625       342815        29.09
        0.81     0.968750       342815        32.00
        0.81     0.970313       344790        33.68
        0.81     0.971875       344790        35.56
        0.81     0.973437       344790        37.65
        0.81     0.975000       344790        40.00
        0.82     0.976562       346407        42.67
        0.82     0.978125       346407        45.71
        0.82     0.979688       346407        49.23
        0.83     0.981250       347729        53.33
        0.83     0.982812       347729        58.18
        0.84     0.984375       348870        64.00
        0.84     0.985156       348870        67.37
        0.84     0.985938       348870        71.11
        0.84     0.986719       348870        75.29
        0.85     0.987500       349743        80.00
        0.85     0.988281       349743        85.33
        0.85     0.989062       349743        91.43
        0.85     0.989844       349743        98.46
        0.85     0.990625       350443       106.67
        0.85     0.991406       350443       116.36
        0.86     0.992188       351037       128.00
        0.86     0.992578       351037       134.74
        0.86     0.992969       351037       142.22
        0.86     0.993359       351037       150.59
        0.87     0.993750       351480       160.00
        0.87     0.994141       351480       170.67
        0.87     0.994531       351480       182.86
        0.88     0.994922       351818       196.92
        0.88     0.995313       351818       213.33
        0.88     0.995703       351818       232.73
        0.89     0.996094       352112       256.00
        0.89     0.996289       352112       269.47
        0.89     0.996484       352112       284.44
        0.90     0.996680       352345       301.18
        0.90     0.996875       352345       320.00
        0.90     0.997070       352345       341.33
        0.90     0.997266       352508       365.71
        0.90     0.997461       352508       393.85
        0.90     0.997656       352508       426.67
        0.91     0.997852       352638       465.45
        0.91     0.998047       352638       512.00
        0.92     0.998145       352749       538.95
        0.92     0.998242       352749       568.89
        0.92     0.998340       352749       602.35
        0.93     0.998437       352826       640.00
        0.93     0.998535       352826       682.67
        0.94     0.998633       352891       731.43
        0.94     0.998730       352891       787.69
        0.94     0.998828       352943       853.33
        0.95     0.998926       352986       930.91
        0.95     0.999023       352986      1024.00
        0.96     0.999072       353004      1077.89
        0.97     0.999121       353027      1137.78
        0.97     0.999170       353041      1204.71
        0.98     0.999219       353062      1280.00
        0.99     0.999268       353084      1365.33
        0.99     0.999316       353084      1462.86
        1.01     0.999365       353104      1575.38
        1.02     0.999414       353124      1706.67
        1.04     0.999463       353136      1861.82
        1.06     0.999512       353153      2048.00
        1.08     0.999536       353169      2155.79
        1.09     0.999561       353177      2275.56
        1.09     0.999585       353184      2409.41
        1.10     0.999609       353194      2560.00
        1.11     0.999634       353199      2730.67
        1.13     0.999658       353209      2925.71
        1.14     0.999683       353213      3150.77
        1.15     0.999707       353227      3413.33
        1.16     0.999731       353234      3723.64
        1.17     0.999756       353239      4096.00
        1.18     0.999768       353246      4311.58
        1.18     0.999780       353249      4551.11
        1.19     0.999792       353253      4818.82
        1.20     0.999805       353258      5120.00
        1.21     0.999817       353264      5461.33
        1.22     0.999829       353268      5851.43
        1.22     0.999841       353272      6301.54
        1.24     0.999854       353274      6826.67
        1.25     0.999866       353279      7447.27
        1.27     0.999878       353282      8192.00
        1.28     0.999884       353285      8623.16
        1.29     0.999890       353287      9102.22
        1.31     0.999896       353289      9637.65
        1.33     0.999902       353292     10240.00
        1.36     0.999908       353293     10922.67
        3.09     0.999915       353295     11702.86
        3.17     0.999921       353297     12603.08
        3.23     0.999927       353300     13653.33
        3.60     0.999933       353302     14894.55
        3.68     0.999939       353304     16384.00
        3.71     0.999942       353305     17246.32
        3.74     0.999945       353307     18204.44
        3.74     0.999948       353307     19275.29
        3.82     0.999951       353309     20480.00
        3.82     0.999954       353309     21845.33
        3.85     0.999957       353310     23405.71
        3.87     0.999960       353311     25206.15
        4.16     0.999963       353313     27306.67
        4.22     0.999966       353315     29789.09
        4.22     0.999969       353315     32768.00
        4.22     0.999971       353315     34492.63
        4.29     0.999973       353317     36408.89
        4.29     0.999974       353317     38550.59
        4.29     0.999976       353317     40960.00
        4.29     0.999977       353317     43690.67
        4.67     0.999979       353318     46811.43
        4.67     0.999980       353318     50412.31
        4.74     0.999982       353319     54613.33
        5.12     0.999983       353320     59578.18
        5.12     0.999985       353320     65536.00
        5.12     0.999986       353320     68985.26
        5.15     0.999986       353321     72817.78
        5.15     0.999987       353321     77101.18
        5.15     0.999988       353321     81920.00
        5.15     0.999989       353321     87381.33
        5.18     0.999989       353322     93622.86
        5.18     0.999990       353322    100824.62
        5.18     0.999991       353322    109226.67
        5.21     0.999992       353323    119156.36
        5.21     0.999992       353323    131072.00
        5.21     0.999993       353323    137970.53
        5.21     0.999993       353323    145635.56
        5.21     0.999994       353323    154202.35
        5.21     0.999994       353323    163840.00
        5.21     0.999994       353323    174762.67
        5.25     0.999995       353324    187245.71
        5.25     0.999995       353324    201649.23
        5.25     0.999995       353324    218453.33
        5.25     0.999996       353324    238312.73
        5.25     0.999996       353324    262144.00
        5.25     0.999996       353324    275941.05
        5.25     0.999997       353324    291271.11
        5.25     0.999997       353324    308404.71
        5.25     0.999997       353324    327680.00
        5.25     0.999997       353324    349525.33
        5.28     0.999997       353325    374491.43
        5.28     1.000000       353325          inf
#[Mean    =        0.678, StdDeviation   =        0.076]
#[Max     =        5.279, Total count    =       353325]
#[Buckets =           20, SubBuckets     =          256]
