       Value   Percentile   TotalCount 1/(1-Percentile)

        0.19     0.000000            1         1.00
        0.38     0.050000        21522         1.05
        0.40     0.100000        45083         1.11
        0.42     0.150000        64459         1.18
        0.46     0.200000        90036         1.25
        0.48     0.250000       112032         1.33
        0.49     0.300000       141371         1.43
        0.50     0.350000       155856         1.54
        0.52     0.400000       179249         1.67
        0.54     0.450000       196094         1.82
        0.56     0.500000       224190         2.00
        0.57     0.525000       237082         2.11
        0.57     0.550000       237082         2.22
        0.57     0.575000       251330         2.35
        0.58     0.600000       266381         2.50
        0.59     0.625000       281486         2.67
        0.59     0.650000       281486         2.86
        0.60     0.675000       296668         3.08
        0.61     0.700000       310711         3.33
        0.61     0.725000       323336         3.64
        0.61     0.750000       323336         4.00
        0.62     0.762500       334299         4.21
        0.62     0.775000       334299         4.44
        0.63     0.787500       342982         4.71
        0.64     0.800000       349743         5.00
        0.64     0.812500       349743         5.33
        0.65     0.825000       355132         5.71
        0.66     0.837500       361983         6.15
        0.68     0.850000       365768         6.67
        0.71     0.862500       370030         7.27
        0.75     0.875000       377438         8.00
        0.76     0.881250       380473         8.42
        0.77     0.887500       383988         8.89
        0.77     0.893750       383988         9.41
        0.78     0.900000       388220        10.00
        0.78     0.906250       392950        10.67
        0.78     0.912500       392950        11.43
        0.79     0.918750       397776        12.31
        0.79     0.925000       397776        13.33
        0.80     0.931250       402937        14.55
        0.80     0.937500       402937        16.00
        0.81     0.940625       407894        16.84
        0.81     0.943750       407894        17.78
        0.81     0.946875       407894        18.82
        0.81     0.950000       407894        20.00
        0.81     0.953125       412475        21.33
        0.81     0.956250       412475        22.86
        0.81     0.959375       412475        24.62
        0.82     0.962500       416511        26.67
        0.82     0.965625       416511        29.09
        0.82     0.968750       416511        32.00
        0.82     0.970313       416511        33.68
        0.83     0.971875       419720        35.56
        0.83     0.973437       419720        37.65
        0.83     0.975000       419720        40.00
        0.83     0.976562       419720        42.67
        0.83     0.978125       419720        45.71
        0.84     0.979688       422125        49.23
        0.84     0.981250       422125        53.33
        0.84     0.982812       422125        58.18
        0.84     0.984375       422125        64.00
        0.85     0.985156       423885        67.37
        0.85     0.985938       423885        71.11
        0.85     0.986719       423885        75.29
        0.85     0.987500       423885        80.00
        0.85     0.988281       423885        85.33
        0.85     0.989062       425084        91.43
        0.85     0.989844       425084        98.46
        0.85     0.990625       425084       106.67
        0.86     0.991406       425974       116.36
        0.86     0.992188       425974       128.00
        0.86     0.992578       425974       134.74
        0.86     0.992969       425974       142.22
        0.86     0.993359       425974       150.59
        0.87     0.993750       426526       160.00
        0.87     0.994141       426526       170.67
        0.87     0.994531       426526       182.86
        0.88     0.994922       426935       196.92
        0.88     0.995313       426935       213.33
        0.89     0.995703       427246       232.73
        0.89     0.996094       427246       256.00
        0.89     0.996289       427246       269.47
        0.90     0.996484       427486       284.44
        0.90     0.996680       427486       301.18
        0.90     0.996875       427486       320.00
        0.90     0.997070       427670       341.33
        0.90     0.997266       427670       365.71
        0.91     0.997461       427849       393.85
        0.91     0.997656       427849       426.67
        0.92     0.997852       427954       465.45
        0.93     0.998047       428063       512.00
        0.93     0.998145       428063       538.95
        0.93     0.998242       428063       568.89
        0.94     0.998340       428169       602.35
        0.94     0.998437       428169       640.00
        0.94     0.998535       428256       682.67
        0.94     0.998633       428256       731.43
        0.94     0.998730       428256       787.69
        0.95     0.998828       428333       853.33
        0.96     0.998926       428396       930.91
        0.96     0.999023       428396      1024.00
        0.97     0.999072       428445      1077.89
        0.97     0.999121       428445      1137.78
        0.97     0.999170       428445      1204.71
        0.97     0.999219       428490      1280.00
        0.97     0.999268       428490      1365.33
        0.98     0.999316       428536      1462.86
        0.98     0.999365       428536      1575.38
        0.99     0.999414       428569      1706.67
        0.99     0.999463       428569      1861.82
        1.00     0.999512       428596      2048.00
        1.01     0.999536       428624      2155.79
        1.01     0.999561       428624      2275.56
        1.01     0.999585       428624      2409.41
        1.01     0.999609       428633      2560.00
        1.02     0.999634       428645      2730.67
        1.03     0.999658       428655      2925.71
        1.04     0.999683       428670      3150.77
        1.05     0.999707       428677      3413.33
        1.05     0.999731       428684      3723.64
        1.07     0.999756       428696      4096.00
        1.08     0.999768       428700      4311.58
        1.09     0.999780       428706      4551.11
        1.10     0.999792       428711      4818.82
        1.12     0.999805       428717      5120.00
        1.14     0.999817       428721      5461.33
        1.18     0.999829       428726      5851.43
        1.20     0.999841       428733      6301.54
        1.27     0.999854       428737      6826.67
        1.42     0.999866       428742      7447.27
        2.11     0.999878       428747      8192.00
        2.22     0.999884       428750      8623.16
        2.33     0.999890       428752      9102.22
        2.59     0.999896       428755      9637.65
        3.42     0.999902       428758     10240.00
        3.46     0.999908       428760     10922.67
        3.50     0.999915       428764     11702.86
        3.52     0.999921       428766     12603.08
        3.54     0.999927       428771     13653.33
        3.54     0.999933       428771     14894.55
        3.57     0.999939       428773     16384.00
        3.74     0.999942       428775     17246.32
        3.76     0.999945       428778     18204.44
        3.76     0.999948       428778     19275.29
        3.82     0.999951       428780     20480.00
        3.82     0.999954       428780     21845.33
        3.92     0.999957       428781     23405.71
        3.94     0.999960       428782     25206.15
        3.98     0.999963       428784     27306.67
        4.05     0.999966       428785     29789.09
        4.06     0.999969       428787     32768.00
        4.06     0.999971       428787     34492.63
        4.16     0.999973       428788     36408.89
        4.16     0.999974       428788     38550.59
        4.19     0.999976       428789     40960.00
        4.29     0.999977       428791     43690.67
        4.29     0.999979       428791     46811.43
        4.29     0.999980       428791     50412.31
        5.76     0.999982       428792     54613.33
        5.76     0.999983       428792     59578.18
        5.86     0.999985       428793     65536.00
        5.86     0.999986       428793     68985.26
        5.89     0.999986       428794     72817.78
        5.89     0.999987       428794     77101.18
        5.89     0.999988       428794     81920.00
        5.92     0.999989       428796     87381.33
        5.92     0.999989       428796     93622.86
        5.92     0.999990       428796    100824.62
        5.92     0.999991       428796    109226.67
        5.92     0.999992       428796    119156.36
        5.92     0.999992       428796    131072.00
        5.92     0.999993       428796    137970.53
        5.95     0.999993       428797    145635.56
        5.95     0.999994       428797    154202.35
        5.95     0.999994       428797    163840.00
        5.95     0.999994       428797    174762.67
        5.95     0.999995       428797    187245.71
        5.95     0.999995       428797    201649.23
        6.11     0.999995       428798    218453.33
        6.11     0.999996       428798    238312.73
        6.11     0.999996       428798    262144.00
        6.11     0.999996       428798    275941.05
        6.11     0.999997       428798    291271.11
        6.11     0.999997       428798    308404.71
        6.11     0.999997       428798    327680.00
        6.11     0.999997       428798    349525.33
        6.11     0.999997       428798    374491.43
        6.11     0.999998       428798    403298.46
        6.17     0.999998       428799    436906.67
        6.17     1.000000       428799          inf
#[Mean    =        0.559, StdDeviation   =        0.130]
#[Max     =        6.175, Total count    =       428799]
#[Buckets =           20, SubBuckets     =          256]
