       Value   Percentile   TotalCount 1/(1-Percentile)

        0.19     0.000000            1         1.00
        0.30     0.050000        42175         1.05
        0.31     0.100000        60246         1.11
        0.36     0.150000        84697         1.18
        0.38     0.200000       111719         1.25
        0.39     0.250000       158249         1.33
        0.40     0.300000       182074         1.43
        0.41     0.350000       204756         1.54
        0.41     0.400000       221690         1.67
        0.44     0.450000       254665         1.82
        0.45     0.500000       276120         2.00
        0.46     0.525000       304174         2.11
        0.46     0.550000       304174         2.22
        0.46     0.575000       336206         2.35
        0.46     0.600000       336206         2.50
        0.46     0.625000       336206         2.67
        0.47     0.650000       369249         2.86
        0.47     0.675000       369249         3.08
        0.48     0.700000       401898         3.33
        0.48     0.725000       401898         3.64
        0.49     0.750000       429419         4.00
        0.49     0.762500       429419         4.21
        0.49     0.775000       429419         4.44
        0.49     0.787500       429419         4.71
        0.49     0.800000       447361         5.00
        0.49     0.812500       447361         5.33
        0.49     0.825000       447361         5.71
        0.50     0.837500       455719         6.15
        0.51     0.850000       458655         6.67
        0.61     0.862500       465853         7.27
        0.62     0.875000       471385         8.00
        0.63     0.881250       480727         8.42
        0.63     0.887500       480727         8.89
        0.63     0.893750       480727         9.41
        0.64     0.900000       493246        10.00
        0.64     0.906250       493246        10.67
        0.64     0.912500       493246        11.43
        0.65     0.918750       507283        12.31
        0.65     0.925000       507283        13.33
        0.65     0.931250       507283        14.55
        0.65     0.937500       507283        16.00
        0.65     0.940625       507283        16.84
        0.66     0.943750       519650        17.78
        0.66     0.946875       519650        18.82
        0.66     0.950000       519650        20.00
        0.66     0.953125       519650        21.33
        0.66     0.956250       519650        22.86
        0.66     0.959375       519650        24.62
        0.66     0.962500       519650        26.67
        0.66     0.965625       519650        29.09
        0.66     0.968750       528411        32.00
        0.66     0.970313       528411        33.68
        0.66     0.971875       528411        35.56
        0.66     0.973437       528411        37.65
        0.66     0.975000       528411        40.00
        0.66     0.976562       528411        42.67
        0.66     0.978125       528411        45.71
        0.66     0.979688       528411        49.23
        0.66     0.981250       528411        53.33
        0.67     0.982812       533603        58.18
        0.67     0.984375       533603        64.00
        0.67     0.985156       533603        67.37
        0.67     0.985938       533603        71.11
        0.67     0.986719       533603        75.29
        0.67     0.987500       533603        80.00
        0.67     0.988281       533603        85.33
        0.67     0.989062       533603        91.43
        0.67     0.989844       533603        98.46
        0.67     0.990625       533603       106.67
        0.67     0.991406       533603       116.36
        0.67     0.992188       533603       128.00
        0.68     0.992578       536050       134.74
        0.68     0.992969       536050       142.22
        0.68     0.993359       536050       150.59
        0.68     0.993750       536050       160.00
        0.68     0.994141       536050       170.67
        0.68     0.994531       536050       182.86
        0.68     0.994922       536050       196.92
        0.68     0.995313       536050       213.33
        0.68     0.995703       536050       232.73
        0.68     0.996094       536050       256.00
        0.68     0.996289       536050       269.47
        0.68     0.996484       536050       284.44
        0.68     0.996680       536050       301.18
        0.68     0.996875       536050       320.00
        0.69     0.997070       537043       341.33
        0.69     0.997266       537043       365.71
        0.69     0.997461       537043       393.85
        0.69     0.997656       537043       426.67
        0.69     0.997852       537043       465.45
        0.69     0.998047       537043       512.00
        0.69     0.998145       537043       538.95
        0.69     0.998242       537043       568.89
        0.69     0.998340       537043       602.35
        0.69     0.998437       537043       640.00
        0.69     0.998535       537043       682.67
        0.69     0.998633       537043       731.43
        0.69     0.998730       537043       787.69
        0.69     0.998828       537368       853.33
        0.69     0.998926       537368       930.91
        0.69     0.999023       537368      1024.00
        0.69     0.999072       537368      1077.89
        0.69     0.999121       537368      1137.78
        0.69     0.999170       537368      1204.71
        0.69     0.999219       537368      1280.00
        0.69     0.999268       537368      1365.33
        0.69     0.999316       537368      1462.86
        0.69     0.999365       537368      1575.38
        0.69     0.999414       537368      1706.67
        0.70     0.999463       537489      1861.82
        0.70     0.999512       537489      2048.00
        0.70     0.999536       537489      2155.79
        0.70     0.999561       537489      2275.56
        0.70     0.999585       537489      2409.41
        0.70     0.999609       537489      2560.00
        0.70     0.999634       537489      2730.67
        0.71     0.999658       537522      2925.71
        0.71     0.999683       537522      3150.77
        0.71     0.999707       537522      3413.33
        0.72     0.999731       537541      3723.64
        0.73     0.999756       537552      4096.00
        0.73     0.999768       537562      4311.58
        0.73     0.999780       537562      4551.11
        0.74     0.999792       537571      4818.82
        0.75     0.999805       537582      5120.00
        0.75     0.999817       537582      5461.33
        0.76     0.999829       537593      5851.43
        0.76     0.999841       537593      6301.54
        0.77     0.999854       537603      6826.67
        0.78     0.999866       537608      7447.27
        0.78     0.999878       537616      8192.00
        0.78     0.999884       537616      8623.16
        0.79     0.999890       537619      9102.22
        0.80     0.999896       537626      9637.65
        0.80     0.999902       537626     10240.00
        0.81     0.999908       537631     10922.67
        0.81     0.999915       537637     11702.86
        0.81     0.999921       537637     12603.08
        0.82     0.999927       537642     13653.33
        0.82     0.999933       537642     14894.55
        0.83     0.999939       537647     16384.00
        0.83     0.999942       537647     17246.32
        0.84     0.999945       537650     18204.44
        0.84     0.999948       537650     19275.29
        0.85     0.999951       537655     20480.00
        0.85     0.999954       537655     21845.33
        0.85     0.999957       537655     23405.71
        0.85     0.999960       537657     25206.15
        0.86     0.999963       537658     27306.67
        0.87     0.999966       537660     29789.09
        0.88     0.999969       537664     32768.00
        0.88     0.999971       537664     34492.63
        0.88     0.999973       537664     36408.89
        0.88     0.999974       537664     38550.59
        0.88     0.999976       537664     40960.00
        0.89     0.999977       537666     43690.67
        0.89     0.999979       537666     46811.43
        0.90     0.999980       537669     50412.31
        0.90     0.999982       537669     54613.33
        0.90     0.999983       537669     59578.18
        0.90     0.999985       537669     65536.00
        0.94     0.999986       537671     68985.26
        0.94     0.999986       537671     72817.78
        0.94     0.999987       537671     77101.18
        0.94     0.999988       537671     81920.00
        0.94     0.999989       537671     87381.33
        1.01     0.999989       537672     93622.86
        1.01     0.999990       537672    100824.62
        1.15     0.999991       537673    109226.67
        1.15     0.999992       537673    119156.36
        1.15     0.999992       537673    131072.00
        1.32     0.999993       537674    137970.53
        1.32     0.999993       537674    145635.56
        1.32     0.999994       537674    154202.35
        1.32     0.999994       537674    163840.00
        1.32     0.999994       537674    174762.67
        1.41     0.999995       537675    187245.71
        1.41     0.999995       537675    201649.23
        1.41     0.999995       537675    218453.33
        1.41     0.999996       537675    238312.73
        1.41     0.999996       537675    262144.00
        1.50     0.999996       537676    275941.05
        1.50     0.999997       537676    291271.11
        1.50     0.999997       537676    308404.71
        1.50     0.999997       537676    327680.00
        1.50     0.999997       537676    349525.33
        1.50     0.999997       537676    374491.43
        1.50     0.999998       537676    403298.46
        1.50     0.999998       537676    436906.67
        1.50     0.999998       537676    476625.45
        1.50     0.999998       537676    524288.00
        1.55     0.999998       537677    551882.11
        1.55     1.000000       537677          inf
#[Mean    =        0.446, StdDeviation   =        0.100]
#[Max     =        1.551, Total count    =       537677]
#[Buckets =           20, SubBuckets     =          256]
