       Value   Percentile   TotalCount 1/(1-Percentile)

        0.18     0.000000            1         1.00
        0.46     0.050000        22711         1.05
        0.48     0.100000        37241         1.11
        0.53     0.150000        54612         1.18
        0.57     0.200000        79374         1.25
        0.58     0.250000        99427         1.33
        0.59     0.300000       110832         1.43
        0.61     0.350000       131896         1.54
        0.62     0.400000       147582         1.67
        0.65     0.450000       163614         1.82
        0.67     0.500000       183916         2.00
        0.68     0.525000       193223         2.11
        0.69     0.550000       203654         2.22
        0.69     0.575000       214854         2.35
        0.69     0.600000       214854         2.50
        0.70     0.625000       226474         2.67
        0.71     0.650000       238198         2.86
        0.72     0.675000       249743         3.08
        0.73     0.700000       260626         3.33
        0.73     0.725000       260626         3.64
        0.73     0.750000       270429         4.00
        0.74     0.762500       279165         4.21
        0.74     0.775000       279165         4.44
        0.75     0.787500       286445         4.71
        0.75     0.800000       286445         5.00
        0.76     0.812500       292196         5.33
        0.77     0.825000       296598         5.71
        0.78     0.837500       299867         6.15
        0.80     0.850000       304817         6.67
        0.87     0.862500       309024         7.27
        0.90     0.875000       314604         8.00
        0.91     0.881250       317254         8.42
        0.92     0.887500       320330         8.89
        0.92     0.893750       320330         9.41
        0.93     0.900000       323815        10.00
        0.94     0.906250       327862        10.67
        0.94     0.912500       327862        11.43
        0.94     0.918750       331981        12.31
        0.94     0.925000       331981        13.33
        0.95     0.931250       336220        14.55
        0.95     0.937500       336220        16.00
        0.96     0.940625       340432        16.84
        0.96     0.943750       340432        17.78
        0.96     0.946875       340432        18.82
        0.96     0.950000       340432        20.00
        0.97     0.953125       344386        21.33
        0.97     0.956250       344386        22.86
        0.97     0.959375       344386        24.62
        0.97     0.962500       344386        26.67
        0.97     0.965625       347778        29.09
        0.97     0.968750       347778        32.00
        0.97     0.970313       347778        33.68
        0.97     0.971875       347778        35.56
        0.98     0.973437       350594        37.65
        0.98     0.975000       350594        40.00
        0.98     0.976562       350594        42.67
        0.98     0.978125       350594        45.71
        0.98     0.979688       350594        49.23
        0.99     0.981250       352773        53.33
        0.99     0.982812       352773        58.18
        0.99     0.984375       352773        64.00
        0.99     0.985156       352773        67.37
        0.99     0.985938       352773        71.11
        1.00     0.986719       354405        75.29
        1.00     0.987500       354405        80.00
        1.00     0.988281       354405        85.33
        1.00     0.989062       354405        91.43
        1.00     0.989844       354405        98.46
        1.00     0.990625       354405       106.67
        1.01     0.991406       355553       116.36
        1.01     0.992188       355553       128.00
        1.01     0.992578       355553       134.74
        1.01     0.992969       355553       142.22
        1.01     0.993359       355553       150.59
        1.01     0.993750       355553       160.00
        1.01     0.994141       356329       170.67
        1.01     0.994531       356329       182.86
        1.01     0.994922       356329       196.92
        1.01     0.995313       356329       213.33
        1.01     0.995703       356329       232.73
        1.01     0.996094       356329       256.00
        1.02     0.996289       356814       269.47
        1.02     0.996484       356814       284.44
        1.02     0.996680       356814       301.18
        1.02     0.996875       356814       320.00
        1.02     0.997070       356814       341.33
        1.02     0.997266       356814       365.71
        1.02     0.997461       356814       393.85
        1.03     0.997656       357126       426.67
        1.03     0.997852       357126       465.45
        1.03     0.998047       357126       512.00
        1.03     0.998145       357126       538.95
        1.03     0.998242       357126       568.89
        1.03     0.998340       357126       602.35
        1.03     0.998437       357126       640.00
        1.04     0.998535       357309       682.67
        1.04     0.998633       357309       731.43
        1.04     0.998730       357309       787.69
        1.04     0.998828       357309       853.33
        1.04     0.998926       357309       930.91
        1.05     0.999023       357432      1024.00
        1.05     0.999072       357432      1077.89
        1.05     0.999121       357432      1137.78
        1.05     0.999170       357432      1204.71
        1.05     0.999219       357432      1280.00
        1.05     0.999268       357432      1365.33
        1.05     0.999316       357432      1462.86
        1.05     0.999365       357494      1575.38
        1.05     0.999414       357494      1706.67
        1.05     0.999463       357494      1861.82
        1.05     0.999512       357494      2048.00
        1.06     0.999536       357532      2155.79
        1.06     0.999561       357532      2275.56
        1.06     0.999585       357532      2409.41
        1.06     0.999609       357532      2560.00
        1.06     0.999634       357532      2730.67
        1.07     0.999658       357551      2925.71
        1.07     0.999683       357551      3150.77
        1.08     0.999707       357565      3413.33
        1.09     0.999731       357575      3723.64
        1.09     0.999756       357575      4096.00
        1.09     0.999768       357581      4311.58
        1.10     0.999780       357586      4551.11
        1.11     0.999792       357590      4818.82
        1.12     0.999805       357593      5120.00
        1.13     0.999817       357598      5461.33
        1.14     0.999829       357603      5851.43
        1.15     0.999841       357608      6301.54
        1.16     0.999854       357615      6826.67
        1.16     0.999866       357615      7447.27
        1.18     0.999878       357620      8192.00
        1.18     0.999884       357622      8623.16
        1.19     0.999890       357625      9102.22
        1.19     0.999896       357625      9637.65
        1.21     0.999902       357629     10240.00
        1.22     0.999908       357635     10922.67
        1.22     0.999915       357635     11702.86
        1.22     0.999921       357635     12603.08
        1.24     0.999927       357640     13653.33
        1.24     0.999933       357640     14894.55
        1.26     0.999939       357642     16384.00
        1.26     0.999942       357642     17246.32
        1.28     0.999945       357643     18204.44
        1.29     0.999948       357644     19275.29
        1.30     0.999951       357645     20480.00
        1.31     0.999954       357647     21845.33
        1.31     0.999957       357647     23405.71
        1.33     0.999960       357648     25206.15
        1.34     0.999963       357651     27306.67
        1.34     0.999966       357651     29789.09
        1.39     0.999969       357653     32768.00
        1.39     0.999971       357653     34492.63
        1.39     0.999973       357653     36408.89
        1.39     0.999974       357653     38550.59
        1.40     0.999976       357654     40960.00
        1.40     0.999977       357654     43690.67
        1.46     0.999979       357655     46811.43
        1.46     0.999980       357655     50412.31
        1.56     0.999982       357656     54613.33
        1.56     0.999983       357656     59578.18
        1.57     0.999985       357657     65536.00
        1.57     0.999986       357657     68985.26
        1.61     0.999986       357658     72817.78
        1.61     0.999987       357658     77101.18
        1.61     0.999988       357658     81920.00
        1.61     0.999989       357658     87381.33
        1.65     0.999989       357659     93622.86
        1.65     0.999990       357659    100824.62
        1.65     0.999991       357659    109226.67
        1.65     0.999992       357659    119156.36
        1.70     0.999992       357661    131072.00
        1.70     0.999993       357661    137970.53
        1.70     0.999993       357661    145635.56
        1.70     0.999994       357661    154202.35
        1.70     0.999994       357661    163840.00
        1.70     0.999994       357661    174762.67
        1.70     0.999995       357661    187245.71
        1.70     0.999995       357661    201649.23
        1.70     0.999995       357661    218453.33
        1.70     0.999996       357661    238312.73
        1.70     0.999996       357661    262144.00
        1.70     0.999996       357661    275941.05
        1.70     0.999997       357661    291271.11
        1.70     0.999997       357661    308404.71
        1.70     0.999997       357661    327680.00
        1.70     0.999997       357661    349525.33
        1.84     0.999997       357662    374491.43
        1.84     1.000000       357662          inf
#[Mean    =        0.670, StdDeviation   =        0.145]
#[Max     =        1.839, Total count    =       357662]
#[Buckets =           20, SubBuckets     =          256]
