       Value   Percentile   TotalCount 1/(1-Percentile)

        0.06     0.000000           10         1.00
        0.16     0.050000      1776850         1.05
        0.29     0.100000      3069420         1.11
        0.46     0.150000      4548900         1.18
        0.56     0.200000      6079980         1.25
        0.59     0.250000      8744450         1.33
        0.60     0.300000     11601090         1.43
        0.60     0.350000     11601090         1.54
        0.61     0.400000     15028360         1.67
        0.61     0.450000     15028360         1.82
        0.61     0.500000     15028360         2.00
        0.61     0.525000     17469440         2.11
        0.61     0.550000     17469440         2.22
        0.61     0.575000     17469440         2.35
        0.62     0.600000     19225100         2.50
        0.62     0.625000     19225100         2.67
        0.63     0.650000     20547150         2.86
        0.63     0.675000     20547150         3.08
        0.64     0.700000     21562930         3.33
        0.65     0.725000     22426730         3.64
        0.65     0.750000     22426730         4.00
        0.66     0.762500     23196410         4.21
        0.66     0.775000     23196410         4.44
        0.66     0.787500     23855540         4.71
        0.66     0.800000     23855540         5.00
        0.67     0.812500     24398280         5.33
        0.68     0.825000     24825520         5.71
        0.69     0.837500     25140670         6.15
        0.69     0.850000     25368230         6.67
        0.72     0.862500     25730510         7.27
        0.75     0.875000     26129560         8.00
        0.76     0.881250     26287600         8.42
        0.78     0.887500     26512350         8.89
        0.79     0.893750     26679780         9.41
        0.81     0.900000     26824080        10.00
        0.83     0.906250     27046550        10.67
        0.85     0.912500     27202440        11.43
        0.86     0.918750     27366360        12.31
        0.88     0.925000     27546020        13.33
        0.90     0.931250     27746270        14.55
        0.91     0.937500     27977460        16.00
        0.92     0.940625     28100070        16.84
        0.92     0.943750     28100070        17.78
        0.93     0.946875     28226260        18.82
        0.94     0.950000     28353450        20.00
        0.94     0.953125     28476600        21.33
        0.94     0.956250     28476600        22.86
        0.95     0.959375     28593200        24.62
        0.96     0.962500     28710980        26.67
        0.97     0.965625     28819680        29.09
        0.97     0.968750     28916930        32.00
        0.97     0.970313     28916930        33.68
        0.98     0.971875     29005980        35.56
        0.98     0.973437     29005980        37.65
        0.99     0.975000     29081380        40.00
        0.99     0.976562     29081380        42.67
        1.00     0.978125     29142760        45.71
        1.01     0.979688     29194510        49.23
        1.01     0.981250     29237860        53.33
        1.02     0.982812     29272640        58.18
        1.03     0.984375     29299520        64.00
        1.05     0.985156     29339250        67.37
        1.05     0.985938     29354330        71.11
        1.07     0.986719     29375920        75.29
        1.09     0.987500     29392040        80.00
        1.12     0.988281     29416690        85.33
        1.16     0.989062     29440260        91.43
        1.21     0.989844     29462580        98.46
        1.27     0.990625     29486320       106.67
        1.37     0.991406     29509560       116.36
        1.47     0.992188     29531730       128.00
        1.54     0.992578     29543860       134.74
        1.61     0.992969     29554980       142.22
        1.71     0.993359     29567230       150.59
        1.88     0.993750     29578050       160.00
        2.11     0.994141     29589980       170.67
        2.38     0.994531     29601320       182.86
        2.75     0.994922     29612900       196.92
        3.15     0.995313     29624690       213.33
        3.92     0.995703     29636370       232.73
        4.89     0.996094     29648100       256.00
        5.41     0.996289     29653620       269.47
        6.05     0.996484     29659580       284.44
        6.59     0.996680     29665320       301.18
        6.91     0.996875     29671050       320.00
        7.26     0.997070     29676980       341.33
        7.65     0.997266     29683400       365.71
        8.00     0.997461     29688890       393.85
        8.45     0.997656     29695030       426.67
        8.89     0.997852     29700310       465.45
        9.41     0.998047     29705920       512.00
        9.66     0.998145     29709060       538.95
        9.92     0.998242     29711920       568.89
       10.49     0.998340     29714850       602.35
       11.39     0.998437     29717660       640.00
       12.41     0.998535     29720710       682.67
       13.63     0.998633     29723420       731.43
       14.72     0.998730     29726480       787.69
       15.62     0.998828     29729190       853.33
       16.25     0.998926     29732090       930.91
       16.77     0.999023     29735100      1024.00
       17.28     0.999072     29736760      1077.89
       17.92     0.999121     29737990      1137.78
       18.56     0.999170     29739390      1204.71
       19.20     0.999219     29740890      1280.00
       19.84     0.999268     29742260      1365.33
       20.22     0.999316     29743720      1462.86
       20.48     0.999365     29745250      1575.38
       21.25     0.999414     29746710      1706.67
       22.14     0.999463     29748210      1861.82
       23.17     0.999512     29749500      2048.00
       24.19     0.999536     29753220      2155.79
       24.19     0.999561     29753220      2275.56
       24.19     0.999585     29753220      2409.41
       24.19     0.999609     29753220      2560.00
       24.19     0.999634     29753220      2730.67
       24.32     0.999658     29755050      2925.71
       24.32     0.999683     29755050      3150.77
       24.45     0.999707     29756120      3413.33
       24.45     0.999731     29756120      3723.64
       24.70     0.999756     29756950      4096.00
       24.83     0.999768     29757130      4311.58
       25.21     0.999780     29757690      4551.11
       25.47     0.999792     29757960      4818.82
       25.86     0.999805     29758290      5120.00
       26.37     0.999817     29758640      5461.33
       26.88     0.999829     29758940      5851.43
       27.52     0.999841     29759370      6301.54
       28.03     0.999854     29759730      6826.67
       28.16     0.999866     29760330      7447.27
       28.29     0.999878     29761140      8192.00
       28.29     0.999884     29761140      8623.16
       28.29     0.999890     29761140      9102.22
       28.29     0.999896     29761140      9637.65
       28.29     0.999902     29761140     10240.00
       28.41     0.999908     29761430     10922.67
       28.54     0.999915     29761590     11702.86
       28.67     0.999921     29761850     12603.08
       28.67     0.999927     29761850     13653.33
       29.18     0.999933     29762080     14894.55
       30.46     0.999939     29762320     16384.00
       30.46     0.999942     29762320     17246.32
       30.72     0.999945     29762430     18204.44
       30.85     0.999948     29762520     19275.29
       31.74     0.999951     29762600     20480.00
       32.13     0.999954     29762790     21845.33
       32.13     0.999957     29762790     23405.71
       32.26     0.999960     29763430     25206.15
       32.26     0.999963     29763430     27306.67
       32.26     0.999966     29763430     29789.09
       32.26     0.999969     29763430     32768.00
       32.26     0.999971     29763430     34492.63
       32.26     0.999973     29763430     36408.89
       32.26     0.999974     29763430     38550.59
       32.26     0.999976     29763430     40960.00
       32.26     0.999977     29763430     43690.67
       32.26     0.999979     29763430     46811.43
       32.26     0.999980     29763430     50412.31
       32.38     0.999982     29763480     54613.33
       32.51     0.999983     29763710     59578.18
       32.51     0.999985     29763710     65536.00
       32.51     0.999986     29763710     68985.26
       32.51     0.999986     29763710     72817.78
       32.51     0.999987     29763710     77101.18
       32.51     0.999988     29763710     81920.00
       32.51     0.999989     29763710     87381.33
       32.51     0.999989     29763710     93622.86
       32.64     0.999990     29763780    100824.62
       32.64     0.999991     29763780    109226.67
       32.64     0.999992     29763780    119156.36
       36.09     0.999992     29763800    131072.00
       36.35     0.999993     29763880    137970.53
       36.35     0.999993     29763880    145635.56
       36.35     0.999994     29763880    154202.35
       36.35     0.999994     29763880    163840.00
       36.35     0.999994     29763880    174762.67
       36.35     0.999995     29763880    187245.71
       36.35     0.999995     29763880    201649.23
       36.61     0.999995     29763940    218453.33
       36.61     0.999996     29763940    238312.73
       36.61     0.999996     29763940    262144.00
       36.61     0.999996     29763940    275941.05
       36.61     0.999997     29763940    291271.11
       36.61     0.999997     29763940    308404.71
       36.61     0.999997     29763940    327680.00
       36.61     0.999997     29763940    349525.33
       36.86     0.999997     29764020    374491.43
       36.86     1.000000     29764020          inf
#[Mean    =        0.643, StdDeviation   =        0.890]
#[Max     =       36.863, Total count    =     29764020]
#[Buckets =           20, SubBuckets     =          256]
