       Value   Percentile   TotalCount 1/(1-Percentile)

        0.06     0.000000           10         1.00
        0.14     0.050000      2124500         1.05
        0.17     0.100000      3403250         1.11
        0.41     0.150000      5332090         1.18
        0.46     0.200000      6731350         1.25
        0.51     0.250000      8625910         1.33
        0.54     0.300000     10308150         1.43
        0.55     0.350000     14164870         1.54
        0.55     0.400000     14164870         1.67
        0.56     0.450000     19521190         1.82
        0.56     0.500000     19521190         2.00
        0.56     0.525000     19521190         2.11
        0.56     0.550000     19521190         2.22
        0.56     0.575000     19521190         2.35
        0.57     0.600000     22939240         2.50
        0.57     0.625000     22939240         2.67
        0.57     0.650000     22939240         2.86
        0.57     0.675000     22939240         3.08
        0.57     0.700000     24533690         3.33
        0.57     0.725000     24533690         3.64
        0.58     0.750000     25514830         4.00
        0.58     0.762500     25514830         4.21
        0.58     0.775000     25514830         4.44
        0.59     0.787500     26112620         4.71
        0.60     0.800000     26518760         5.00
        0.61     0.812500     26822600         5.33
        0.62     0.825000     27229700         5.71
        0.65     0.837500     27658070         6.15
        0.66     0.850000     27949540         6.67
        0.69     0.862500     28495300         7.27
        0.69     0.875000     28769480         8.00
        0.70     0.881250     29035980         8.42
        0.71     0.887500     29235230         8.89
        0.72     0.893750     29406110         9.41
        0.73     0.900000     29582660        10.00
        0.74     0.906250     29965100        10.67
        0.75     0.912500     30145800        11.43
        0.76     0.918750     30320300        12.31
        0.77     0.925000     30490170        13.33
        0.78     0.931250     30653480        14.55
        0.78     0.937500     30811060        16.00
        0.79     0.940625     30961870        16.84
        0.80     0.943750     31104860        17.78
        0.81     0.946875     31247650        18.82
        0.81     0.950000     31247650        20.00
        0.81     0.953125     31384560        21.33
        0.82     0.956250     31519160        22.86
        0.83     0.959375     31650480        24.62
        0.83     0.962500     31650480        26.67
        0.84     0.965625     31777910        29.09
        0.85     0.968750     31888990        32.00
        0.85     0.970313     31888990        33.68
        0.85     0.971875     31988830        35.56
        0.86     0.973437     32075810        37.65
        0.86     0.975000     32075810        40.00
        0.87     0.976562     32148520        42.67
        0.87     0.978125     32148520        45.71
        0.88     0.979688     32212990        49.23
        0.89     0.981250     32266740        53.33
        0.90     0.982812     32311510        58.18
        0.91     0.984375     32377550        64.00
        0.91     0.985156     32377550        67.37
        0.93     0.985938     32417450        71.11
        0.94     0.986719     32431590        75.29
        0.95     0.987500     32454180        80.00
        0.97     0.988281     32479360        85.33
        1.01     0.989062     32508810        91.43
        1.05     0.989844     32529840        98.46
        1.10     0.990625     32555910       106.67
        1.19     0.991406     32582150       116.36
        1.29     0.992188     32608340       128.00
        1.33     0.992578     32620140       134.74
        1.40     0.992969     32634050       142.22
        1.47     0.993359     32646660       150.59
        1.56     0.993750     32658490       160.00
        1.70     0.994141     32671500       170.67
        1.98     0.994531     32683960       182.86
        2.33     0.994922     32697190       196.92
        2.72     0.995313     32709560       213.33
        3.47     0.995703     32722420       232.73
        4.93     0.996094     32735240       256.00
        6.01     0.996289     32741670       269.47
        6.59     0.996484     32748310       284.44
        7.01     0.996680     32754550       301.18
        7.42     0.996875     32761340       320.00
        7.74     0.997070     32767700       341.33
        8.10     0.997266     32773730       365.71
        8.38     0.997461     32780360       393.85
        8.83     0.997656     32787030       426.67
        9.41     0.997852     32793010       465.45
       10.24     0.998047     32799780       512.00
       11.20     0.998145     32802670       538.95
       12.22     0.998242     32805890       568.89
       13.31     0.998340     32809150       602.35
       14.59     0.998437     32812270       640.00
       15.81     0.998535     32815640       682.67
       16.32     0.998633     32819150       731.43
       16.64     0.998730     32821870       787.69
       17.92     0.998828     32825250       853.33
       19.20     0.998926     32828550       930.91
       20.22     0.999023     32832550      1024.00
       20.35     0.999072     32833190      1077.89
       20.73     0.999121     32834840      1137.78
       21.38     0.999170     32836380      1204.71
       22.53     0.999219     32837970      1280.00
       23.17     0.999268     32839560      1365.33
       24.19     0.999316     32850340      1462.86
       24.19     0.999365     32850340      1575.38
       24.19     0.999414     32850340      1706.67
       24.19     0.999463     32850340      1861.82
       24.19     0.999512     32850340      2048.00
       24.19     0.999536     32850340      2155.79
       24.19     0.999561     32850340      2275.56
       24.19     0.999585     32850340      2409.41
       24.32     0.999609     32852050      2560.00
       24.32     0.999634     32852050      2730.67
       24.45     0.999658     32852950      2925.71
       24.57     0.999683     32853350      3150.77
       24.96     0.999707     32854050      3413.33
       25.60     0.999731     32854900      3723.64
       26.37     0.999756     32855620      4096.00
       26.75     0.999768     32856010      4311.58
       27.26     0.999780     32856680      4551.11
       27.52     0.999792     32856860      4818.82
       28.03     0.999805     32857230      5120.00
       28.16     0.999817     32858200      5461.33
       28.16     0.999829     32858200      5851.43
       28.29     0.999841     32859120      6301.54
       28.29     0.999854     32859120      6826.67
       28.41     0.999866     32859710      7447.27
       28.41     0.999878     32859710      8192.00
       28.54     0.999884     32859980      8623.16
       28.54     0.999890     32859980      9102.22
       28.67     0.999896     32860220      9637.65
       28.93     0.999902     32860400     10240.00
       29.82     0.999908     32860620     10922.67
       30.59     0.999915     32860840     11702.86
       30.98     0.999921     32860990     12603.08
       32.13     0.999927     32861420     13653.33
       32.13     0.999933     32861420     14894.55
       32.26     0.999939     32862150     16384.00
       32.26     0.999942     32862150     17246.32
       32.26     0.999945     32862150     18204.44
       32.26     0.999948     32862150     19275.29
       32.26     0.999951     32862150     20480.00
       32.26     0.999954     32862150     21845.33
       32.38     0.999957     32862520     23405.71
       32.38     0.999960     32862520     25206.15
       32.38     0.999963     32862520     27306.67
       32.38     0.999966     32862520     29789.09
       32.51     0.999969     32862690     32768.00
       32.51     0.999971     32862690     34492.63
       32.51     0.999973     32862690     36408.89
       32.77     0.999974     32862770     38550.59
       33.02     0.999976     32862800     40960.00
       33.28     0.999977     32862870     43690.67
       33.53     0.999979     32862960     46811.43
       33.53     0.999980     32862960     50412.31
       33.79     0.999982     32862990     54613.33
       34.05     0.999983     32863040     59578.18
       35.58     0.999985     32863120     65536.00
       35.58     0.999986     32863120     68985.26
       36.35     0.999986     32863230     72817.78
       36.35     0.999987     32863230     77101.18
       36.35     0.999988     32863230     81920.00
       36.35     0.999989     32863230     87381.33
       36.61     0.999989     32863280     93622.86
       36.61     0.999990     32863280    100824.62
       40.19     0.999991     32863360    109226.67
       40.19     0.999992     32863360    119156.36
       40.19     0.999992     32863360    131072.00
       40.19     0.999993     32863360    137970.53
       40.45     0.999993     32863470    145635.56
       40.45     0.999994     32863470    154202.35
       40.45     0.999994     32863470    163840.00
       40.45     0.999994     32863470    174762.67
       40.45     0.999995     32863470    187245.71
       40.45     0.999995     32863470    201649.23
       40.45     0.999995     32863470    218453.33
       40.45     0.999996     32863470    238312.73
       40.45     0.999996     32863470    262144.00
       40.70     0.999996     32863510    275941.05
       40.70     0.999997     32863510    291271.11
       40.70     0.999997     32863510    308404.71
       40.70     0.999997     32863510    327680.00
       40.70     0.999997     32863510    349525.33
       40.70     0.999997     32863510    374491.43
       40.70     0.999998     32863510    403298.46
       44.29     0.999998     32863590    436906.67
       44.29     1.000000     32863590          inf
#[Mean    =        0.582, StdDeviation   =        0.978]
#[Max     =       44.287, Total count    =     32863590]
#[Buckets =           20, SubBuckets     =          256]
