       Value   Percentile   TotalCount 1/(1-Percentile)

        0.06     0.000000            5         1.00
        0.14     0.050000       948415         1.05
        0.18     0.100000      1657355         1.11
        0.42     0.150000      2542520         1.18
        0.49     0.200000      3266050         1.25
        0.52     0.250000      4052295         1.33
        0.54     0.300000      5045410         1.43
        0.55     0.350000      5767605         1.54
        0.56     0.400000      7675345         1.67
        0.56     0.450000      7675345         1.82
        0.57     0.500000      9638910         2.00
        0.57     0.525000      9638910         2.11
        0.57     0.550000      9638910         2.22
        0.57     0.575000      9638910         2.35
        0.57     0.600000      9638910         2.50
        0.57     0.625000     10797235         2.67
        0.57     0.650000     10797235         2.86
        0.58     0.675000     11493275         3.08
        0.58     0.700000     11493275         3.33
        0.59     0.725000     11976825         3.64
        0.60     0.750000     12329970         4.00
        0.60     0.762500     12329970         4.21
        0.61     0.775000     12597865         4.44
        0.61     0.787500     12801935         4.71
        0.62     0.800000     12947825         5.00
        0.63     0.812500     13058435         5.33
        0.66     0.825000     13269160         5.71
        0.68     0.837500     13467945         6.15
        0.70     0.850000     13758815         6.67
        0.71     0.862500     13864255         7.27
        0.73     0.875000     14107425         8.00
        0.74     0.881250     14195180         8.42
        0.75     0.887500     14284985         8.89
        0.76     0.893750     14375120         9.41
        0.77     0.900000     14466345        10.00
        0.78     0.906250     14557385        10.67
        0.79     0.912500     14734030        11.43
        0.80     0.918750     14822795        12.31
        0.81     0.925000     14910060        13.33
        0.81     0.931250     14998050        14.55
        0.82     0.937500     15084395        16.00
        0.83     0.940625     15170015        16.84
        0.83     0.943750     15170015        17.78
        0.84     0.946875     15258980        18.82
        0.84     0.950000     15258980        20.00
        0.85     0.953125     15345030        21.33
        0.85     0.956250     15422970        22.86
        0.85     0.959375     15422970        24.62
        0.86     0.962500     15493920        26.67
        0.87     0.965625     15559660        29.09
        0.87     0.968750     15559660        32.00
        0.88     0.970313     15618460        33.68
        0.88     0.971875     15618460        35.56
        0.89     0.973437     15666920        37.65
        0.89     0.975000     15666920        40.00
        0.90     0.976562     15709565        42.67
        0.90     0.978125     15709565        45.71
        0.90     0.979688     15745485        49.23
        0.91     0.981250     15773740        53.33
        0.92     0.982812     15796145        58.18
        0.93     0.984375     15814535        64.00
        0.94     0.985156     15828605        67.37
        0.94     0.985938     15839340        71.11
        0.95     0.986719     15848630        75.29
        0.97     0.987500     15861615        80.00
        0.98     0.988281     15871280        85.33
        1.01     0.989062     15882605        91.43
        1.04     0.989844     15895070        98.46
        1.08     0.990625     15907080       106.67
        1.14     0.991406     15919515       116.36
        1.22     0.992188     15931745       128.00
        1.27     0.992578     15938010       134.74
        1.33     0.992969     15944085       142.22
        1.40     0.993359     15950290       150.59
        1.50     0.993750     15956580       160.00
        1.60     0.994141     15962985       170.67
        1.83     0.994531     15969205       182.86
        2.16     0.994922     15975415       196.92
        2.77     0.995313     15981640       213.33
        3.68     0.995703     15987895       232.73
        4.77     0.996094     15994180       256.00
        5.70     0.996289     15997325       269.47
        6.33     0.996484     16000460       284.44
        6.75     0.996680     16003720       301.18
        7.10     0.996875     16006745       320.00
        7.49     0.997070     16010130       341.33
        7.81     0.997266     16013185       365.71
        8.19     0.997461     16016230       393.85
        8.51     0.997656     16019655       426.67
        9.21     0.997852     16022555       465.45
        9.98     0.998047     16025700       512.00
       10.43     0.998145     16027225       538.95
       11.52     0.998242     16028690       568.89
       12.54     0.998340     16030290       602.35
       13.82     0.998437     16031900       640.00
       14.78     0.998535     16033545       682.67
       15.68     0.998633     16035060       731.43
       16.32     0.998730     16036650       787.69
       16.77     0.998828     16038105       853.33
       18.05     0.998926     16039800       930.91
       19.58     0.999023     16041270      1024.00
       20.22     0.999072     16042640      1077.89
       20.35     0.999121     16043005      1137.78
       20.61     0.999170     16043830      1204.71
       21.12     0.999219     16044415      1280.00
       22.14     0.999268     16045135      1365.33
       23.42     0.999316     16046005      1462.86
       24.19     0.999365     16050670      1575.38
       24.19     0.999414     16050670      1706.67
       24.19     0.999463     16050670      1861.82
       24.19     0.999512     16050670      2048.00
       24.19     0.999536     16050670      2155.79
       24.19     0.999561     16050670      2275.56
       24.19     0.999585     16050670      2409.41
       24.19     0.999609     16050670      2560.00
       24.32     0.999634     16051640      2730.67
       24.32     0.999658     16051640      2925.71
       24.45     0.999683     16052310      3150.77
       24.45     0.999707     16052310      3413.33
       24.57     0.999731     16052635      3723.64
       25.21     0.999756     16053000      4096.00
       25.47     0.999768     16053180      4311.58
       25.86     0.999780     16053400      4551.11
       26.37     0.999792     16053560      4818.82
       26.75     0.999805     16053835      5120.00
       27.26     0.999817     16053975      5461.33
       27.65     0.999829     16054170      5851.43
       28.16     0.999841     16054735      6301.54
       28.16     0.999854     16054735      6826.67
       28.16     0.999866     16054735      7447.27
       28.29     0.999878     16055270      8192.00
       28.29     0.999884     16055270      8623.16
       28.29     0.999890     16055270      9102.22
       28.29     0.999896     16055270      9637.65
       28.41     0.999902     16055425     10240.00
       28.41     0.999908     16055425     10922.67
       28.67     0.999915     16055530     11702.86
       28.80     0.999921     16055625     12603.08
       29.31     0.999927     16055715     13653.33
       29.82     0.999933     16055810     14894.55
       30.98     0.999939     16055915     16384.00
       31.74     0.999942     16055970     17246.32
       31.87     0.999945     16056010     18204.44
       32.13     0.999948     16056095     19275.29
       32.26     0.999951     16056335     20480.00
       32.26     0.999954     16056335     21845.33
       32.26     0.999957     16056335     23405.71
       32.26     0.999960     16056335     25206.15
       32.26     0.999963     16056335     27306.67
       32.38     0.999966     16056400     29789.09
       32.38     0.999969     16056400     32768.00
       33.02     0.999971     16056470     34492.63
       33.02     0.999973     16056470     36408.89
       33.02     0.999974     16056470     38550.59
       34.05     0.999976     16056510     40960.00
       35.07     0.999977     16056550     43690.67
       35.07     0.999979     16056550     46811.43
       36.09     0.999980     16056585     50412.31
       36.35     0.999982     16056700     54613.33
       36.35     0.999983     16056700     59578.18
       36.35     0.999985     16056700     65536.00
       36.35     0.999986     16056700     68985.26
       36.35     0.999986     16056700     72817.78
       36.35     0.999987     16056700     77101.18
       36.35     0.999988     16056700     81920.00
       36.61     0.999989     16056725     87381.33
       36.61     0.999989     16056725     93622.86
       37.12     0.999990     16056750    100824.62
       37.12     0.999991     16056750    109226.67
       37.38     0.999992     16056765    119156.36
       37.38     0.999992     16056765    131072.00
       40.19     0.999993     16056790    137970.53
       40.19     0.999993     16056790    145635.56
       40.19     0.999994     16056790    154202.35
       40.19     0.999994     16056790    163840.00
       40.45     0.999994     16056825    174762.67
       40.45     0.999995     16056825    187245.71
       40.45     0.999995     16056825    201649.23
       40.45     0.999995     16056825    218453.33
       40.45     0.999996     16056825    238312.73
       40.45     0.999996     16056825    262144.00
       40.70     0.999996     16056840    275941.05
       40.70     0.999997     16056840    291271.11
       40.70     0.999997     16056840    308404.71
       40.70     0.999997     16056840    327680.00
       40.70     0.999997     16056840    349525.33
       40.96     0.999997     16056845    374491.43
       45.31     0.999998     16056885    403298.46
       45.31     1.000000     16056885          inf
#[Mean    =        0.596, StdDeviation   =        0.951]
#[Max     =       45.311, Total count    =     16056885]
#[Buckets =           20, SubBuckets     =          256]
