       Value   Percentile   TotalCount 1/(1-Percentile)

        0.06     0.000000           10         1.00
        0.14     0.050000      1896830         1.05
        0.18     0.100000      3314710         1.11
        0.42     0.150000      5085040         1.18
        0.49     0.200000      6532100         1.25
        0.52     0.250000      8104590         1.33
        0.54     0.300000     10090820         1.43
        0.55     0.350000     11535210         1.54
        0.56     0.400000     15350690         1.67
        0.56     0.450000     15350690         1.82
        0.57     0.500000     19277820         2.00
        0.57     0.525000     19277820         2.11
        0.57     0.550000     19277820         2.22
        0.57     0.575000     19277820         2.35
        0.57     0.600000     19277820         2.50
        0.57     0.625000     21594470         2.67
        0.57     0.650000     21594470         2.86
        0.58     0.675000     22986550         3.08
        0.58     0.700000     22986550         3.33
        0.59     0.725000     23953650         3.64
        0.60     0.750000     24659940         4.00
        0.60     0.762500     24659940         4.21
        0.61     0.775000     25195730         4.44
        0.61     0.787500     25603870         4.71
        0.62     0.800000     25895650         5.00
        0.63     0.812500     26116870         5.33
        0.66     0.825000     26538320         5.71
        0.68     0.837500     26935890         6.15
        0.70     0.850000     27517630         6.67
        0.71     0.862500     27728510         7.27
        0.73     0.875000     28214850         8.00
        0.74     0.881250     28390360         8.42
        0.75     0.887500     28569970         8.89
        0.76     0.893750     28750240         9.41
        0.77     0.900000     28932690        10.00
        0.78     0.906250     29114770        10.67
        0.79     0.912500     29468060        11.43
        0.80     0.918750     29645590        12.31
        0.81     0.925000     29820120        13.33
        0.81     0.931250     29996100        14.55
        0.82     0.937500     30168790        16.00
        0.83     0.940625     30340030        16.84
        0.83     0.943750     30340030        17.78
        0.84     0.946875     30517960        18.82
        0.84     0.950000     30517960        20.00
        0.85     0.953125     30690060        21.33
        0.85     0.956250     30845940        22.86
        0.85     0.959375     30845940        24.62
        0.86     0.962500     30987840        26.67
        0.87     0.965625     31119320        29.09
        0.87     0.968750     31119320        32.00
        0.88     0.970313     31236920        33.68
        0.88     0.971875     31236920        35.56
        0.89     0.973437     31333840        37.65
        0.89     0.975000     31333840        40.00
        0.90     0.976562     31419130        42.67
        0.90     0.978125     31419130        45.71
        0.90     0.979688     31490970        49.23
        0.91     0.981250     31547480        53.33
        0.92     0.982812     31592290        58.18
        0.93     0.984375     31629070        64.00
        0.94     0.985156     31657210        67.37
        0.94     0.985938     31678680        71.11
        0.95     0.986719     31697260        75.29
        0.97     0.987500     31723230        80.00
        0.98     0.988281     31742560        85.33
        1.01     0.989062     31765210        91.43
        1.04     0.989844     31790140        98.46
        1.08     0.990625     31814160       106.67
        1.14     0.991406     31839030       116.36
        1.22     0.992188     31863490       128.00
        1.27     0.992578     31876020       134.74
        1.33     0.992969     31888170       142.22
        1.40     0.993359     31900580       150.59
        1.50     0.993750     31913160       160.00
        1.60     0.994141     31925970       170.67
        1.83     0.994531     31938410       182.86
        2.16     0.994922     31950830       196.92
        2.77     0.995313     31963280       213.33
        3.68     0.995703     31975790       232.73
        4.77     0.996094     31988360       256.00
        5.70     0.996289     31994650       269.47
        6.33     0.996484     32000920       284.44
        6.75     0.996680     32007440       301.18
        7.10     0.996875     32013490       320.00
        7.49     0.997070     32020260       341.33
        7.81     0.997266     32026370       365.71
        8.19     0.997461     32032460       393.85
        8.51     0.997656     32039310       426.67
        9.21     0.997852     32045110       465.45
        9.98     0.998047     32051400       512.00
       10.43     0.998145     32054450       538.95
       11.52     0.998242     32057380       568.89
       12.54     0.998340     32060580       602.35
       13.82     0.998437     32063800       640.00
       14.78     0.998535     32067090       682.67
       15.68     0.998633     32070120       731.43
       16.32     0.998730     32073300       787.69
       16.77     0.998828     32076210       853.33
       18.05     0.998926     32079600       930.91
       19.58     0.999023     32082540      1024.00
       20.22     0.999072     32085280      1077.89
       20.35     0.999121     32086010      1137.78
       20.61     0.999170     32087660      1204.71
       21.12     0.999219     32088830      1280.00
       22.14     0.999268     32090270      1365.33
       23.42     0.999316     32092010      1462.86
       24.19     0.999365     32101340      1575.38
       24.19     0.999414     32101340      1706.67
       24.19     0.999463     32101340      1861.82
       24.19     0.999512     32101340      2048.00
       24.19     0.999536     32101340      2155.79
       24.19     0.999561     32101340      2275.56
       24.19     0.999585     32101340      2409.41
       24.19     0.999609     32101340      2560.00
       24.32     0.999634     32103280      2730.67
       24.32     0.999658     32103280      2925.71
       24.45     0.999683     32104620      3150.77
       24.45     0.999707     32104620      3413.33
       24.57     0.999731     32105270      3723.64
       25.21     0.999756     32106000      4096.00
       25.47     0.999768     32106360      4311.58
       25.86     0.999780     32106800      4551.11
       26.37     0.999792     32107120      4818.82
       26.75     0.999805     32107670      5120.00
       27.26     0.999817     32107950      5461.33
       27.65     0.999829     32108340      5851.43
       28.16     0.999841     32109470      6301.54
       28.16     0.999854     32109470      6826.67
       28.16     0.999866     32109470      7447.27
       28.29     0.999878     32110540      8192.00
       28.29     0.999884     32110540      8623.16
       28.29     0.999890     32110540      9102.22
       28.29     0.999896     32110540      9637.65
       28.41     0.999902     32110850     10240.00
       28.41     0.999908     32110850     10922.67
       28.67     0.999915     32111060     11702.86
       28.80     0.999921     32111250     12603.08
       29.31     0.999927     32111430     13653.33
       29.82     0.999933     32111620     14894.55
       30.98     0.999939     32111830     16384.00
       31.74     0.999942     32111940     17246.32
       31.87     0.999945     32112020     18204.44
       32.13     0.999948     32112190     19275.29
       32.26     0.999951     32112670     20480.00
       32.26     0.999954     32112670     21845.33
       32.26     0.999957     32112670     23405.71
       32.26     0.999960     32112670     25206.15
       32.26     0.999963     32112670     27306.67
       32.38     0.999966     32112800     29789.09
       32.38     0.999969     32112800     32768.00
       33.02     0.999971     32112940     34492.63
       33.02     0.999973     32112940     36408.89
       33.02     0.999974     32112940     38550.59
       34.05     0.999976     32113020     40960.00
       35.07     0.999977     32113100     43690.67
       35.07     0.999979     32113100     46811.43
       36.09     0.999980     32113170     50412.31
       36.35     0.999982     32113400     54613.33
       36.35     0.999983     32113400     59578.18
       36.35     0.999985     32113400     65536.00
       36.35     0.999986     32113400     68985.26
       36.35     0.999986     32113400     72817.78
       36.35     0.999987     32113400     77101.18
       36.35     0.999988     32113400     81920.00
       36.61     0.999989     32113450     87381.33
       36.61     0.999989     32113450     93622.86
       37.12     0.999990     32113500    100824.62
       37.12     0.999991     32113500    109226.67
       37.38     0.999992     32113530    119156.36
       37.38     0.999992     32113530    131072.00
       40.19     0.999993     32113580    137970.53
       40.19     0.999993     32113580    145635.56
       40.19     0.999994     32113580    154202.35
       40.19     0.999994     32113580    163840.00
       40.45     0.999994     32113650    174762.67
       40.45     0.999995     32113650    187245.71
       40.45     0.999995     32113650    201649.23
       40.45     0.999995     32113650    218453.33
       40.45     0.999996     32113650    238312.73
       40.45     0.999996     32113650    262144.00
       40.70     0.999996     32113680    275941.05
       40.70     0.999997     32113680    291271.11
       40.70     0.999997     32113680    308404.71
       40.70     0.999997     32113680    327680.00
       40.70     0.999997     32113680    349525.33
       40.96     0.999997     32113690    374491.43
       45.31     0.999998     32113770    403298.46
       45.31     1.000000     32113770          inf
#[Mean    =        0.596, StdDeviation   =        0.951]
#[Max     =       45.311, Total count    =     32113770]
#[Buckets =           20, SubBuckets     =          256]
