       Value   Percentile   TotalCount 1/(1-Percentile)

        0.16     0.000000            2         1.00
        0.35     0.050000        33038         1.05
        0.37     0.100000        55824         1.11
        0.40     0.150000        70908         1.18
        0.43     0.200000        92180         1.25
        0.45     0.250000       119039         1.33
        0.46     0.300000       149208         1.43
        0.47     0.350000       164678         1.54
        0.49     0.400000       189774         1.67
        0.51     0.450000       216910         1.82
        0.52     0.500000       230720         2.00
        0.53     0.525000       247898         2.11
        0.54     0.550000       267832         2.22
        0.54     0.575000       267832         2.35
        0.54     0.600000       289596         2.50
        0.54     0.625000       289596         2.67
        0.55     0.650000       312172         2.86
        0.55     0.675000       312172         3.08
        0.56     0.700000       333801         3.33
        0.56     0.725000       333801         3.64
        0.57     0.750000       352815         4.00
        0.57     0.762500       352815         4.21
        0.57     0.775000       367231         4.44
        0.57     0.787500       367231         4.71
        0.58     0.800000       376859         5.00
        0.58     0.812500       376859         5.33
        0.59     0.825000       382634         5.71
        0.60     0.837500       386282         6.15
        0.62     0.850000       391888         6.67
        0.69     0.862500       396746         7.27
        0.73     0.875000       405949         8.00
        0.73     0.881250       405949         8.42
        0.73     0.887500       411720         8.89
        0.73     0.893750       411720         9.41
        0.74     0.900000       419151        10.00
        0.74     0.906250       419151        10.67
        0.75     0.912500       427455        11.43
        0.75     0.918750       427455        12.31
        0.75     0.925000       427455        13.33
        0.76     0.931250       435394        14.55
        0.76     0.937500       435394        16.00
        0.76     0.940625       435394        16.84
        0.76     0.943750       435394        17.78
        0.77     0.946875       442266        18.82
        0.77     0.950000       442266        20.00
        0.77     0.953125       442266        21.33
        0.77     0.956250       442266        22.86
        0.77     0.959375       442266        24.62
        0.78     0.962500       447571        26.67
        0.78     0.965625       447571        29.09
        0.78     0.968750       447571        32.00
        0.78     0.970313       447571        33.68
        0.78     0.971875       447571        35.56
        0.78     0.973437       451275        37.65
        0.78     0.975000       451275        40.00
        0.78     0.976562       451275        42.67
        0.78     0.978125       451275        45.71
        0.78     0.979688       451275        49.23
        0.79     0.981250       453711        53.33
        0.79     0.982812       453711        58.18
        0.79     0.984375       453711        64.00
        0.79     0.985156       453711        67.37
        0.79     0.985938       453711        71.11
        0.80     0.986719       455288        75.29
        0.80     0.987500       455288        80.00
        0.80     0.988281       455288        85.33
        0.80     0.989062       455288        91.43
        0.81     0.989844       456297        98.46
        0.81     0.990625       456297       106.67
        0.81     0.991406       456297       116.36
        0.81     0.992188       457018       128.00
        0.81     0.992578       457018       134.74
        0.81     0.992969       457018       142.22
        0.81     0.993359       457018       150.59
        0.82     0.993750       457509       160.00
        0.82     0.994141       457509       170.67
        0.82     0.994531       457509       182.86
        0.83     0.994922       457935       196.92
        0.83     0.995313       457935       213.33
        0.84     0.995703       458283       232.73
        0.84     0.996094       458283       256.00
        0.85     0.996289       458563       269.47
        0.85     0.996484       458563       284.44
        0.85     0.996680       458563       301.18
        0.85     0.996875       458563       320.00
        0.85     0.997070       458787       341.33
        0.85     0.997266       458787       365.71
        0.86     0.997461       459009       393.85
        0.86     0.997656       459009       426.67
        0.86     0.997852       459009       465.45
        0.87     0.998047       459189       512.00
        0.87     0.998145       459189       538.95
        0.87     0.998242       459189       568.89
        0.88     0.998340       459364       602.35
        0.88     0.998437       459364       640.00
        0.88     0.998535       459364       682.67
        0.88     0.998633       459364       731.43
        0.89     0.998730       459477       787.69
        0.89     0.998828       459477       853.33
        0.90     0.998926       459600       930.91
        0.90     0.999023       459600      1024.00
        0.90     0.999072       459600      1077.89
        0.90     0.999121       459600      1137.78
        0.90     0.999170       459712      1204.71
        0.90     0.999219       459712      1280.00
        0.90     0.999268       459712      1365.33
        0.90     0.999316       459712      1462.86
        0.90     0.999365       459712      1575.38
        0.91     0.999414       459776      1706.67
        0.91     0.999463       459776      1861.82
        0.91     0.999512       459776      2048.00
        0.92     0.999536       459829      2155.79
        0.92     0.999561       459829      2275.56
        0.92     0.999585       459829      2409.41
        0.92     0.999609       459829      2560.00
        0.92     0.999634       459829      2730.67
        0.93     0.999658       459854      2925.71
        0.93     0.999683       459854      3150.77
        0.94     0.999707       459871      3413.33
        0.94     0.999731       459871      3723.64
        0.94     0.999756       459886      4096.00
        0.94     0.999768       459886      4311.58
        0.95     0.999780       459889      4551.11
        0.97     0.999792       459897      4818.82
        0.98     0.999805       459902      5120.00
        0.99     0.999817       459907      5461.33
        1.01     0.999829       459912      5851.43
        1.05     0.999841       459918      6301.54
        1.08     0.999854       459923      6826.67
        2.58     0.999866       459929      7447.27
        2.67     0.999878       459934      8192.00
        2.81     0.999884       459937      8623.16
        2.93     0.999890       459940      9102.22
        2.96     0.999896       459943      9637.65
        3.01     0.999902       459946     10240.00
        3.04     0.999908       459948     10922.67
        3.13     0.999915       459951     11702.86
        3.18     0.999921       459954     12603.08
        3.29     0.999927       459957     13653.33
        3.33     0.999933       459961     14894.55
        3.34     0.999939       459962     16384.00
        3.39     0.999942       459965     17246.32
        3.39     0.999945       459965     18204.44
        3.42     0.999948       459967     19275.29
        3.44     0.999951       459969     20480.00
        3.44     0.999954       459969     21845.33
        3.46     0.999957       459971     23405.71
        3.49     0.999960       459972     25206.15
        3.55     0.999963       459974     27306.67
        3.65     0.999966       459976     29789.09
        3.65     0.999969       459976     32768.00
        3.69     0.999971       459977     34492.63
        3.71     0.999973       459978     36408.89
        4.38     0.999974       459979     38550.59
        4.38     0.999976       459979     40960.00
        4.42     0.999977       459980     43690.67
        4.45     0.999979       459981     46811.43
        4.45     0.999980       459981     50412.31
        4.48     0.999982       459982     54613.33
        4.54     0.999983       459984     59578.18
        4.54     0.999985       459984     65536.00
        4.54     0.999986       459984     68985.26
        4.54     0.999986       459984     72817.78
        4.58     0.999987       459986     77101.18
        4.58     0.999988       459986     81920.00
        4.58     0.999989       459986     87381.33
        4.58     0.999989       459986     93622.86
        4.58     0.999990       459986    100824.62
        4.58     0.999991       459986    109226.67
        4.61     0.999992       459987    119156.36
        4.61     0.999992       459987    131072.00
        4.61     0.999993       459987    137970.53
        4.61     0.999993       459987    145635.56
        4.67     0.999994       459988    154202.35
        4.67     0.999994       459988    163840.00
        4.67     0.999994       459988    174762.67
        4.67     0.999995       459988    187245.71
        4.67     0.999995       459988    201649.23
        4.67     0.999995       459988    218453.33
        4.77     0.999996       459989    238312.73
        4.77     0.999996       459989    262144.00
        4.77     0.999996       459989    275941.05
        4.77     0.999997       459989    291271.11
        4.77     0.999997       459989    308404.71
        4.77     0.999997       459989    327680.00
        4.77     0.999997       459989    349525.33
        4.77     0.999997       459989    374491.43
        4.77     0.999998       459989    403298.46
        4.77     0.999998       459989    436906.67
        4.86     0.999998       459990    476625.45
        4.86     1.000000       459990          inf
#[Mean    =        0.521, StdDeviation   =        0.125]
#[Max     =        4.863, Total count    =       459990]
#[Buckets =           20, SubBuckets     =          256]
