       Value   Percentile   TotalCount 1/(1-Percentile)

        0.18     0.000000            1         1.00
        0.61     0.050000        20286         1.05
        0.63     0.100000        37984         1.11
        0.65     0.150000        56017         1.18
        0.66     0.200000        80204         1.25
        0.67     0.250000        94342         1.33
        0.68     0.300000       109849         1.43
        0.69     0.350000       126473         1.54
        0.69     0.400000       143972         1.67
        0.70     0.450000       161891         1.82
        0.71     0.500000       179731         2.00
        0.71     0.525000       179731         2.11
        0.72     0.550000       197305         2.22
        0.72     0.575000       197305         2.35
        0.73     0.600000       214252         2.50
        0.73     0.625000       214252         2.67
        0.73     0.650000       230223         2.86
        0.73     0.675000       230223         3.08
        0.74     0.700000       244777         3.33
        0.75     0.725000       258290         3.64
        0.75     0.750000       258290         4.00
        0.75     0.762500       258290         4.21
        0.76     0.775000       270379         4.44
        0.76     0.787500       270379         4.71
        0.77     0.800000       281024         5.00
        0.77     0.812500       281024         5.33
        0.77     0.825000       281024         5.71
        0.78     0.837500       290335         6.15
        0.78     0.850000       290335         6.67
        0.78     0.862500       298398         7.27
        0.78     0.875000       298398         8.00
        0.78     0.881250       298398         8.42
        0.79     0.887500       305294         8.89
        0.79     0.893750       305294         9.41
        0.79     0.900000       305294        10.00
        0.80     0.906250       311170        10.67
        0.80     0.912500       311170        11.43
        0.80     0.918750       311170        12.31
        0.81     0.925000       315865        13.33
        0.81     0.931250       315865        14.55
        0.81     0.937500       320005        16.00
        0.81     0.940625       320005        16.84
        0.81     0.943750       320005        17.78
        0.82     0.946875       323418        18.82
        0.82     0.950000       323418        20.00
        0.82     0.953125       323418        21.33
        0.83     0.956250       326177        22.86
        0.83     0.959375       326177        24.62
        0.83     0.962500       326177        26.67
        0.84     0.965625       328395        29.09
        0.84     0.968750       328395        32.00
        0.84     0.970313       328395        33.68
        0.85     0.971875       330287        35.56
        0.85     0.973437       330287        37.65
        0.85     0.975000       330287        40.00
        0.85     0.976562       331854        42.67
        0.85     0.978125       331854        45.71
        0.85     0.979688       331854        49.23
        0.86     0.981250       333095        53.33
        0.86     0.982812       333095        58.18
        0.86     0.984375       333095        64.00
        0.87     0.985156       334122        67.37
        0.87     0.985938       334122        71.11
        0.87     0.986719       334122        75.29
        0.88     0.987500       334942        80.00
        0.88     0.988281       334942        85.33
        0.88     0.989062       334942        91.43
        0.88     0.989844       334942        98.46
        0.89     0.990625       335621       106.67
        0.89     0.991406       335621       116.36
        0.90     0.992188       336144       128.00
        0.90     0.992578       336144       134.74
        0.90     0.992969       336144       142.22
        0.90     0.993359       336144       150.59
        0.90     0.993750       336566       160.00
        0.90     0.994141       336566       170.67
        0.90     0.994531       336566       182.86
        0.91     0.994922       336903       196.92
        0.91     0.995313       336903       213.33
        0.92     0.995703       337175       232.73
        0.92     0.996094       337175       256.00
        0.92     0.996289       337175       269.47
        0.93     0.996484       337387       284.44
        0.93     0.996680       337387       301.18
        0.93     0.996875       337387       320.00
        0.93     0.997070       337387       341.33
        0.94     0.997266       337531       365.71
        0.94     0.997461       337531       393.85
        0.94     0.997656       337655       426.67
        0.94     0.997852       337655       465.45
        0.95     0.998047       337757       512.00
        0.95     0.998145       337757       538.95
        0.96     0.998242       337848       568.89
        0.96     0.998340       337848       602.35
        0.96     0.998437       337848       640.00
        0.97     0.998535       337901       682.67
        0.97     0.998633       337952       731.43
        0.97     0.998730       337952       787.69
        0.98     0.998828       337986       853.33
        0.99     0.998926       338022       930.91
        1.01     0.999023       338061      1024.00
        1.01     0.999072       338080      1077.89
        1.01     0.999121       338080      1137.78
        1.03     0.999170       338105      1204.71
        1.04     0.999219       338118      1280.00
        1.05     0.999268       338137      1365.33
        1.05     0.999316       338150      1462.86
        1.07     0.999365       338168      1575.38
        1.08     0.999414       338180      1706.67
        1.10     0.999463       338201      1861.82
        1.11     0.999512       338210      2048.00
        1.13     0.999536       338223      2155.79
        1.14     0.999561       338228      2275.56
        1.15     0.999585       338239      2409.41
        1.16     0.999609       338245      2560.00
        1.18     0.999634       338252      2730.67
        1.19     0.999658       338263      2925.71
        1.20     0.999683       338273      3150.77
        1.21     0.999707       338284      3413.33
        1.22     0.999731       338292      3723.64
        1.22     0.999756       338297      4096.00
        1.22     0.999768       338297      4311.58
        1.24     0.999780       338302      4551.11
        1.25     0.999792       338310      4818.82
        1.25     0.999805       338310      5120.00
        1.25     0.999817       338318      5461.33
        1.25     0.999829       338318      5851.43
        1.26     0.999841       338324      6301.54
        1.27     0.999854       338326      6826.67
        1.29     0.999866       338330      7447.27
        1.30     0.999878       338334      8192.00
        1.31     0.999884       338340      8623.16
        1.31     0.999890       338340      9102.22
        1.31     0.999896       338340      9637.65
        1.33     0.999902       338342     10240.00
        1.36     0.999908       338345     10922.67
        1.38     0.999915       338348     11702.86
        1.39     0.999921       338349     12603.08
        1.43     0.999927       338351     13653.33
        2.61     0.999933       338353     14894.55
        2.99     0.999939       338355     16384.00
        3.06     0.999942       338356     17246.32
        3.13     0.999945       338357     18204.44
        3.25     0.999948       338358     19275.29
        3.28     0.999951       338359     20480.00
        3.29     0.999954       338360     21845.33
        3.31     0.999957       338361     23405.71
        3.34     0.999960       338362     25206.15
        3.38     0.999963       338363     27306.67
        3.50     0.999966       338364     29789.09
        3.66     0.999969       338366     32768.00
        3.66     0.999971       338366     34492.63
        3.66     0.999973       338366     36408.89
        3.85     0.999974       338367     38550.59
        3.85     0.999976       338367     40960.00
        4.19     0.999977       338368     43690.67
        4.19     0.999979       338368     46811.43
        4.22     0.999980       338369     50412.31
        4.22     0.999982       338369     54613.33
        4.25     0.999983       338372     59578.18
        4.25     0.999985       338372     65536.00
        4.25     0.999986       338372     68985.26
        4.25     0.999986       338372     72817.78
        4.25     0.999987       338372     77101.18
        4.25     0.999988       338372     81920.00
        4.25     0.999989       338372     87381.33
        4.25     0.999989       338372     93622.86
        4.25     0.999990       338372    100824.62
        4.25     0.999991       338372    109226.67
        4.29     0.999992       338373    119156.36
        4.29     0.999992       338373    131072.00
        4.29     0.999993       338373    137970.53
        4.29     0.999993       338373    145635.56
        4.29     0.999994       338373    154202.35
        4.29     0.999994       338373    163840.00
        4.38     0.999994       338375    174762.67
        4.38     1.000000       338375          inf
#[Mean    =        0.708, StdDeviation   =        0.073]
#[Max     =        4.383, Total count    =       338375]
#[Buckets =           20, SubBuckets     =          256]
