       Value   Percentile   TotalCount 1/(1-Percentile)

        0.19     0.000000            1         1.00
        0.39     0.050000        28418         1.05
        0.41     0.100000        58816         1.11
        0.43     0.150000        91810         1.18
        0.44     0.200000       112274         1.25
        0.45     0.250000       135135         1.33
        0.46     0.300000       160591         1.43
        0.46     0.350000       189454         1.54
        0.47     0.400000       220640         1.67
        0.48     0.450000       253967         1.82
        0.48     0.500000       253967         2.00
        0.49     0.525000       286890         2.11
        0.49     0.550000       286890         2.22
        0.49     0.575000       318732         2.35
        0.49     0.600000       318732         2.50
        0.49     0.625000       318732         2.67
        0.50     0.650000       348190         2.86
        0.50     0.675000       348190         3.08
        0.51     0.700000       374104         3.33
        0.51     0.725000       374104         3.64
        0.52     0.750000       396319         4.00
        0.52     0.762500       396319         4.21
        0.52     0.775000       396319         4.44
        0.52     0.787500       396319         4.71
        0.53     0.800000       414930         5.00
        0.53     0.812500       414930         5.33
        0.53     0.825000       414930         5.71
        0.54     0.837500       430156         6.15
        0.54     0.850000       430156         6.67
        0.54     0.862500       442548         7.27
        0.54     0.875000       442548         8.00
        0.54     0.881250       442548         8.42
        0.55     0.887500       452586         8.89
        0.55     0.893750       452586         9.41
        0.55     0.900000       452586        10.00
        0.56     0.906250       460646        10.67
        0.56     0.912500       460646        11.43
        0.56     0.918750       460646        12.31
        0.57     0.925000       467452        13.33
        0.57     0.931250       467452        14.55
        0.57     0.937500       473248        16.00
        0.57     0.940625       473248        16.84
        0.57     0.943750       473248        17.78
        0.58     0.946875       477996        18.82
        0.58     0.950000       477996        20.00
        0.58     0.953125       477996        21.33
        0.59     0.956250       482039        22.86
        0.59     0.959375       482039        24.62
        0.59     0.962500       482039        26.67
        0.60     0.965625       485540        29.09
        0.60     0.968750       485540        32.00
        0.60     0.970313       485540        33.68
        0.61     0.971875       488465        35.56
        0.61     0.973437       488465        37.65
        0.61     0.975000       488465        40.00
        0.61     0.976562       488465        42.67
        0.61     0.978125       490985        45.71
        0.61     0.979688       490985        49.23
        0.61     0.981250       490985        53.33
        0.62     0.982812       493099        58.18
        0.62     0.984375       493099        64.00
        0.62     0.985156       493099        67.37
        0.62     0.985938       493099        71.11
        0.63     0.986719       494750        75.29
        0.63     0.987500       494750        80.00
        0.63     0.988281       494750        85.33
        0.63     0.989062       494750        91.43
        0.64     0.989844       496084        98.46
        0.64     0.990625       496084       106.67
        0.64     0.991406       496084       116.36
        0.65     0.992188       497059       128.00
        0.65     0.992578       497059       134.74
        0.65     0.992969       497059       142.22
        0.65     0.993359       497059       150.59
        0.65     0.993750       497059       160.00
        0.66     0.994141       497878       170.67
        0.66     0.994531       497878       182.86
        0.66     0.994922       497878       196.92
        0.66     0.995313       497878       213.33
        0.66     0.995703       498452       232.73
        0.66     0.996094       498452       256.00
        0.66     0.996289       498452       269.47
        0.66     0.996484       498452       284.44
        0.66     0.996680       498452       301.18
        0.67     0.996875       498868       320.00
        0.67     0.997070       498868       341.33
        0.67     0.997266       498868       365.71
        0.67     0.997461       498868       393.85
        0.68     0.997656       499174       426.67
        0.68     0.997852       499174       465.45
        0.68     0.998047       499174       512.00
        0.68     0.998145       499174       538.95
        0.69     0.998242       499404       568.89
        0.69     0.998340       499404       602.35
        0.69     0.998437       499404       640.00
        0.69     0.998535       499404       682.67
        0.69     0.998633       499537       731.43
        0.69     0.998730       499537       787.69
        0.69     0.998828       499537       853.33
        0.70     0.998926       499656       930.91
        0.70     0.999023       499656      1024.00
        0.70     0.999072       499656      1077.89
        0.70     0.999121       499656      1137.78
        0.71     0.999170       499746      1204.71
        0.71     0.999219       499746      1280.00
        0.71     0.999268       499746      1365.33
        0.72     0.999316       499796      1462.86
        0.72     0.999365       499796      1575.38
        0.72     0.999414       499796      1706.67
        0.73     0.999463       499843      1861.82
        0.73     0.999512       499874      2048.00
        0.73     0.999536       499874      2155.79
        0.73     0.999561       499874      2275.56
        0.74     0.999585       499904      2409.41
        0.74     0.999609       499904      2560.00
        0.75     0.999634       499927      2730.67
        0.75     0.999658       499927      2925.71
        0.76     0.999683       499945      3150.77
        0.76     0.999707       499945      3413.33
        0.77     0.999731       499961      3723.64
        0.78     0.999756       499972      4096.00
        0.78     0.999768       499980      4311.58
        0.78     0.999780       499980      4551.11
        0.79     0.999792       499986      4818.82
        0.80     0.999805       499992      5120.00
        0.81     0.999817       500003      5461.33
        0.81     0.999829       500014      5851.43
        0.81     0.999841       500014      6301.54
        0.82     0.999854       500017      6826.67
        0.84     0.999866       500026      7447.27
        0.85     0.999878       500032      8192.00
        0.85     0.999884       500032      8623.16
        0.86     0.999890       500036      9102.22
        0.87     0.999896       500039      9637.65
        0.89     0.999902       500041     10240.00
        0.90     0.999908       500045     10922.67
        0.92     0.999915       500048     11702.86
        0.94     0.999921       500050     12603.08
        0.95     0.999927       500054     13653.33
        1.01     0.999933       500056     14894.55
        1.84     0.999939       500059     16384.00
        2.30     0.999942       500061     17246.32
        2.32     0.999945       500062     18204.44
        2.33     0.999948       500064     19275.29
        2.37     0.999951       500066     20480.00
        2.38     0.999954       500068     21845.33
        2.38     0.999957       500068     23405.71
        2.53     0.999960       500070     25206.15
        2.56     0.999963       500072     27306.67
        2.61     0.999966       500074     29789.09
        2.61     0.999969       500074     32768.00
        2.73     0.999971       500075     34492.63
        2.94     0.999973       500076     36408.89
        2.99     0.999974       500078     38550.59
        2.99     0.999976       500078     40960.00
        2.99     0.999977       500078     43690.67
        3.01     0.999979       500080     46811.43
        3.01     0.999980       500080     50412.31
        3.01     0.999982       500080     54613.33
        3.02     0.999983       500081     59578.18
        3.06     0.999985       500082     65536.00
        3.06     0.999986       500082     68985.26
        3.15     0.999986       500084     72817.78
        3.15     0.999987       500084     77101.18
        3.15     0.999988       500084     81920.00
        3.15     0.999989       500084     87381.33
        3.15     0.999989       500084     93622.86
        3.25     0.999990       500085    100824.62
        3.25     0.999991       500085    109226.67
        3.25     0.999992       500085    119156.36
        3.33     0.999992       500086    131072.00
        3.33     0.999993       500086    137970.53
        3.33     0.999993       500086    145635.56
        3.33     0.999994       500086    154202.35
        3.33     0.999994       500086    163840.00
        3.34     0.999994       500087    174762.67
        3.34     0.999995       500087    187245.71
        3.34     0.999995       500087    201649.23
        3.34     0.999995       500087    218453.33
        3.34     0.999996       500087    238312.73
        3.39     0.999996       500089    262144.00
        3.39     1.000000       500089          inf
#[Mean    =        0.480, StdDeviation   =        0.061]
#[Max     =        3.391, Total count    =       500089]
#[Buckets =           20, SubBuckets     =          256]
