       Value   Percentile   TotalCount 1/(1-Percentile)

        0.19     0.000000            1         1.00
        0.62     0.050000        18863         1.05
        0.65     0.100000        32801         1.11
        0.67     0.150000        55650         1.18
        0.68     0.200000        65680         1.25
        0.69     0.250000        89218         1.33
        0.70     0.300000       102728         1.43
        0.71     0.350000       117252         1.54
        0.72     0.400000       132408         1.67
        0.73     0.450000       148180         1.82
        0.73     0.500000       164058         2.00
        0.74     0.525000       179969         2.11
        0.74     0.550000       179969         2.22
        0.75     0.575000       195065         2.35
        0.76     0.600000       209650         2.50
        0.76     0.625000       209650         2.67
        0.77     0.650000       223498         2.86
        0.77     0.675000       223498         3.08
        0.78     0.700000       236145         3.33
        0.78     0.725000       247842         3.64
        0.78     0.750000       247842         4.00
        0.79     0.762500       258501         4.21
        0.79     0.775000       258501         4.44
        0.79     0.787500       258501         4.71
        0.80     0.800000       268017         5.00
        0.80     0.812500       268017         5.33
        0.81     0.825000       276454         5.71
        0.81     0.837500       276454         6.15
        0.81     0.850000       283938         6.67
        0.81     0.862500       283938         7.27
        0.82     0.875000       290267         8.00
        0.82     0.881250       290267         8.42
        0.82     0.887500       290267         8.89
        0.83     0.893750       295971         9.41
        0.83     0.900000       295971        10.00
        0.83     0.906250       295971        10.67
        0.84     0.912500       300797        11.43
        0.84     0.918750       300797        12.31
        0.85     0.925000       304848        13.33
        0.85     0.931250       304848        14.55
        0.85     0.937500       308414        16.00
        0.85     0.940625       308414        16.84
        0.85     0.943750       308414        17.78
        0.86     0.946875       311331        18.82
        0.86     0.950000       311331        20.00
        0.86     0.953125       311331        21.33
        0.87     0.956250       313787        22.86
        0.87     0.959375       313787        24.62
        0.87     0.962500       313787        26.67
        0.88     0.965625       315874        29.09
        0.88     0.968750       315874        32.00
        0.89     0.970313       317653        33.68
        0.89     0.971875       317653        35.56
        0.89     0.973437       317653        37.65
        0.89     0.975000       317653        40.00
        0.90     0.976562       319126        42.67
        0.90     0.978125       319126        45.71
        0.90     0.979688       320331        49.23
        0.90     0.981250       320331        53.33
        0.90     0.982812       320331        58.18
        0.91     0.984375       321312        64.00
        0.91     0.985156       321312        67.37
        0.91     0.985938       321312        71.11
        0.92     0.986719       322114        75.29
        0.92     0.987500       322114        80.00
        0.92     0.988281       322114        85.33
        0.93     0.989062       322781        91.43
        0.93     0.989844       322781        98.46
        0.93     0.990625       322781       106.67
        0.94     0.991406       323344       116.36
        0.94     0.992188       323344       128.00
        0.94     0.992578       323784       134.74
        0.94     0.992969       323784       142.22
        0.94     0.993359       323784       150.59
        0.94     0.993750       323784       160.00
        0.95     0.994141       324163       170.67
        0.95     0.994531       324163       182.86
        0.95     0.994922       324163       196.92
        0.96     0.995313       324434       213.33
        0.96     0.995703       324434       232.73
        0.97     0.996094       324655       256.00
        0.97     0.996289       324655       269.47
        0.97     0.996484       324655       284.44
        0.97     0.996680       324859       301.18
        0.97     0.996875       324859       320.00
        0.97     0.997070       324859       341.33
        0.98     0.997266       325009       365.71
        0.98     0.997461       325009       393.85
        0.99     0.997656       325117       426.67
        0.99     0.997852       325117       465.45
        1.00     0.998047       325210       512.00
        1.00     0.998145       325210       538.95
        1.01     0.998242       325289       568.89
        1.01     0.998340       325289       602.35
        1.01     0.998437       325289       640.00
        1.01     0.998535       325339       682.67
        1.02     0.998633       325385       731.43
        1.02     0.998730       325385       787.69
        1.03     0.998828       325420       853.33
        1.04     0.998926       325453       930.91
        1.05     0.999023       325486      1024.00
        1.06     0.999072       325507      1077.89
        1.07     0.999121       325523      1137.78
        1.08     0.999170       325541      1204.71
        1.09     0.999219       325552      1280.00
        1.09     0.999268       325566      1365.33
        1.10     0.999316       325579      1462.86
        1.12     0.999365       325597      1575.38
        1.13     0.999414       325607      1706.67
        1.14     0.999463       325623      1861.82
        1.16     0.999512       325642      2048.00
        1.17     0.999536       325648      2155.79
        1.18     0.999561       325655      2275.56
        1.18     0.999585       325662      2409.41
        1.20     0.999609       325670      2560.00
        1.21     0.999634       325679      2730.67
        1.22     0.999658       325694      2925.71
        1.22     0.999683       325694      3150.77
        1.23     0.999707       325706      3413.33
        1.24     0.999731       325710      3723.64
        1.25     0.999756       325722      4096.00
        1.25     0.999768       325722      4311.58
        1.28     0.999780       325731      4551.11
        1.28     0.999792       325731      4818.82
        1.29     0.999805       325735      5120.00
        1.30     0.999817       325744      5461.33
        1.30     0.999829       325744      5851.43
        1.31     0.999841       325749      6301.54
        1.32     0.999854       325751      6826.67
        1.33     0.999866       325754      7447.27
        1.38     0.999878       325758      8192.00
        1.38     0.999884       325760      8623.16
        1.40     0.999890       325763      9102.22
        1.41     0.999896       325764      9637.65
        1.42     0.999902       325766     10240.00
        1.44     0.999908       325768     10922.67
        1.46     0.999915       325770     11702.86
        1.52     0.999921       325772     12603.08
        2.29     0.999927       325774     13653.33
        2.80     0.999933       325776     14894.55
        2.91     0.999939       325778     16384.00
        2.94     0.999942       325779     17246.32
        2.99     0.999945       325780     18204.44
        3.07     0.999948       325781     19275.29
        3.12     0.999951       325782     20480.00
        3.33     0.999954       325783     21845.33
        3.38     0.999957       325784     23405.71
        3.44     0.999960       325785     25206.15
        3.66     0.999963       325786     27306.67
        4.25     0.999966       325787     29789.09
        4.32     0.999969       325789     32768.00
        4.32     0.999971       325789     34492.63
        4.32     0.999973       325789     36408.89
        4.32     0.999974       325789     38550.59
        4.35     0.999976       325790     40960.00
        4.35     0.999977       325790     43690.67
        4.45     0.999979       325791     46811.43
        4.45     0.999980       325791     50412.31
        4.51     0.999982       325792     54613.33
        4.51     0.999983       325792     59578.18
        4.58     0.999985       325793     65536.00
        4.58     0.999986       325793     68985.26
        4.58     0.999986       325793     72817.78
        4.58     0.999987       325793     77101.18
        4.80     0.999988       325794     81920.00
        4.80     0.999989       325794     87381.33
        4.80     0.999989       325794     93622.86
        4.80     0.999990       325794    100824.62
        4.89     0.999991       325795    109226.67
        4.89     0.999992       325795    119156.36
        4.89     0.999992       325795    131072.00
        4.89     0.999993       325795    137970.53
        4.89     0.999993       325795    145635.56
        4.89     0.999994       325795    154202.35
        4.93     0.999994       325796    163840.00
        4.93     0.999994       325796    174762.67
        4.93     0.999995       325796    187245.71
        4.93     0.999995       325796    201649.23
        4.93     0.999995       325796    218453.33
        4.93     0.999996       325796    238312.73
        4.93     0.999996       325796    262144.00
        4.93     0.999996       325796    275941.05
        4.93     0.999997       325796    291271.11
        4.93     0.999997       325796    308404.71
        4.99     0.999997       325797    327680.00
        4.99     1.000000       325797          inf
#[Mean    =        0.736, StdDeviation   =        0.083]
#[Max     =        4.991, Total count    =       325797]
#[Buckets =           20, SubBuckets     =          256]
