       Value   Percentile   TotalCount 1/(1-Percentile)

        0.25     0.000000            1         1.00
        0.47     0.050000        17230         1.05
        0.50     0.100000        34553         1.11
        0.55     0.150000        51406         1.18
        0.59     0.200000        73449         1.25
        0.61     0.250000        91481         1.33
        0.62     0.300000       112229         1.43
        0.63     0.350000       121856         1.54
        0.65     0.400000       137039         1.67
        0.68     0.450000       158072         1.82
        0.70     0.500000       178674         2.00
        0.71     0.525000       187687         2.11
        0.72     0.550000       197364         2.22
        0.72     0.575000       197364         2.35
        0.73     0.600000       207698         2.50
        0.73     0.625000       218197         2.67
        0.74     0.650000       228853         2.86
        0.75     0.675000       239237         3.08
        0.75     0.700000       239237         3.33
        0.76     0.725000       248828         3.64
        0.77     0.750000       257722         4.00
        0.78     0.762500       265575         4.21
        0.78     0.775000       265575         4.44
        0.78     0.787500       272218         4.71
        0.79     0.800000       277531         5.00
        0.80     0.812500       281883         5.33
        0.80     0.825000       281883         5.71
        0.81     0.837500       287515         6.15
        0.84     0.850000       291098         6.67
        0.92     0.862500       295358         7.27
        0.94     0.875000       299717         8.00
        0.95     0.881250       301995         8.42
        0.96     0.887500       304787         8.89
        0.97     0.893750       308052         9.41
        0.97     0.900000       308052        10.00
        0.97     0.906250       311703        10.67
        0.98     0.912500       315430        11.43
        0.98     0.918750       315430        12.31
        0.99     0.925000       319404        13.33
        0.99     0.931250       319404        14.55
        1.00     0.937500       323283        16.00
        1.00     0.940625       323283        16.84
        1.00     0.943750       323283        17.78
        1.01     0.946875       326956        18.82
        1.01     0.950000       326956        20.00
        1.01     0.953125       326956        21.33
        1.01     0.956250       326956        22.86
        1.01     0.959375       330261        24.62
        1.01     0.962500       330261        26.67
        1.01     0.965625       330261        29.09
        1.02     0.968750       333130        32.00
        1.02     0.970313       333130        33.68
        1.02     0.971875       333130        35.56
        1.02     0.973437       333130        37.65
        1.02     0.975000       333130        40.00
        1.03     0.976562       335391        42.67
        1.03     0.978125       335391        45.71
        1.03     0.979688       335391        49.23
        1.03     0.981250       335391        53.33
        1.04     0.982812       337146        58.18
        1.04     0.984375       337146        64.00
        1.04     0.985156       337146        67.37
        1.04     0.985938       337146        71.11
        1.04     0.986719       337146        75.29
        1.05     0.987500       338470        80.00
        1.05     0.988281       338470        85.33
        1.05     0.989062       338470        91.43
        1.05     0.989844       338470        98.46
        1.05     0.990625       338470       106.67
        1.05     0.991406       339446       116.36
        1.05     0.992188       339446       128.00
        1.05     0.992578       339446       134.74
        1.05     0.992969       339446       142.22
        1.05     0.993359       339446       150.59
        1.06     0.993750       340061       160.00
        1.06     0.994141       340061       170.67
        1.06     0.994531       340061       182.86
        1.06     0.994922       340061       196.92
        1.06     0.995313       340061       213.33
        1.07     0.995703       340515       232.73
        1.07     0.996094       340515       256.00
        1.07     0.996289       340515       269.47
        1.07     0.996484       340515       284.44
        1.07     0.996680       340515       301.18
        1.08     0.996875       340800       320.00
        1.08     0.997070       340800       341.33
        1.08     0.997266       340800       365.71
        1.08     0.997461       340800       393.85
        1.09     0.997656       340990       426.67
        1.09     0.997852       340990       465.45
        1.09     0.998047       340990       512.00
        1.09     0.998145       340990       538.95
        1.09     0.998242       341106       568.89
        1.09     0.998340       341106       602.35
        1.09     0.998437       341106       640.00
        1.10     0.998535       341191       682.67
        1.10     0.998633       341191       731.43
        1.10     0.998730       341191       787.69
        1.11     0.998828       341245       853.33
        1.12     0.998926       341284       930.91
        1.13     0.999023       341311      1024.00
        1.13     0.999072       341311      1077.89
        1.14     0.999121       341335      1137.78
        1.14     0.999170       341335      1204.71
        1.14     0.999219       341358      1280.00
        1.15     0.999268       341376      1365.33
        1.16     0.999316       341388      1462.86
        1.18     0.999365       341404      1575.38
        1.19     0.999414       341421      1706.67
        1.21     0.999463       341444      1861.82
        1.22     0.999512       341453      2048.00
        1.25     0.999536       341461      2155.79
        1.25     0.999561       341468      2275.56
        1.27     0.999585       341482      2409.41
        1.28     0.999609       341487      2560.00
        1.29     0.999634       341493      2730.67
        1.31     0.999658       341504      2925.71
        1.33     0.999683       341515      3150.77
        1.33     0.999707       341520      3413.33
        1.36     0.999731       341527      3723.64
        1.38     0.999756       341536      4096.00
        1.42     0.999768       341542      4311.58
        1.42     0.999780       341544      4551.11
        1.43     0.999792       341548      4818.82
        1.46     0.999805       341555      5120.00
        1.47     0.999817       341558      5461.33
        1.48     0.999829       341560      5851.43
        1.50     0.999841       341564      6301.54
        1.51     0.999854       341568      6826.67
        1.55     0.999866       341573      7447.27
        1.57     0.999878       341578      8192.00
        1.58     0.999884       341579      8623.16
        1.61     0.999890       341581      9102.22
        1.63     0.999896       341583      9637.65
        1.70     0.999902       341585     10240.00
        1.72     0.999908       341587     10922.67
        1.80     0.999915       341589     11702.86
        1.84     0.999921       341591     12603.08
        1.95     0.999927       341593     13653.33
        2.33     0.999933       341596     14894.55
        2.61     0.999939       341598     16384.00
        2.65     0.999942       341599     17246.32
        2.67     0.999945       341600     18204.44
        2.75     0.999948       341601     19275.29
        2.96     0.999951       341602     20480.00
        3.63     0.999954       341603     21845.33
        3.71     0.999957       341604     23405.71
        3.79     0.999960       341605     25206.15
        3.90     0.999963       341606     27306.67
        6.75     0.999966       341607     29789.09
        6.82     0.999969       341608     32768.00
        7.10     0.999971       341609     34492.63
        7.10     0.999973       341609     36408.89
        7.13     0.999974       341610     38550.59
        7.13     0.999976       341610     40960.00
        7.84     0.999977       341611     43690.67
        7.84     0.999979       341611     46811.43
        8.06     0.999980       341613     50412.31
        8.06     0.999982       341613     54613.33
        8.06     0.999983       341613     59578.18
        8.06     0.999985       341613     65536.00
        8.26     0.999986       341614     68985.26
        8.26     0.999986       341614     72817.78
        8.26     0.999987       341614     77101.18
        8.26     0.999988       341614     81920.00
       12.10     0.999989       341615     87381.33
       12.10     0.999989       341615     93622.86
       12.10     0.999990       341615    100824.62
       12.10     0.999991       341615    109226.67
       12.35     0.999992       341616    119156.36
       12.35     0.999992       341616    131072.00
       12.35     0.999993       341616    137970.53
       12.35     0.999993       341616    145635.56
       12.35     0.999994       341616    154202.35
       12.35     0.999994       341616    163840.00
       12.41     0.999994       341617    174762.67
       12.41     0.999995       341617    187245.71
       12.41     0.999995       341617    201649.23
       12.41     0.999995       341617    218453.33
       12.41     0.999996       341617    238312.73
       12.41     0.999996       341617    262144.00
       12.41     0.999996       341617    275941.05
       12.41     0.999997       341617    291271.11
       12.41     0.999997       341617    308404.71
       12.41     0.999997       341617    327680.00
       12.54     0.999997       341618    349525.33
       12.54     1.000000       341618          inf
#[Mean    =        0.702, StdDeviation   =        0.160]
#[Max     =       12.543, Total count    =       341618]
#[Buckets =           20, SubBuckets     =          256]
