       Value   Percentile   TotalCount 1/(1-Percentile)

        0.15     0.000000            1         1.00
        0.28     0.050000        46131         1.05
        0.29     0.100000        64741         1.11
        0.33     0.150000        90119         1.18
        0.34     0.200000       117341         1.25
        0.36     0.250000       168711         1.33
        0.37     0.300000       195326         1.43
        0.38     0.350000       220071         1.54
        0.38     0.400000       237861         1.67
        0.40     0.450000       264535         1.82
        0.41     0.500000       317276         2.00
        0.41     0.525000       317276         2.11
        0.42     0.550000       352593         2.22
        0.42     0.575000       352593         2.35
        0.42     0.600000       352593         2.50
        0.43     0.625000       389229         2.67
        0.43     0.650000       389229         2.86
        0.44     0.675000       424642         3.08
        0.44     0.700000       424642         3.33
        0.44     0.725000       424642         3.64
        0.45     0.750000       454552         4.00
        0.45     0.762500       454552         4.21
        0.45     0.775000       454552         4.44
        0.46     0.787500       474350         4.71
        0.46     0.800000       474350         5.00
        0.46     0.812500       474350         5.33
        0.46     0.825000       484830         5.71
        0.47     0.837500       489985         6.15
        0.49     0.850000       495013         6.67
        0.56     0.862500       502543         7.27
        0.57     0.875000       512988         8.00
        0.58     0.881250       523539         8.42
        0.58     0.887500       523539         8.89
        0.58     0.893750       523539         9.41
        0.59     0.900000       536960        10.00
        0.59     0.906250       536960        10.67
        0.59     0.912500       536960        11.43
        0.59     0.918750       536960        12.31
        0.60     0.925000       550496        13.33
        0.60     0.931250       550496        14.55
        0.60     0.937500       550496        16.00
        0.60     0.940625       550496        16.84
        0.60     0.943750       550496        17.78
        0.61     0.946875       562032        18.82
        0.61     0.950000       562032        20.00
        0.61     0.953125       562032        21.33
        0.61     0.956250       562032        22.86
        0.61     0.959375       562032        24.62
        0.61     0.962500       562032        26.67
        0.61     0.965625       570026        29.09
        0.61     0.968750       570026        32.00
        0.61     0.970313       570026        33.68
        0.61     0.971875       570026        35.56
        0.61     0.973437       570026        37.65
        0.61     0.975000       570026        40.00
        0.61     0.976562       570026        42.67
        0.61     0.978125       570026        45.71
        0.62     0.979688       574676        49.23
        0.62     0.981250       574676        53.33
        0.62     0.982812       574676        58.18
        0.62     0.984375       574676        64.00
        0.62     0.985156       574676        67.37
        0.62     0.985938       574676        71.11
        0.62     0.986719       574676        75.29
        0.63     0.987500       577153        80.00
        0.63     0.988281       577153        85.33
        0.63     0.989062       577153        91.43
        0.63     0.989844       577153        98.46
        0.63     0.990625       577153       106.67
        0.64     0.991406       578471       116.36
        0.64     0.992188       578471       128.00
        0.64     0.992578       578471       134.74
        0.64     0.992969       578471       142.22
        0.64     0.993359       578471       150.59
        0.65     0.993750       579314       160.00
        0.65     0.994141       579314       170.67
        0.65     0.994531       579314       182.86
        0.66     0.994922       579934       196.92
        0.66     0.995313       579934       213.33
        0.66     0.995703       579934       232.73
        0.66     0.996094       580421       256.00
        0.66     0.996289       580421       269.47
        0.66     0.996484       580421       284.44
        0.66     0.996680       580421       301.18
        0.67     0.996875       580818       320.00
        0.67     0.997070       580818       341.33
        0.67     0.997266       580818       365.71
        0.68     0.997461       581127       393.85
        0.68     0.997656       581127       426.67
        0.68     0.997852       581127       465.45
        0.69     0.998047       581354       512.00
        0.69     0.998145       581354       538.95
        0.69     0.998242       581354       568.89
        0.69     0.998340       581354       602.35
        0.69     0.998437       581558       640.00
        0.69     0.998535       581558       682.67
        0.69     0.998633       581558       731.43
        0.70     0.998730       581742       787.69
        0.70     0.998828       581742       853.33
        0.70     0.998926       581742       930.91
        0.71     0.999023       581900      1024.00
        0.71     0.999072       581900      1077.89
        0.71     0.999121       581900      1137.78
        0.71     0.999170       581900      1204.71
        0.71     0.999219       581900      1280.00
        0.71     0.999268       581900      1365.33
        0.72     0.999316       582021      1462.86
        0.72     0.999365       582021      1575.38
        0.72     0.999414       582021      1706.67
        0.72     0.999463       582021      1861.82
        0.73     0.999512       582105      2048.00
        0.73     0.999536       582105      2155.79
        0.73     0.999561       582105      2275.56
        0.73     0.999585       582105      2409.41
        0.73     0.999609       582105      2560.00
        0.73     0.999634       582105      2730.67
        0.73     0.999658       582161      2925.71
        0.73     0.999683       582161      3150.77
        0.73     0.999707       582161      3413.33
        0.73     0.999731       582161      3723.64
        0.74     0.999756       582207      4096.00
        0.74     0.999768       582207      4311.58
        0.74     0.999780       582207      4551.11
        0.74     0.999792       582207      4818.82
        0.74     0.999805       582207      5120.00
        0.75     0.999817       582227      5461.33
        0.75     0.999829       582227      5851.43
        0.75     0.999841       582227      6301.54
        0.76     0.999854       582237      6826.67
        0.76     0.999866       582237      7447.27
        0.78     0.999878       582244      8192.00
        0.80     0.999884       582250      8623.16
        0.81     0.999890       582253      9102.22
        0.81     0.999896       582255      9637.65
        0.85     0.999902       582259     10240.00
        0.91     0.999908       582262     10922.67
        1.43     0.999915       582266     11702.86
        1.54     0.999921       582269     12603.08
        2.13     0.999927       582273     13653.33
        2.29     0.999933       582276     14894.55
        2.33     0.999939       582280     16384.00
        2.38     0.999942       582283     17246.32
        2.42     0.999945       582285     18204.44
        2.42     0.999948       582285     19275.29
        2.53     0.999951       582288     20480.00
        2.54     0.999954       582289     21845.33
        2.58     0.999957       582291     23405.71
        2.59     0.999960       582292     25206.15
        2.69     0.999963       582294     27306.67
        2.75     0.999966       582296     29789.09
        2.77     0.999969       582298     32768.00
        2.78     0.999971       582300     34492.63
        2.78     0.999973       582300     36408.89
        2.78     0.999974       582300     38550.59
        2.93     0.999976       582302     40960.00
        2.93     0.999977       582302     43690.67
        2.99     0.999979       582303     46811.43
        3.36     0.999980       582304     50412.31
        3.38     0.999982       582305     54613.33
        3.41     0.999983       582306     59578.18
        3.44     0.999985       582307     65536.00
        3.44     0.999986       582307     68985.26
        3.46     0.999986       582308     72817.78
        3.46     0.999987       582308     77101.18
        3.46     0.999988       582308     81920.00
        3.49     0.999989       582310     87381.33
        3.49     0.999989       582310     93622.86
        3.49     0.999990       582310    100824.62
        3.49     0.999991       582310    109226.67
        3.52     0.999992       582311    119156.36
        3.52     0.999992       582311    131072.00
        3.52     0.999993       582311    137970.53
        3.57     0.999993       582312    145635.56
        3.57     0.999994       582312    154202.35
        3.57     0.999994       582312    163840.00
        3.57     0.999994       582312    174762.67
        3.57     0.999995       582312    187245.71
        3.60     0.999995       582313    201649.23
        3.60     0.999995       582313    218453.33
        3.60     0.999996       582313    238312.73
        3.60     0.999996       582313    262144.00
        3.60     0.999996       582313    275941.05
        3.73     0.999997       582314    291271.11
        3.73     0.999997       582314    308404.71
        3.73     0.999997       582314    327680.00
        3.73     0.999997       582314    349525.33
        3.73     0.999997       582314    374491.43
        3.73     0.999998       582314    403298.46
        3.73     0.999998       582314    436906.67
        3.73     0.999998       582314    476625.45
        3.73     0.999998       582314    524288.00
        3.73     0.999998       582314    551882.11
        3.81     0.999998       582315    582542.22
        3.81     1.000000       582315          inf
#[Mean    =        0.412, StdDeviation   =        0.096]
#[Max     =        3.807, Total count    =       582315]
#[Buckets =           20, SubBuckets     =          256]
