       Value   Percentile   TotalCount 1/(1-Percentile)

        0.26     0.000000            1         1.00
        0.61     0.050000        20134         1.05
        0.63     0.100000        35739         1.11
        0.65     0.150000        52006         1.18
        0.66     0.200000        73393         1.25
        0.67     0.250000        86017         1.33
        0.69     0.300000       115095         1.43
        0.69     0.350000       130950         1.54
        0.70     0.400000       147317         1.67
        0.71     0.450000       164158         1.82
        0.72     0.500000       180907         2.00
        0.72     0.525000       180907         2.11
        0.73     0.550000       197183         2.22
        0.73     0.575000       197183         2.35
        0.73     0.600000       212967         2.50
        0.73     0.625000       212967         2.67
        0.74     0.650000       227806         2.86
        0.74     0.675000       227806         3.08
        0.75     0.700000       241632         3.33
        0.76     0.725000       254334         3.64
        0.76     0.750000       254334         4.00
        0.77     0.762500       265912         4.21
        0.77     0.775000       265912         4.44
        0.77     0.787500       265912         4.71
        0.78     0.800000       276249         5.00
        0.78     0.812500       276249         5.33
        0.78     0.825000       285138         5.71
        0.78     0.837500       285138         6.15
        0.79     0.850000       293145         6.67
        0.79     0.862500       293145         7.27
        0.80     0.875000       299970         8.00
        0.80     0.881250       299970         8.42
        0.80     0.887500       299970         8.89
        0.80     0.893750       299970         9.41
        0.81     0.900000       305668        10.00
        0.81     0.906250       305668        10.67
        0.81     0.912500       310569        11.43
        0.81     0.918750       310569        12.31
        0.81     0.925000       310569        13.33
        0.82     0.931250       314713        14.55
        0.82     0.937500       314713        16.00
        0.83     0.940625       318228        16.84
        0.83     0.943750       318228        17.78
        0.83     0.946875       318228        18.82
        0.84     0.950000       321303        20.00
        0.84     0.953125       321303        21.33
        0.84     0.956250       321303        22.86
        0.85     0.959375       323781        24.62
        0.85     0.962500       323781        26.67
        0.85     0.965625       325788        29.09
        0.85     0.968750       325788        32.00
        0.85     0.970313       325788        33.68
        0.86     0.971875       327487        35.56
        0.86     0.973437       327487        37.65
        0.86     0.975000       327487        40.00
        0.87     0.976562       328937        42.67
        0.87     0.978125       328937        45.71
        0.87     0.979688       328937        49.23
        0.88     0.981250       330099        53.33
        0.88     0.982812       330099        58.18
        0.89     0.984375       331090        64.00
        0.89     0.985156       331090        67.37
        0.89     0.985938       331090        71.11
        0.89     0.986719       331090        75.29
        0.90     0.987500       331912        80.00
        0.90     0.988281       331912        85.33
        0.90     0.989062       331912        91.43
        0.90     0.989844       332543        98.46
        0.90     0.990625       332543       106.67
        0.91     0.991406       333064       116.36
        0.91     0.992188       333064       128.00
        0.91     0.992578       333064       134.74
        0.92     0.992969       333491       142.22
        0.92     0.993359       333491       150.59
        0.92     0.993750       333491       160.00
        0.93     0.994141       333841       170.67
        0.93     0.994531       333841       182.86
        0.93     0.994922       333841       196.92
        0.94     0.995313       334092       213.33
        0.94     0.995703       334092       232.73
        0.94     0.996094       334331       256.00
        0.94     0.996289       334331       269.47
        0.94     0.996484       334331       284.44
        0.95     0.996680       334500       301.18
        0.95     0.996875       334500       320.00
        0.95     0.997070       334500       341.33
        0.96     0.997266       334654       365.71
        0.96     0.997461       334654       393.85
        0.97     0.997656       334754       426.67
        0.97     0.997852       334754       465.45
        0.97     0.998047       334836       512.00
        0.98     0.998145       334907       538.95
        0.98     0.998242       334907       568.89
        0.99     0.998340       334951       602.35
        0.99     0.998437       334951       640.00
        1.00     0.998535       334997       682.67
        1.01     0.998633       335036       731.43
        1.01     0.998730       335074       787.69
        1.01     0.998828       335074       853.33
        1.02     0.998926       335104       930.91
        1.04     0.999023       335150      1024.00
        1.05     0.999072       335169      1077.89
        1.05     0.999121       335176      1137.78
        1.07     0.999170       335193      1204.71
        1.08     0.999219       335204      1280.00
        1.09     0.999268       335219      1365.33
        1.11     0.999316       335243      1462.86
        1.12     0.999365       335256      1575.38
        1.13     0.999414       335269      1706.67
        1.14     0.999463       335285      1861.82
        1.16     0.999512       335303      2048.00
        1.18     0.999536       335314      2155.79
        1.18     0.999561       335325      2275.56
        1.18     0.999585       335325      2409.41
        1.20     0.999609       335333      2560.00
        1.22     0.999634       335347      2730.67
        1.22     0.999658       335358      2925.71
        1.22     0.999683       335358      3150.77
        1.24     0.999707       335375      3413.33
        1.24     0.999731       335375      3723.64
        1.26     0.999756       335391      4096.00
        1.26     0.999768       335391      4311.58
        1.26     0.999780       335391      4551.11
        1.27     0.999792       335395      4818.82
        1.29     0.999805       335401      5120.00
        1.29     0.999817       335405      5461.33
        1.30     0.999829       335409      5851.43
        1.32     0.999841       335413      6301.54
        1.33     0.999854       335416      6826.67
        1.33     0.999866       335420      7447.27
        1.37     0.999878       335424      8192.00
        1.39     0.999884       335426      8623.16
        1.41     0.999890       335428      9102.22
        1.42     0.999896       335430      9637.65
        1.46     0.999902       335432     10240.00
        1.50     0.999908       335434     10922.67
        1.62     0.999915       335436     11702.86
        1.68     0.999921       335438     12603.08
        1.78     0.999927       335440     13653.33
        2.69     0.999933       335442     14894.55
        3.12     0.999939       335444     16384.00
        3.26     0.999942       335445     17246.32
        3.34     0.999945       335446     18204.44
        3.42     0.999948       335447     19275.29
        3.76     0.999951       335448     20480.00
        3.79     0.999954       335449     21845.33
        4.03     0.999957       335450     23405.71
        4.05     0.999960       335452     25206.15
        4.05     0.999963       335452     27306.67
        4.16     0.999966       335453     29789.09
        4.19     0.999969       335454     32768.00
        4.45     0.999971       335455     34492.63
        4.45     0.999973       335455     36408.89
        4.58     0.999974       335456     38550.59
        4.58     0.999976       335456     40960.00
        4.61     0.999977       335457     43690.67
        4.61     0.999979       335457     46811.43
        4.70     0.999980       335458     50412.31
        4.70     0.999982       335458     54613.33
        4.89     0.999983       335459     59578.18
        4.89     0.999985       335459     65536.00
        4.96     0.999986       335460     68985.26
        4.96     0.999986       335460     72817.78
        4.96     0.999987       335460     77101.18
        4.96     0.999988       335460     81920.00
        5.05     0.999989       335461     87381.33
        5.05     0.999989       335461     93622.86
        5.05     0.999990       335461    100824.62
        5.05     0.999991       335461    109226.67
        5.18     0.999992       335462    119156.36
        5.18     0.999992       335462    131072.00
        5.18     0.999993       335462    137970.53
        5.18     0.999993       335462    145635.56
        5.18     0.999994       335462    154202.35
        5.18     0.999994       335462    163840.00
        5.21     0.999994       335464    174762.67
        5.21     1.000000       335464          inf
#[Mean    =        0.714, StdDeviation   =        0.081]
#[Max     =        5.215, Total count    =       335464]
#[Buckets =           20, SubBuckets     =          256]
