       Value   Percentile   TotalCount 1/(1-Percentile)

        0.15     0.000000            1         1.00
        0.26     0.050000        46019         1.05
        0.27     0.100000        71095         1.11
        0.28     0.150000        94686         1.18
        0.31     0.200000       121807         1.25
        0.34     0.250000       151880         1.33
        0.35     0.300000       200197         1.43
        0.36     0.350000       225532         1.54
        0.37     0.400000       250357         1.67
        0.38     0.450000       282822         1.82
        0.40     0.500000       318613         2.00
        0.41     0.525000       349324         2.11
        0.41     0.550000       349324         2.22
        0.41     0.575000       349324         2.35
        0.41     0.600000       385411         2.50
        0.41     0.625000       385411         2.67
        0.42     0.650000       421048         2.86
        0.42     0.675000       421048         3.08
        0.43     0.700000       454210         3.33
        0.43     0.725000       454210         3.64
        0.44     0.750000       482320         4.00
        0.44     0.762500       482320         4.21
        0.44     0.775000       482320         4.44
        0.44     0.787500       482320         4.71
        0.45     0.800000       501134         5.00
        0.45     0.812500       501134         5.33
        0.46     0.825000       511058         5.71
        0.46     0.837500       511058         6.15
        0.47     0.850000       519129         6.67
        0.49     0.862500       524285         7.27
        0.56     0.875000       534683         8.00
        0.57     0.881250       540990         8.42
        0.57     0.887500       540990         8.89
        0.57     0.893750       551030         9.41
        0.57     0.900000       551030        10.00
        0.57     0.906250       551030        10.67
        0.58     0.912500       563973        11.43
        0.58     0.918750       563973        12.31
        0.58     0.925000       563973        13.33
        0.59     0.931250       577471        14.55
        0.59     0.937500       577471        16.00
        0.59     0.940625       577471        16.84
        0.59     0.943750       577471        17.78
        0.59     0.946875       577471        18.82
        0.59     0.950000       577471        20.00
        0.60     0.953125       588587        21.33
        0.60     0.956250       588587        22.86
        0.60     0.959375       588587        24.62
        0.60     0.962500       588587        26.67
        0.60     0.965625       588587        29.09
        0.60     0.968750       588587        32.00
        0.61     0.970313       596080        33.68
        0.61     0.971875       596080        35.56
        0.61     0.973437       596080        37.65
        0.61     0.975000       596080        40.00
        0.61     0.976562       596080        42.67
        0.61     0.978125       596080        45.71
        0.61     0.979688       596080        49.23
        0.61     0.981250       596080        53.33
        0.61     0.982812       600207        58.18
        0.61     0.984375       600207        64.00
        0.61     0.985156       600207        67.37
        0.61     0.985938       600207        71.11
        0.61     0.986719       600207        75.29
        0.61     0.987500       600207        80.00
        0.62     0.988281       602372        85.33
        0.62     0.989062       602372        91.43
        0.62     0.989844       602372        98.46
        0.62     0.990625       602372       106.67
        0.62     0.991406       602372       116.36
        0.63     0.992188       603513       128.00
        0.63     0.992578       603513       134.74
        0.63     0.992969       603513       142.22
        0.63     0.993359       603513       150.59
        0.64     0.993750       604291       160.00
        0.64     0.994141       604291       170.67
        0.64     0.994531       604291       182.86
        0.65     0.994922       604889       196.92
        0.65     0.995313       604889       213.33
        0.65     0.995703       604889       232.73
        0.66     0.996094       605367       256.00
        0.66     0.996289       605367       269.47
        0.66     0.996484       605367       284.44
        0.66     0.996680       605732       301.18
        0.66     0.996875       605732       320.00
        0.66     0.997070       605732       341.33
        0.67     0.997266       606068       365.71
        0.67     0.997461       606068       393.85
        0.67     0.997656       606068       426.67
        0.68     0.997852       606342       465.45
        0.68     0.998047       606342       512.00
        0.68     0.998145       606342       538.95
        0.69     0.998242       606572       568.89
        0.69     0.998340       606572       602.35
        0.69     0.998437       606572       640.00
        0.69     0.998535       606572       682.67
        0.69     0.998633       606775       731.43
        0.69     0.998730       606775       787.69
        0.69     0.998828       606775       853.33
        0.70     0.998926       606942       930.91
        0.70     0.999023       606942      1024.00
        0.70     0.999072       606942      1077.89
        0.70     0.999121       606942      1137.78
        0.71     0.999170       607091      1204.71
        0.71     0.999219       607091      1280.00
        0.71     0.999268       607091      1365.33
        0.71     0.999316       607091      1462.86
        0.71     0.999365       607091      1575.38
        0.72     0.999414       607197      1706.67
        0.72     0.999463       607197      1861.82
        0.72     0.999512       607197      2048.00
        0.72     0.999536       607197      2155.79
        0.72     0.999561       607197      2275.56
        0.73     0.999585       607274      2409.41
        0.73     0.999609       607274      2560.00
        0.73     0.999634       607274      2730.67
        0.73     0.999658       607274      2925.71
        0.73     0.999683       607274      3150.77
        0.73     0.999707       607325      3413.33
        0.73     0.999731       607325      3723.64
        0.73     0.999756       607325      4096.00
        0.73     0.999768       607325      4311.58
        0.74     0.999780       607347      4551.11
        0.74     0.999792       607347      4818.82
        0.74     0.999805       607347      5120.00
        0.75     0.999817       607366      5461.33
        0.75     0.999829       607366      5851.43
        0.75     0.999841       607366      6301.54
        0.76     0.999854       607376      6826.67
        0.77     0.999866       607382      7447.27
        0.78     0.999878       607386      8192.00
        0.80     0.999884       607391      8623.16
        0.81     0.999890       607394      9102.22
        0.83     0.999896       607399      9637.65
        0.84     0.999902       607400     10240.00
        1.20     0.999908       607404     10922.67
        1.48     0.999915       607409     11702.86
        1.53     0.999921       607411     12603.08
        1.85     0.999927       607415     13653.33
        2.42     0.999933       607419     14894.55
        2.51     0.999939       607422     16384.00
        2.61     0.999942       607424     17246.32
        2.64     0.999945       607426     18204.44
        2.65     0.999948       607429     19275.29
        2.67     0.999951       607430     20480.00
        2.73     0.999954       607432     21845.33
        2.88     0.999957       607435     23405.71
        2.88     0.999960       607435     25206.15
        3.04     0.999963       607437     27306.67
        3.09     0.999966       607440     29789.09
        3.13     0.999969       607443     32768.00
        3.13     0.999971       607443     34492.63
        3.13     0.999973       607443     36408.89
        3.17     0.999974       607444     38550.59
        3.21     0.999976       607446     40960.00
        3.21     0.999977       607446     43690.67
        3.36     0.999979       607447     46811.43
        3.36     0.999980       607447     50412.31
        3.46     0.999982       607449     54613.33
        3.46     0.999983       607449     59578.18
        3.47     0.999985       607450     65536.00
        3.50     0.999986       607452     68985.26
        3.50     0.999986       607452     72817.78
        3.50     0.999987       607452     77101.18
        3.50     0.999988       607452     81920.00
        3.54     0.999989       607453     87381.33
        3.54     0.999989       607453     93622.86
        3.54     0.999990       607453    100824.62
        3.57     0.999991       607454    109226.67
        3.57     0.999992       607454    119156.36
        3.62     0.999992       607455    131072.00
        3.62     0.999993       607455    137970.53
        3.62     0.999993       607455    145635.56
        3.65     0.999994       607457    154202.35
        3.65     0.999994       607457    163840.00
        3.65     0.999994       607457    174762.67
        3.65     0.999995       607457    187245.71
        3.65     0.999995       607457    201649.23
        3.65     0.999995       607457    218453.33
        3.65     0.999996       607457    238312.73
        3.65     0.999996       607457    262144.00
        3.65     0.999996       607457    275941.05
        3.65     0.999997       607457    291271.11
        3.68     0.999997       607458    308404.71
        3.68     0.999997       607458    327680.00
        3.68     0.999997       607458    349525.33
        3.68     0.999997       607458    374491.43
        3.68     0.999998       607458    403298.46
        3.68     0.999998       607458    436906.67
        3.68     0.999998       607458    476625.45
        3.68     0.999998       607458    524288.00
        3.68     0.999998       607458    551882.11
        3.68     0.999998       607458    582542.22
        3.89     0.999998       607459    616809.41
        3.89     1.000000       607459          inf
#[Mean    =        0.395, StdDeviation   =        0.100]
#[Max     =        3.887, Total count    =       607459]
#[Buckets =           20, SubBuckets     =          256]
