       Value   Percentile   TotalCount 1/(1-Percentile)

        0.06     0.000000           10         1.00
        0.17     0.050000      1488660         1.05
        0.46     0.100000      2884590         1.11
        0.56     0.150000      4507700         1.18
        0.58     0.200000      5811180         1.25
        0.60     0.250000      7973120         1.33
        0.61     0.300000      9771100         1.43
        0.61     0.350000     11499900         1.54
        0.61     0.400000     11499900         1.67
        0.62     0.450000     12928110         1.82
        0.64     0.500000     15423540         2.00
        0.64     0.525000     15423540         2.11
        0.65     0.550000     16608940         2.22
        0.65     0.575000     16608940         2.35
        0.66     0.600000     17771030         2.50
        0.66     0.625000     18896000         2.67
        0.66     0.650000     18896000         2.86
        0.67     0.675000     19919870         3.08
        0.68     0.700000     20814720         3.33
        0.68     0.725000     20814720         3.64
        0.69     0.750000     21557750         4.00
        0.69     0.762500     22144070         4.21
        0.69     0.775000     22144070         4.44
        0.70     0.787500     22577160         4.71
        0.71     0.800000     22900710         5.00
        0.73     0.812500     23313040         5.33
        0.74     0.825000     23572760         5.71
        0.77     0.837500     23925750         6.15
        0.80     0.850000     24296900         6.67
        0.83     0.862500     24692820         7.27
        0.85     0.875000     25018620         8.00
        0.87     0.881250     25248750         8.42
        0.88     0.887500     25369620         8.89
        0.89     0.893750     25499210         9.41
        0.90     0.900000     25776630        10.00
        0.91     0.906250     25930870        10.67
        0.92     0.912500     26089090        11.43
        0.93     0.918750     26250360        12.31
        0.94     0.925000     26411030        13.33
        0.94     0.931250     26579090        14.55
        0.95     0.937500     26746320        16.00
        0.96     0.940625     26909980        16.84
        0.97     0.943750     27074330        17.78
        0.97     0.946875     27074330        18.82
        0.97     0.950000     27231580        20.00
        0.97     0.953125     27231580        21.33
        0.98     0.956250     27380510        22.86
        0.98     0.959375     27380510        24.62
        0.99     0.962500     27516250        26.67
        1.00     0.965625     27640750        29.09
        1.00     0.968750     27640750        32.00
        1.01     0.970313     27749070        33.68
        1.01     0.971875     27749070        35.56
        1.01     0.973437     27842160        37.65
        1.01     0.975000     27842160        40.00
        1.02     0.976562     27917150        42.67
        1.02     0.978125     27917150        45.71
        1.03     0.979688     27981240        49.23
        1.04     0.981250     28033510        53.33
        1.04     0.982812     28033510        58.18
        1.05     0.984375     28108250        64.00
        1.05     0.985156     28108250        67.37
        1.06     0.985938     28134340        71.11
        1.07     0.986719     28154610        75.29
        1.08     0.987500     28170800        80.00
        1.09     0.988281     28196270        85.33
        1.11     0.989062     28215020        91.43
        1.14     0.989844     28234860        98.46
        1.18     0.990625     28259180       106.67
        1.22     0.991406     28278750       116.36
        1.28     0.992188     28302310       128.00
        1.31     0.992578     28311830       134.74
        1.36     0.992969     28324460       142.22
        1.41     0.993359     28335330       150.59
        1.46     0.993750     28345970       160.00
        1.52     0.994141     28357340       170.67
        1.60     0.994531     28368040       182.86
        1.69     0.994922     28378460       196.92
        1.85     0.995313     28389960       213.33
        2.14     0.995703     28401390       232.73
        2.46     0.996094     28412150       256.00
        2.65     0.996289     28418020       269.47
        2.86     0.996484     28423090       284.44
        3.25     0.996680     28428790       301.18
        3.60     0.996875     28434170       320.00
        3.97     0.997070     28439930       341.33
        4.61     0.997266     28445440       365.71
        5.21     0.997461     28450860       393.85
        5.82     0.997656     28456720       426.67
        6.37     0.997852     28462410       465.45
        6.85     0.998047     28467790       512.00
        7.13     0.998145     28470440       538.95
        7.46     0.998242     28473450       568.89
        7.81     0.998340     28476060       602.35
        8.16     0.998437     28479190       640.00
        8.51     0.998535     28481590       682.67
        8.96     0.998633     28484360       731.43
        9.47     0.998730     28487450       787.69
        9.92     0.998828     28490090       853.33
       10.56     0.998926     28492670       930.91
       12.22     0.999023     28495550      1024.00
       12.61     0.999072     28496930      1077.89
       13.31     0.999121     28498370      1137.78
       13.95     0.999170     28499650      1204.71
       14.78     0.999219     28501200      1280.00
       15.49     0.999268     28502490      1365.33
       16.19     0.999316     28504050      1462.86
       16.51     0.999365     28505710      1575.38
       16.77     0.999414     28506850      1706.67
       17.41     0.999463     28508070      1861.82
       18.30     0.999512     28509590      2048.00
       18.82     0.999536     28510220      2155.79
       19.20     0.999561     28510800      2275.56
       19.97     0.999585     28511540      2409.41
       20.22     0.999609     28512260      2560.00
       20.48     0.999634     28513490      2730.67
       20.61     0.999658     28513910      2925.71
       20.86     0.999683     28514390      3150.77
       21.63     0.999707     28515110      3413.33
       23.04     0.999731     28515650      3723.64
       24.19     0.999756     28518690      4096.00
       24.19     0.999768     28518690      4311.58
       24.19     0.999780     28518690      4551.11
       24.19     0.999792     28518690      4818.82
       24.19     0.999805     28518690      5120.00
       24.19     0.999817     28518690      5461.33
       24.19     0.999829     28518690      5851.43
       24.32     0.999841     28519880      6301.54
       24.32     0.999854     28519880      6826.67
       24.32     0.999866     28519880      7447.27
       24.32     0.999878     28519880      8192.00
       24.45     0.999884     28520110      8623.16
       24.57     0.999890     28520190      9102.22
       24.96     0.999896     28520330      9637.65
       25.73     0.999902     28520520     10240.00
       25.86     0.999908     28520680     10922.67
       27.14     0.999915     28520880     11702.86
       27.77     0.999921     28521020     12603.08
       28.16     0.999927     28521510     13653.33
       28.16     0.999933     28521510     14894.55
       28.29     0.999939     28522010     16384.00
       28.29     0.999942     28522010     17246.32
       28.29     0.999945     28522010     18204.44
       28.29     0.999948     28522010     19275.29
       28.29     0.999951     28522010     20480.00
       28.29     0.999954     28522010     21845.33
       28.41     0.999957     28522130     23405.71
       28.54     0.999960     28522270     25206.15
       28.54     0.999963     28522270     27306.67
       29.05     0.999966     28522410     29789.09
       29.05     0.999969     28522410     32768.00
       29.18     0.999971     28522480     34492.63
       29.44     0.999973     28522530     36408.89
       29.57     0.999974     28522550     38550.59
       31.61     0.999976     28522620     40960.00
       31.61     0.999977     28522620     43690.67
       31.74     0.999979     28522690     46811.43
       31.87     0.999980     28522790     50412.31
       31.87     0.999982     28522790     54613.33
       32.13     0.999983     28522830     59578.18
       32.26     0.999985     28522960     65536.00
       32.26     0.999986     28522960     68985.26
       32.26     0.999986     28522960     72817.78
       32.26     0.999987     28522960     77101.18
       32.26     0.999988     28522960     81920.00
       32.26     0.999989     28522960     87381.33
       32.38     0.999989     28523030     93622.86
       32.38     0.999990     28523030    100824.62
       32.38     0.999991     28523030    109226.67
       32.51     0.999992     28523100    119156.36
       32.51     0.999992     28523100    131072.00
       32.51     0.999993     28523100    137970.53
       32.51     0.999993     28523100    145635.56
       32.51     0.999994     28523100    154202.35
       32.51     0.999994     28523100    163840.00
       32.77     0.999994     28523110    174762.67
       36.09     0.999995     28523130    187245.71
       36.09     0.999995     28523130    201649.23
       36.35     0.999995     28523190    218453.33
       36.35     0.999996     28523190    238312.73
       36.35     0.999996     28523190    262144.00
       36.35     0.999996     28523190    275941.05
       36.35     0.999997     28523190    291271.11
       36.35     0.999997     28523190    308404.71
       36.35     0.999997     28523190    327680.00
       36.35     0.999997     28523190    349525.33
       37.12     0.999997     28523270    374491.43
       37.12     1.000000     28523270          inf
#[Mean    =        0.671, StdDeviation   =        0.703]
#[Max     =       37.119, Total count    =     28523270]
#[Buckets =           20, SubBuckets     =          256]
