       Value   Percentile   TotalCount 1/(1-Percentile)

        0.27     0.000000            1         1.00
        0.61     0.050000        18876         1.05
        0.63     0.100000        34580         1.11
        0.65     0.150000        50613         1.18
        0.66     0.200000        71707         1.25
        0.67     0.250000        84443         1.33
        0.69     0.300000       113342         1.43
        0.69     0.350000       129328         1.54
        0.70     0.400000       146127         1.67
        0.71     0.450000       163103         1.82
        0.72     0.500000       180209         2.00
        0.72     0.525000       180209         2.11
        0.73     0.550000       197015         2.22
        0.73     0.575000       197015         2.35
        0.73     0.600000       213092         2.50
        0.73     0.625000       213092         2.67
        0.74     0.650000       227984         2.86
        0.74     0.675000       227984         3.08
        0.75     0.700000       241930         3.33
        0.76     0.725000       254751         3.64
        0.76     0.750000       254751         4.00
        0.77     0.762500       266178         4.21
        0.77     0.775000       266178         4.44
        0.77     0.787500       266178         4.71
        0.78     0.800000       276322         5.00
        0.78     0.812500       276322         5.33
        0.78     0.825000       285348         5.71
        0.78     0.837500       285348         6.15
        0.78     0.850000       285348         6.67
        0.79     0.862500       293070         7.27
        0.80     0.875000       299832         8.00
        0.80     0.881250       299832         8.42
        0.80     0.887500       299832         8.89
        0.80     0.893750       299832         9.41
        0.81     0.900000       305549        10.00
        0.81     0.906250       305549        10.67
        0.81     0.912500       310528        11.43
        0.81     0.918750       310528        12.31
        0.81     0.925000       310528        13.33
        0.82     0.931250       314704        14.55
        0.82     0.937500       314704        16.00
        0.83     0.940625       318253        16.84
        0.83     0.943750       318253        17.78
        0.83     0.946875       318253        18.82
        0.84     0.950000       321201        20.00
        0.84     0.953125       321201        21.33
        0.84     0.956250       321201        22.86
        0.85     0.959375       323617        24.62
        0.85     0.962500       323617        26.67
        0.85     0.965625       325676        29.09
        0.85     0.968750       325676        32.00
        0.85     0.970313       325676        33.68
        0.86     0.971875       327417        35.56
        0.86     0.973437       327417        37.65
        0.86     0.975000       327417        40.00
        0.86     0.976562       327417        42.67
        0.87     0.978125       328789        45.71
        0.87     0.979688       328789        49.23
        0.88     0.981250       329974        53.33
        0.88     0.982812       329974        58.18
        0.89     0.984375       330912        64.00
        0.89     0.985156       330912        67.37
        0.89     0.985938       330912        71.11
        0.89     0.986719       330912        75.29
        0.90     0.987500       331710        80.00
        0.90     0.988281       331710        85.33
        0.90     0.989062       331710        91.43
        0.90     0.989844       332366        98.46
        0.90     0.990625       332366       106.67
        0.91     0.991406       332911       116.36
        0.91     0.992188       332911       128.00
        0.91     0.992578       332911       134.74
        0.91     0.992969       332911       142.22
        0.92     0.993359       333348       150.59
        0.92     0.993750       333348       160.00
        0.92     0.994141       333348       170.67
        0.93     0.994531       333706       182.86
        0.93     0.994922       333706       196.92
        0.93     0.995313       333706       213.33
        0.94     0.995703       333955       232.73
        0.94     0.996094       333955       256.00
        0.94     0.996289       334149       269.47
        0.94     0.996484       334149       284.44
        0.94     0.996680       334149       301.18
        0.95     0.996875       334325       320.00
        0.95     0.997070       334325       341.33
        0.96     0.997266       334456       365.71
        0.96     0.997461       334456       393.85
        0.97     0.997656       334562       426.67
        0.97     0.997852       334562       465.45
        0.97     0.998047       334644       512.00
        0.97     0.998145       334644       538.95
        0.98     0.998242       334712       568.89
        0.98     0.998340       334712       602.35
        0.99     0.998437       334761       640.00
        0.99     0.998535       334761       682.67
        1.00     0.998633       334797       731.43
        1.01     0.998730       334837       787.69
        1.01     0.998828       334864       853.33
        1.03     0.998926       334905       930.91
        1.05     0.999023       334937      1024.00
        1.05     0.999072       334951      1077.89
        1.06     0.999121       334965      1137.78
        1.07     0.999170       334980      1204.71
        1.08     0.999219       334994      1280.00
        1.09     0.999268       335019      1365.33
        1.10     0.999316       335028      1462.86
        1.11     0.999365       335042      1575.38
        1.13     0.999414       335064      1706.67
        1.14     0.999463       335076      1861.82
        1.15     0.999512       335096      2048.00
        1.16     0.999536       335103      2155.79
        1.17     0.999561       335109      2275.56
        1.18     0.999585       335114      2409.41
        1.19     0.999609       335127      2560.00
        1.20     0.999634       335133      2730.67
        1.21     0.999658       335143      2925.71
        1.22     0.999683       335152      3150.77
        1.22     0.999707       335158      3413.33
        1.23     0.999731       335168      3723.64
        1.24     0.999756       335172      4096.00
        1.25     0.999768       335178      4311.58
        1.25     0.999780       335184      4551.11
        1.25     0.999792       335184      4818.82
        1.26     0.999805       335187      5120.00
        1.28     0.999817       335191      5461.33
        1.33     0.999829       335196      5851.43
        1.35     0.999841       335199      6301.54
        1.39     0.999854       335203      6826.67
        1.45     0.999866       335208      7447.27
        1.52     0.999878       335212      8192.00
        1.53     0.999884       335216      8623.16
        1.53     0.999890       335216      9102.22
        1.55     0.999896       335218      9637.65
        1.57     0.999902       335220     10240.00
        1.57     0.999908       335223     10922.67
        1.61     0.999915       335224     11702.86
        1.67     0.999921       335226     12603.08
        1.74     0.999927       335228     13653.33
        2.72     0.999933       335230     14894.55
        2.98     0.999939       335232     16384.00
        3.01     0.999942       335233     17246.32
        3.06     0.999945       335234     18204.44
        3.38     0.999948       335235     19275.29
        3.39     0.999951       335236     20480.00
        3.42     0.999954       335237     21845.33
        3.57     0.999957       335238     23405.71
        3.62     0.999960       335239     25206.15
        3.63     0.999963       335240     27306.67
        3.94     0.999966       335241     29789.09
        4.05     0.999969       335242     32768.00
        4.22     0.999971       335243     34492.63
        4.22     0.999973       335243     36408.89
        4.35     0.999974       335245     38550.59
        4.35     0.999976       335245     40960.00
        4.35     0.999977       335245     43690.67
        4.35     0.999979       335245     46811.43
        4.42     0.999980       335246     50412.31
        4.42     0.999982       335246     54613.33
        4.64     0.999983       335247     59578.18
        4.64     0.999985       335247     65536.00
        4.74     0.999986       335248     68985.26
        4.74     0.999986       335248     72817.78
        4.74     0.999987       335248     77101.18
        4.74     0.999988       335248     81920.00
        4.80     0.999989       335249     87381.33
        4.80     0.999989       335249     93622.86
        4.80     0.999990       335249    100824.62
        4.80     0.999991       335249    109226.67
        4.83     0.999992       335250    119156.36
        4.83     0.999992       335250    131072.00
        4.83     0.999993       335250    137970.53
        4.83     0.999993       335250    145635.56
        4.83     0.999994       335250    154202.35
        4.83     0.999994       335250    163840.00
        5.02     0.999994       335251    174762.67
        5.02     0.999995       335251    187245.71
        5.02     0.999995       335251    201649.23
        5.02     0.999995       335251    218453.33
        5.02     0.999996       335251    238312.73
        5.02     0.999996       335251    262144.00
        5.02     0.999996       335251    275941.05
        5.02     0.999997       335251    291271.11
        5.02     0.999997       335251    308404.71
        5.02     0.999997       335251    327680.00
        5.05     0.999997       335252    349525.33
        5.05     1.000000       335252          inf
#[Mean    =        0.715, StdDeviation   =        0.079]
#[Max     =        5.055, Total count    =       335252]
#[Buckets =           20, SubBuckets     =          256]
