       Value   Percentile   TotalCount 1/(1-Percentile)

        0.26     0.000000            1         1.00
        0.46     0.050000        19346         1.05
        0.49     0.100000        36984         1.11
        0.54     0.150000        54727         1.18
        0.57     0.200000        72874         1.25
        0.59     0.250000        90238         1.33
        0.61     0.300000       111541         1.43
        0.62     0.350000       131137         1.54
        0.64     0.400000       145826         1.67
        0.66     0.450000       161642         1.82
        0.69     0.500000       181678         2.00
        0.69     0.525000       190386         2.11
        0.70     0.550000       199916         2.22
        0.71     0.575000       210160         2.35
        0.71     0.600000       210160         2.50
        0.72     0.625000       220717         2.67
        0.73     0.650000       231233         2.86
        0.73     0.675000       241708         3.08
        0.74     0.700000       251779         3.33
        0.75     0.725000       260941         3.64
        0.76     0.750000       269324         4.00
        0.76     0.762500       269324         4.21
        0.77     0.775000       276543         4.44
        0.77     0.787500       276543         4.71
        0.78     0.800000       282379         5.00
        0.78     0.812500       287147         5.33
        0.79     0.825000       290718         5.71
        0.80     0.837500       293354         6.15
        0.82     0.850000       297428         6.67
        0.89     0.862500       301357         7.27
        0.92     0.875000       306256         8.00
        0.93     0.881250       308387         8.42
        0.94     0.887500       311016         8.89
        0.94     0.893750       314256         9.41
        0.94     0.900000       314256        10.00
        0.95     0.906250       317674        10.67
        0.96     0.912500       321366        11.43
        0.96     0.918750       321366        12.31
        0.97     0.925000       325275        13.33
        0.97     0.931250       325275        14.55
        0.97     0.937500       329214        16.00
        0.97     0.940625       329214        16.84
        0.98     0.943750       332954        17.78
        0.98     0.946875       332954        18.82
        0.98     0.950000       332954        20.00
        0.98     0.953125       332954        21.33
        0.99     0.956250       336426        22.86
        0.99     0.959375       336426        24.62
        0.99     0.962500       336426        26.67
        1.00     0.965625       339477        29.09
        1.00     0.968750       339477        32.00
        1.00     0.970313       339477        33.68
        1.00     0.971875       339477        35.56
        1.01     0.973437       342002        37.65
        1.01     0.975000       342002        40.00
        1.01     0.976562       342002        42.67
        1.01     0.978125       342002        45.71
        1.01     0.979688       344041        49.23
        1.01     0.981250       344041        53.33
        1.01     0.982812       344041        58.18
        1.01     0.984375       344041        64.00
        1.01     0.985156       344041        67.37
        1.02     0.985938       345596        71.11
        1.02     0.986719       345596        75.29
        1.02     0.987500       345596        80.00
        1.02     0.988281       345596        85.33
        1.02     0.989062       345596        91.43
        1.02     0.989844       345596        98.46
        1.03     0.990625       346652       106.67
        1.03     0.991406       346652       116.36
        1.03     0.992188       346652       128.00
        1.03     0.992578       346652       134.74
        1.04     0.992969       347428       142.22
        1.04     0.993359       347428       150.59
        1.04     0.993750       347428       160.00
        1.04     0.994141       347428       170.67
        1.04     0.994531       347428       182.86
        1.04     0.994922       347428       196.92
        1.05     0.995313       347946       213.33
        1.05     0.995703       347946       232.73
        1.05     0.996094       347946       256.00
        1.05     0.996289       347946       269.47
        1.05     0.996484       347946       284.44
        1.05     0.996680       348270       301.18
        1.05     0.996875       348270       320.00
        1.05     0.997070       348270       341.33
        1.05     0.997266       348270       365.71
        1.05     0.997461       348270       393.85
        1.06     0.997656       348478       426.67
        1.06     0.997852       348478       465.45
        1.06     0.998047       348478       512.00
        1.07     0.998145       348614       538.95
        1.07     0.998242       348614       568.89
        1.07     0.998340       348614       602.35
        1.07     0.998437       348614       640.00
        1.08     0.998535       348697       682.67
        1.08     0.998633       348697       731.43
        1.08     0.998730       348697       787.69
        1.09     0.998828       348747       853.33
        1.09     0.998926       348791       930.91
        1.09     0.999023       348791      1024.00
        1.10     0.999072       348811      1077.89
        1.11     0.999121       348829      1137.78
        1.12     0.999170       348852      1204.71
        1.13     0.999219       348860      1280.00
        1.14     0.999268       348875      1365.33
        1.15     0.999316       348896      1462.86
        1.17     0.999365       348919      1575.38
        1.18     0.999414       348925      1706.67
        1.20     0.999463       348942      1861.82
        1.22     0.999512       348957      2048.00
        1.23     0.999536       348969      2155.79
        1.24     0.999561       348974      2275.56
        1.25     0.999585       348984      2409.41
        1.26     0.999609       348993      2560.00
        1.28     0.999634       349001      2730.67
        1.29     0.999658       349007      2925.71
        1.31     0.999683       349017      3150.77
        1.32     0.999707       349027      3413.33
        1.33     0.999731       349034      3723.64
        1.35     0.999756       349041      4096.00
        1.38     0.999768       349046      4311.58
        1.39     0.999780       349051      4551.11
        1.40     0.999792       349054      4818.82
        1.42     0.999805       349058      5120.00
        1.44     0.999817       349066      5461.33
        1.45     0.999829       349068      5851.43
        1.46     0.999841       349071      6301.54
        1.49     0.999854       349076      6826.67
        1.53     0.999866       349080      7447.27
        1.57     0.999878       349084      8192.00
        1.61     0.999884       349086      8623.16
        1.66     0.999890       349088      9102.22
        1.69     0.999896       349090      9637.65
        1.71     0.999902       349092     10240.00
        1.80     0.999908       349095     10922.67
        1.83     0.999915       349097     11702.86
        1.86     0.999921       349099     12603.08
        1.90     0.999927       349101     13653.33
        1.96     0.999933       349103     14894.55
        1.99     0.999939       349105     16384.00
        2.10     0.999942       349106     17246.32
        2.27     0.999945       349107     18204.44
        2.48     0.999948       349108     19275.29
        2.72     0.999951       349109     20480.00
        2.85     0.999954       349111     21845.33
        2.94     0.999957       349112     23405.71
        2.99     0.999960       349113     25206.15
        3.26     0.999963       349114     27306.67
        4.80     0.999966       349115     29789.09
        5.12     0.999969       349116     32768.00
        5.12     0.999971       349116     34492.63
        5.25     0.999973       349117     36408.89
        5.25     0.999974       349117     38550.59
        5.63     0.999976       349118     40960.00
        7.87     0.999977       349119     43690.67
        7.87     0.999979       349119     46811.43
        8.06     0.999980       349120     50412.31
        8.06     0.999982       349120     54613.33
        8.19     0.999983       349121     59578.18
        8.19     0.999985       349121     65536.00
        8.19     0.999986       349121     68985.26
        8.38     0.999986       349122     72817.78
        8.38     0.999987       349122     77101.18
        8.38     0.999988       349122     81920.00
       11.46     0.999989       349123     87381.33
       11.46     0.999989       349123     93622.86
       11.46     0.999990       349123    100824.62
       11.46     0.999991       349123    109226.67
       11.65     0.999992       349124    119156.36
       11.65     0.999992       349124    131072.00
       11.65     0.999993       349124    137970.53
       11.65     0.999993       349124    145635.56
       11.65     0.999994       349124    154202.35
       11.65     0.999994       349124    163840.00
       11.71     0.999994       349125    174762.67
       11.71     0.999995       349125    187245.71
       11.71     0.999995       349125    201649.23
       11.71     0.999995       349125    218453.33
       11.71     0.999996       349125    238312.73
       11.71     0.999996       349125    262144.00
       11.71     0.999996       349125    275941.05
       11.71     0.999997       349125    291271.11
       11.71     0.999997       349125    308404.71
       11.71     0.999997       349125    327680.00
       11.78     0.999997       349126    349525.33
       11.78     1.000000       349126          inf
#[Mean    =        0.687, StdDeviation   =        0.156]
#[Max     =       11.775, Total count    =       349126]
#[Buckets =           20, SubBuckets     =          256]
