       Value   Percentile   TotalCount 1/(1-Percentile)

        0.19     0.000000            1         1.00
        0.58     0.050000        17621         1.05
        0.61     0.100000        41439         1.11
        0.63     0.150000        61608         1.18
        0.64     0.200000        74149         1.25
        0.65     0.250000        87968         1.33
        0.66     0.300000       120122         1.43
        0.67     0.350000       138070         1.54
        0.68     0.400000       156706         1.67
        0.69     0.450000       175768         1.82
        0.69     0.500000       175768         2.00
        0.69     0.525000       194488         2.11
        0.69     0.550000       194488         2.22
        0.70     0.575000       212824         2.35
        0.70     0.600000       212824         2.50
        0.71     0.625000       230044         2.67
        0.71     0.650000       230044         2.86
        0.72     0.675000       246103         3.08
        0.72     0.700000       246103         3.33
        0.73     0.725000       260543         3.64
        0.73     0.750000       273833         4.00
        0.73     0.762500       273833         4.21
        0.73     0.775000       273833         4.44
        0.74     0.787500       285548         4.71
        0.74     0.800000       285548         5.00
        0.74     0.812500       285548         5.33
        0.75     0.825000       295680         5.71
        0.75     0.837500       295680         6.15
        0.76     0.850000       304582         6.67
        0.76     0.862500       304582         7.27
        0.77     0.875000       312098         8.00
        0.77     0.881250       312098         8.42
        0.77     0.887500       312098         8.89
        0.77     0.893750       312098         9.41
        0.78     0.900000       318450        10.00
        0.78     0.906250       318450        10.67
        0.78     0.912500       318450        11.43
        0.78     0.918750       323671        12.31
        0.78     0.925000       323671        13.33
        0.79     0.931250       328140        14.55
        0.79     0.937500       328140        16.00
        0.79     0.940625       328140        16.84
        0.80     0.943750       331861        17.78
        0.80     0.946875       331861        18.82
        0.80     0.950000       331861        20.00
        0.81     0.953125       334958        21.33
        0.81     0.956250       334958        22.86
        0.81     0.959375       334958        24.62
        0.81     0.962500       337446        26.67
        0.81     0.965625       337446        29.09
        0.82     0.968750       339520        32.00
        0.82     0.970313       339520        33.68
        0.82     0.971875       339520        35.56
        0.82     0.973437       339520        37.65
        0.83     0.975000       341232        40.00
        0.83     0.976562       341232        42.67
        0.83     0.978125       341232        45.71
        0.84     0.979688       342649        49.23
        0.84     0.981250       342649        53.33
        0.84     0.982812       342649        58.18
        0.85     0.984375       343769        64.00
        0.85     0.985156       343769        67.37
        0.85     0.985938       343769        71.11
        0.85     0.986719       343769        75.29
        0.85     0.987500       344648        80.00
        0.85     0.988281       344648        85.33
        0.85     0.989062       344648        91.43
        0.86     0.989844       345385        98.46
        0.86     0.990625       345385       106.67
        0.87     0.991406       345997       116.36
        0.87     0.992188       345997       128.00
        0.87     0.992578       345997       134.74
        0.87     0.992969       345997       142.22
        0.88     0.993359       346457       150.59
        0.88     0.993750       346457       160.00
        0.88     0.994141       346457       170.67
        0.89     0.994531       346839       182.86
        0.89     0.994922       346839       196.92
        0.89     0.995313       346839       213.33
        0.90     0.995703       347128       232.73
        0.90     0.996094       347128       256.00
        0.90     0.996289       347128       269.47
        0.90     0.996484       347349       284.44
        0.90     0.996680       347349       301.18
        0.90     0.996875       347349       320.00
        0.91     0.997070       347530       341.33
        0.91     0.997266       347530       365.71
        0.91     0.997461       347530       393.85
        0.92     0.997656       347685       426.67
        0.92     0.997852       347685       465.45
        0.93     0.998047       347799       512.00
        0.93     0.998145       347799       538.95
        0.93     0.998242       347799       568.89
        0.94     0.998340       347881       602.35
        0.94     0.998437       347881       640.00
        0.94     0.998535       347881       682.67
        0.94     0.998633       347944       731.43
        0.94     0.998730       347944       787.69
        0.95     0.998828       348002       853.33
        0.96     0.998926       348037       930.91
        0.97     0.999023       348062      1024.00
        0.97     0.999072       348062      1077.89
        0.97     0.999121       348087      1137.78
        0.98     0.999170       348107      1204.71
        0.99     0.999219       348134      1280.00
        0.99     0.999268       348134      1365.33
        1.01     0.999316       348156      1462.86
        1.01     0.999365       348169      1575.38
        1.02     0.999414       348181      1706.67
        1.05     0.999463       348209      1861.82
        1.06     0.999512       348223      2048.00
        1.07     0.999536       348226      2155.79
        1.09     0.999561       348236      2275.56
        1.10     0.999585       348244      2409.41
        1.12     0.999609       348254      2560.00
        1.13     0.999634       348262      2730.67
        1.14     0.999658       348272      2925.71
        1.14     0.999683       348278      3150.77
        1.16     0.999707       348289      3413.33
        1.17     0.999731       348292      3723.64
        1.18     0.999756       348303      4096.00
        1.19     0.999768       348312      4311.58
        1.19     0.999780       348312      4551.11
        1.20     0.999792       348316      4818.82
        1.21     0.999805       348321      5120.00
        1.22     0.999817       348323      5461.33
        1.22     0.999829       348327      5851.43
        1.24     0.999841       348335      6301.54
        1.24     0.999854       348335      6826.67
        1.25     0.999866       348342      7447.27
        1.26     0.999878       348343      8192.00
        1.27     0.999884       348347      8623.16
        1.27     0.999890       348347      9102.22
        1.29     0.999896       348349      9637.65
        1.29     0.999902       348351     10240.00
        1.32     0.999908       348354     10922.67
        1.33     0.999915       348356     11702.86
        1.38     0.999921       348358     12603.08
        1.41     0.999927       348360     13653.33
        1.90     0.999933       348362     14894.55
        2.54     0.999939       348364     16384.00
        2.56     0.999942       348365     17246.32
        2.62     0.999945       348366     18204.44
        2.69     0.999948       348367     19275.29
        2.80     0.999951       348368     20480.00
        2.85     0.999954       348370     21845.33
        3.09     0.999957       348371     23405.71
        3.21     0.999960       348372     25206.15
        3.25     0.999963       348373     27306.67
        3.77     0.999966       348374     29789.09
        3.79     0.999969       348375     32768.00
        3.79     0.999971       348375     34492.63
        3.95     0.999973       348376     36408.89
        3.95     0.999974       348376     38550.59
        4.00     0.999976       348377     40960.00
        4.22     0.999977       348378     43690.67
        4.22     0.999979       348378     46811.43
        4.51     0.999980       348380     50412.31
        4.51     0.999982       348380     54613.33
        4.51     0.999983       348380     59578.18
        4.51     0.999985       348380     65536.00
        4.51     0.999986       348380     68985.26
        4.58     0.999986       348381     72817.78
        4.58     0.999987       348381     77101.18
        4.58     0.999988       348381     81920.00
        4.61     0.999989       348382     87381.33
        4.61     0.999989       348382     93622.86
        4.61     0.999990       348382    100824.62
        4.61     0.999991       348382    109226.67
        5.02     0.999992       348383    119156.36
        5.02     0.999992       348383    131072.00
        5.02     0.999993       348383    137970.53
        5.02     0.999993       348383    145635.56
        5.02     0.999994       348383    154202.35
        5.02     0.999994       348383    163840.00
        5.05     0.999994       348384    174762.67
        5.05     0.999995       348384    187245.71
        5.05     0.999995       348384    201649.23
        5.05     0.999995       348384    218453.33
        5.05     0.999996       348384    238312.73
        5.05     0.999996       348384    262144.00
        5.05     0.999996       348384    275941.05
        5.05     0.999997       348384    291271.11
        5.05     0.999997       348384    308404.71
        5.05     0.999997       348384    327680.00
        5.09     0.999997       348385    349525.33
        5.09     1.000000       348385          inf
#[Mean    =        0.688, StdDeviation   =        0.074]
#[Max     =        5.087, Total count    =       348385]
#[Buckets =           20, SubBuckets     =          256]
