       Value   Percentile   TotalCount 1/(1-Percentile)

        0.16     0.000000            4         1.00
        0.32     0.050000        38358         1.05
        0.33     0.100000        55351         1.11
        0.35     0.150000        77890         1.18
        0.40     0.200000       119094         1.25
        0.41     0.250000       139684         1.33
        0.41     0.300000       160830         1.43
        0.42     0.350000       182084         1.54
        0.44     0.400000       216913         1.67
        0.46     0.450000       235056         1.82
        0.47     0.500000       264637         2.00
        0.48     0.525000       288152         2.11
        0.48     0.550000       288152         2.22
        0.49     0.575000       314721         2.35
        0.49     0.600000       314721         2.50
        0.49     0.625000       343452         2.67
        0.49     0.650000       343452         2.86
        0.50     0.675000       373049         3.08
        0.50     0.700000       373049         3.33
        0.50     0.725000       373049         3.64
        0.51     0.750000       400342         4.00
        0.51     0.762500       400342         4.21
        0.51     0.775000       400342         4.44
        0.52     0.787500       420518         4.71
        0.52     0.800000       420518         5.00
        0.52     0.812500       420518         5.33
        0.53     0.825000       431738         5.71
        0.53     0.837500       431738         6.15
        0.54     0.850000       436531         6.67
        0.63     0.862500       442033         7.27
        0.66     0.875000       449175         8.00
        0.66     0.881250       456024         8.42
        0.66     0.887500       456024         8.89
        0.67     0.893750       466153         9.41
        0.67     0.900000       466153        10.00
        0.67     0.906250       466153        10.67
        0.68     0.912500       477951        11.43
        0.68     0.918750       477951        12.31
        0.68     0.925000       477951        13.33
        0.68     0.931250       477951        14.55
        0.69     0.937500       489877        16.00
        0.69     0.940625       489877        16.84
        0.69     0.943750       489877        17.78
        0.69     0.946875       489877        18.82
        0.69     0.950000       489877        20.00
        0.69     0.953125       489877        21.33
        0.69     0.956250       489877        22.86
        0.69     0.959375       499476        24.62
        0.69     0.962500       499476        26.67
        0.69     0.965625       499476        29.09
        0.69     0.968750       499476        32.00
        0.69     0.970313       499476        33.68
        0.69     0.971875       499476        35.56
        0.69     0.973437       499476        37.65
        0.69     0.975000       499476        40.00
        0.70     0.976562       505591        42.67
        0.70     0.978125       505591        45.71
        0.70     0.979688       505591        49.23
        0.70     0.981250       505591        53.33
        0.70     0.982812       505591        58.18
        0.70     0.984375       505591        64.00
        0.70     0.985156       505591        67.37
        0.70     0.985938       505591        71.11
        0.70     0.986719       505591        75.29
        0.71     0.987500       509134        80.00
        0.71     0.988281       509134        85.33
        0.71     0.989062       509134        91.43
        0.71     0.989844       509134        98.46
        0.71     0.990625       509134       106.67
        0.71     0.991406       509134       116.36
        0.71     0.992188       509134       128.00
        0.71     0.992578       509134       134.74
        0.71     0.992969       509134       142.22
        0.71     0.993359       509134       150.59
        0.71     0.993750       509134       160.00
        0.71     0.994141       509134       170.67
        0.72     0.994531       510794       182.86
        0.72     0.994922       510794       196.92
        0.72     0.995313       510794       213.33
        0.72     0.995703       510794       232.73
        0.72     0.996094       510794       256.00
        0.72     0.996289       510794       269.47
        0.72     0.996484       510794       284.44
        0.72     0.996680       510794       301.18
        0.72     0.996875       510794       320.00
        0.72     0.997070       510794       341.33
        0.72     0.997266       510794       365.71
        0.72     0.997461       510794       393.85
        0.73     0.997656       511489       426.67
        0.73     0.997852       511489       465.45
        0.73     0.998047       511489       512.00
        0.73     0.998145       511489       538.95
        0.73     0.998242       511489       568.89
        0.73     0.998340       511489       602.35
        0.73     0.998437       511489       640.00
        0.73     0.998535       511489       682.67
        0.73     0.998633       511489       731.43
        0.73     0.998730       511489       787.69
        0.73     0.998828       511489       853.33
        0.73     0.998926       511787       930.91
        0.73     0.999023       511787      1024.00
        0.73     0.999072       511787      1077.89
        0.73     0.999121       511787      1137.78
        0.73     0.999170       511787      1204.71
        0.73     0.999219       511787      1280.00
        0.73     0.999268       511787      1365.33
        0.73     0.999316       511787      1462.86
        0.73     0.999365       511787      1575.38
        0.73     0.999414       511787      1706.67
        0.74     0.999463       511912      1861.82
        0.74     0.999512       511912      2048.00
        0.74     0.999536       511912      2155.79
        0.74     0.999561       511912      2275.56
        0.74     0.999585       511912      2409.41
        0.74     0.999609       511912      2560.00
        0.74     0.999634       511912      2730.67
        0.74     0.999658       511912      2925.71
        0.75     0.999683       511969      3150.77
        0.75     0.999707       511969      3413.33
        0.75     0.999731       511969      3723.64
        0.75     0.999756       511969      4096.00
        0.75     0.999768       511969      4311.58
        0.76     0.999780       511994      4551.11
        0.76     0.999792       511994      4818.82
        0.76     0.999805       511994      5120.00
        0.76     0.999817       511994      5461.33
        0.77     0.999829       512011      5851.43
        0.77     0.999841       512011      6301.54
        0.77     0.999854       512011      6826.67
        0.78     0.999866       512021      7447.27
        0.78     0.999878       512021      8192.00
        0.78     0.999884       512024      8623.16
        0.79     0.999890       512027      9102.22
        0.80     0.999896       512033      9637.65
        0.80     0.999902       512033     10240.00
        0.81     0.999908       512036     10922.67
        0.81     0.999915       512039     11702.86
        0.84     0.999921       512043     12603.08
        0.85     0.999927       512045     13653.33
        0.86     0.999933       512048     14894.55
        0.93     0.999939       512051     16384.00
        0.94     0.999942       512054     17246.32
        0.94     0.999945       512054     18204.44
        0.97     0.999948       512056     19275.29
        1.04     0.999951       512058     20480.00
        1.05     0.999954       512059     21845.33
        1.06     0.999957       512061     23405.71
        1.09     0.999960       512062     25206.15
        1.13     0.999963       512064     27306.67
        1.17     0.999966       512065     29789.09
        1.21     0.999969       512067     32768.00
        1.25     0.999971       512068     34492.63
        1.25     0.999973       512068     36408.89
        1.32     0.999974       512069     38550.59
        1.33     0.999976       512070     40960.00
        1.34     0.999977       512071     43690.67
        1.37     0.999979       512072     46811.43
        1.37     0.999980       512072     50412.31
        1.38     0.999982       512073     54613.33
        1.42     0.999983       512075     59578.18
        1.42     0.999985       512075     65536.00
        1.42     0.999986       512075     68985.26
        1.42     0.999986       512075     72817.78
        1.48     0.999987       512076     77101.18
        1.48     0.999988       512076     81920.00
        1.51     0.999989       512077     87381.33
        1.51     0.999989       512077     93622.86
        1.51     0.999990       512077    100824.62
        1.63     0.999991       512078    109226.67
        1.63     0.999992       512078    119156.36
        2.04     0.999992       512079    131072.00
        2.04     0.999993       512079    137970.53
        2.04     0.999993       512079    145635.56
        2.04     0.999994       512079    154202.35
        2.04     0.999994       512079    163840.00
        2.17     0.999994       512080    174762.67
        2.17     0.999995       512080    187245.71
        2.17     0.999995       512080    201649.23
        2.17     0.999995       512080    218453.33
        2.17     0.999996       512080    238312.73
        2.25     0.999996       512081    262144.00
        2.25     0.999996       512081    275941.05
        2.25     0.999997       512081    291271.11
        2.25     0.999997       512081    308404.71
        2.25     0.999997       512081    327680.00
        2.25     0.999997       512081    349525.33
        2.25     0.999997       512081    374491.43
        2.25     0.999998       512081    403298.46
        2.25     0.999998       512081    436906.67
        2.25     0.999998       512081    476625.45
        2.29     0.999998       512082    524288.00
        2.29     1.000000       512082          inf
#[Mean    =        0.468, StdDeviation   =        0.107]
#[Max     =        2.287, Total count    =       512082]
#[Buckets =           20, SubBuckets     =          256]
