       Value   Percentile   TotalCount 1/(1-Percentile)

        0.19     0.000000            1         1.00
        0.59     0.050000        20137         1.05
        0.61     0.100000        37933         1.11
        0.63     0.150000        56467         1.18
        0.65     0.200000        81293         1.25
        0.66     0.250000        95926         1.33
        0.66     0.300000       111985         1.43
        0.67     0.350000       129794         1.54
        0.68     0.400000       148135         1.67
        0.69     0.450000       167251         1.82
        0.69     0.500000       186231         2.00
        0.69     0.525000       186231         2.11
        0.70     0.550000       204599         2.22
        0.70     0.575000       204599         2.35
        0.71     0.600000       222167         2.50
        0.71     0.625000       222167         2.67
        0.72     0.650000       238832         2.86
        0.72     0.675000       238832         3.08
        0.73     0.700000       253891         3.33
        0.73     0.725000       253891         3.64
        0.73     0.750000       267627         4.00
        0.73     0.762500       267627         4.21
        0.74     0.775000       279789         4.44
        0.74     0.787500       279789         4.71
        0.74     0.800000       279789         5.00
        0.75     0.812500       290315         5.33
        0.75     0.825000       290315         5.71
        0.76     0.837500       299496         6.15
        0.76     0.850000       299496         6.67
        0.76     0.862500       299496         7.27
        0.77     0.875000       307527         8.00
        0.77     0.881250       307527         8.42
        0.78     0.887500       314240         8.89
        0.78     0.893750       314240         9.41
        0.78     0.900000       314240        10.00
        0.78     0.906250       314240        10.67
        0.78     0.912500       319772        11.43
        0.78     0.918750       319772        12.31
        0.79     0.925000       324476        13.33
        0.79     0.931250       324476        14.55
        0.80     0.937500       328342        16.00
        0.80     0.940625       328342        16.84
        0.80     0.943750       328342        17.78
        0.80     0.946875       328342        18.82
        0.81     0.950000       331685        20.00
        0.81     0.953125       331685        21.33
        0.81     0.956250       331685        22.86
        0.81     0.959375       334348        24.62
        0.81     0.962500       334348        26.67
        0.82     0.965625       336683        29.09
        0.82     0.968750       336683        32.00
        0.82     0.970313       336683        33.68
        0.83     0.971875       338548        35.56
        0.83     0.973437       338548        37.65
        0.83     0.975000       338548        40.00
        0.84     0.976562       340065        42.67
        0.84     0.978125       340065        45.71
        0.84     0.979688       340065        49.23
        0.85     0.981250       341324        53.33
        0.85     0.982812       341324        58.18
        0.85     0.984375       341324        64.00
        0.85     0.985156       342386        67.37
        0.85     0.985938       342386        71.11
        0.85     0.986719       342386        75.29
        0.85     0.987500       342386        80.00
        0.86     0.988281       343232        85.33
        0.86     0.989062       343232        91.43
        0.86     0.989844       343232        98.46
        0.87     0.990625       343943       106.67
        0.87     0.991406       343943       116.36
        0.88     0.992188       344485       128.00
        0.88     0.992578       344485       134.74
        0.88     0.992969       344485       142.22
        0.88     0.993359       344485       150.59
        0.89     0.993750       344940       160.00
        0.89     0.994141       344940       170.67
        0.89     0.994531       344940       182.86
        0.90     0.994922       345290       196.92
        0.90     0.995313       345290       213.33
        0.90     0.995703       345290       232.73
        0.90     0.996094       345560       256.00
        0.90     0.996289       345560       269.47
        0.90     0.996484       345560       284.44
        0.91     0.996680       345781       301.18
        0.91     0.996875       345781       320.00
        0.91     0.997070       345781       341.33
        0.91     0.997266       345781       365.71
        0.92     0.997461       345959       393.85
        0.92     0.997656       345959       426.67
        0.93     0.997852       346075       465.45
        0.93     0.998047       346075       512.00
        0.93     0.998145       346075       538.95
        0.94     0.998242       346192       568.89
        0.94     0.998340       346192       602.35
        0.94     0.998437       346192       640.00
        0.94     0.998535       346260       682.67
        0.94     0.998633       346260       731.43
        0.95     0.998730       346320       787.69
        0.95     0.998828       346320       853.33
        0.96     0.998926       346376       930.91
        0.96     0.999023       346376      1024.00
        0.97     0.999072       346404      1077.89
        0.97     0.999121       346429      1137.78
        0.97     0.999170       346429      1204.71
        0.98     0.999219       346444      1280.00
        0.99     0.999268       346464      1365.33
        1.00     0.999316       346477      1462.86
        1.01     0.999365       346503      1575.38
        1.03     0.999414       346522      1706.67
        1.05     0.999463       346530      1861.82
        1.07     0.999512       346548      2048.00
        1.09     0.999536       346560      2155.79
        1.09     0.999561       346564      2275.56
        1.11     0.999585       346582      2409.41
        1.11     0.999609       346582      2560.00
        1.12     0.999634       346591      2730.67
        1.13     0.999658       346598      2925.71
        1.14     0.999683       346604      3150.77
        1.15     0.999707       346617      3413.33
        1.16     0.999731       346623      3723.64
        1.17     0.999756       346630      4096.00
        1.18     0.999768       346635      4311.58
        1.19     0.999780       346642      4551.11
        1.20     0.999792       346645      4818.82
        1.21     0.999805       346648      5120.00
        1.22     0.999817       346655      5461.33
        1.22     0.999829       346655      5851.43
        1.23     0.999841       346662      6301.54
        1.25     0.999854       346667      6826.67
        1.25     0.999866       346672      7447.27
        1.25     0.999878       346672      8192.00
        1.28     0.999884       346676      8623.16
        1.28     0.999890       346676      9102.22
        1.32     0.999896       346679      9637.65
        1.33     0.999902       346681     10240.00
        2.22     0.999908       346683     10922.67
        3.01     0.999915       346685     11702.86
        3.09     0.999921       346687     12603.08
        3.15     0.999927       346689     13653.33
        3.20     0.999933       346691     14894.55
        3.23     0.999939       346693     16384.00
        3.33     0.999942       346694     17246.32
        3.34     0.999945       346695     18204.44
        3.38     0.999948       346698     19275.29
        3.38     0.999951       346698     20480.00
        3.41     0.999954       346699     21845.33
        3.42     0.999957       346700     23405.71
        3.55     0.999960       346701     25206.15
        3.66     0.999963       346702     27306.67
        3.68     0.999966       346703     29789.09
        3.81     0.999969       346704     32768.00
        3.81     0.999971       346704     34492.63
        3.87     0.999973       346705     36408.89
        3.94     0.999974       346706     38550.59
        3.94     0.999976       346706     40960.00
        4.09     0.999977       346707     43690.67
        4.09     0.999979       346707     46811.43
        4.25     0.999980       346708     50412.31
        4.25     0.999982       346708     54613.33
        4.54     0.999983       346709     59578.18
        4.54     0.999985       346709     65536.00
        4.54     0.999986       346709     68985.26
        4.61     0.999986       346710     72817.78
        4.61     0.999987       346710     77101.18
        4.61     0.999988       346710     81920.00
        4.64     0.999989       346711     87381.33
        4.64     0.999989       346711     93622.86
        4.64     0.999990       346711    100824.62
        4.64     0.999991       346711    109226.67
        4.77     0.999992       346712    119156.36
        4.77     0.999992       346712    131072.00
        4.77     0.999993       346712    137970.53
        4.77     0.999993       346712    145635.56
        4.77     0.999994       346712    154202.35
        4.77     0.999994       346712    163840.00
        4.80     0.999994       346713    174762.67
        4.80     0.999995       346713    187245.71
        4.80     0.999995       346713    201649.23
        4.80     0.999995       346713    218453.33
        4.80     0.999996       346713    238312.73
        4.80     0.999996       346713    262144.00
        4.80     0.999996       346713    275941.05
        4.80     0.999997       346713    291271.11
        4.80     0.999997       346713    308404.71
        4.80     0.999997       346713    327680.00
        4.89     0.999997       346714    349525.33
        4.89     1.000000       346714          inf
#[Mean    =        0.691, StdDeviation   =        0.076]
#[Max     =        4.895, Total count    =       346714]
#[Buckets =           20, SubBuckets     =          256]
