       Value   Percentile   TotalCount 1/(1-Percentile)

        0.15     0.000000            1         1.00
        0.31     0.050000        33659         1.05
        0.33     0.100000        61904         1.11
        0.34     0.150000        83845         1.18
        0.38     0.200000       105600         1.25
        0.41     0.250000       144284         1.33
        0.41     0.300000       162248         1.43
        0.42     0.350000       180346         1.54
        0.44     0.400000       215640         1.67
        0.46     0.450000       238321         1.82
        0.47     0.500000       261636         2.00
        0.48     0.525000       279743         2.11
        0.49     0.550000       302121         2.22
        0.49     0.575000       302121         2.35
        0.49     0.600000       326955         2.50
        0.49     0.625000       326955         2.67
        0.50     0.650000       352297         2.86
        0.50     0.675000       352297         3.08
        0.51     0.700000       377268         3.33
        0.51     0.725000       377268         3.64
        0.52     0.750000       399515         4.00
        0.52     0.762500       399515         4.21
        0.52     0.775000       399515         4.44
        0.53     0.787500       416306         4.71
        0.53     0.800000       416306         5.00
        0.53     0.812500       416306         5.33
        0.54     0.825000       426786         5.71
        0.54     0.837500       432538         6.15
        0.55     0.850000       436013         6.67
        0.58     0.862500       442191         7.27
        0.66     0.875000       448515         8.00
        0.66     0.881250       451688         8.42
        0.67     0.887500       456898         8.89
        0.68     0.893750       464411         9.41
        0.68     0.900000       464411        10.00
        0.68     0.906250       464411        10.67
        0.69     0.912500       473767        11.43
        0.69     0.918750       473767        12.31
        0.69     0.925000       473767        13.33
        0.69     0.931250       483502        14.55
        0.69     0.937500       483502        16.00
        0.69     0.940625       483502        16.84
        0.69     0.943750       483502        17.78
        0.70     0.946875       491978        18.82
        0.70     0.950000       491978        20.00
        0.70     0.953125       491978        21.33
        0.70     0.956250       491978        22.86
        0.70     0.959375       491978        24.62
        0.71     0.962500       498601        26.67
        0.71     0.965625       498601        29.09
        0.71     0.968750       498601        32.00
        0.71     0.970313       498601        33.68
        0.71     0.971875       498601        35.56
        0.71     0.973437       498601        37.65
        0.72     0.975000       502924        40.00
        0.72     0.976562       502924        42.67
        0.72     0.978125       502924        45.71
        0.72     0.979688       502924        49.23
        0.72     0.981250       502924        53.33
        0.73     0.982812       505663        58.18
        0.73     0.984375       505663        64.00
        0.73     0.985156       505663        67.37
        0.73     0.985938       505663        71.11
        0.73     0.986719       505663        75.29
        0.73     0.987500       505663        80.00
        0.73     0.988281       507289        85.33
        0.73     0.989062       507289        91.43
        0.73     0.989844       507289        98.46
        0.73     0.990625       507289       106.67
        0.74     0.991406       508286       116.36
        0.74     0.992188       508286       128.00
        0.74     0.992578       508286       134.74
        0.74     0.992969       508286       142.22
        0.75     0.993359       508971       150.59
        0.75     0.993750       508971       160.00
        0.75     0.994141       508971       170.67
        0.76     0.994531       509507       182.86
        0.76     0.994922       509507       196.92
        0.76     0.995313       509507       213.33
        0.77     0.995703       509943       232.73
        0.77     0.996094       509943       256.00
        0.78     0.996289       510316       269.47
        0.78     0.996484       510316       284.44
        0.78     0.996680       510316       301.18
        0.78     0.996875       510316       320.00
        0.78     0.997070       510631       341.33
        0.78     0.997266       510631       365.71
        0.78     0.997461       510631       393.85
        0.79     0.997656       510886       426.67
        0.79     0.997852       510886       465.45
        0.79     0.998047       510886       512.00
        0.80     0.998145       511104       538.95
        0.80     0.998242       511104       568.89
        0.80     0.998340       511104       602.35
        0.80     0.998437       511104       640.00
        0.81     0.998535       511274       682.67
        0.81     0.998633       511274       731.43
        0.81     0.998730       511274       787.69
        0.81     0.998828       511274       853.33
        0.81     0.998926       511399       930.91
        0.81     0.999023       511399      1024.00
        0.81     0.999072       511399      1077.89
        0.82     0.999121       511528      1137.78
        0.82     0.999170       511528      1204.71
        0.82     0.999219       511528      1280.00
        0.82     0.999268       511528      1365.33
        0.82     0.999316       511528      1462.86
        0.83     0.999365       511624      1575.38
        0.83     0.999414       511624      1706.67
        0.83     0.999463       511624      1861.82
        0.83     0.999512       511624      2048.00
        0.84     0.999536       511678      2155.79
        0.84     0.999561       511678      2275.56
        0.84     0.999585       511678      2409.41
        0.84     0.999609       511678      2560.00
        0.84     0.999634       511678      2730.67
        0.85     0.999658       511718      2925.71
        0.85     0.999683       511718      3150.77
        0.85     0.999707       511718      3413.33
        0.85     0.999731       511748      3723.64
        0.85     0.999756       511748      4096.00
        0.85     0.999768       511748      4311.58
        0.86     0.999780       511767      4551.11
        0.86     0.999792       511767      4818.82
        0.86     0.999805       511767      5120.00
        0.87     0.999817       511777      5461.33
        0.87     0.999829       511777      5851.43
        0.90     0.999841       511788      6301.54
        0.90     0.999854       511790      6826.67
        0.94     0.999866       511796      7447.27
        1.03     0.999878       511802      8192.00
        1.33     0.999884       511805      8623.16
        1.52     0.999890       511808      9102.22
        1.63     0.999896       511811      9637.65
        1.69     0.999902       511815     10240.00
        1.81     0.999908       511818     10922.67
        2.43     0.999915       511821     11702.86
        2.61     0.999921       511825     12603.08
        2.67     0.999927       511827     13653.33
        2.70     0.999933       511830     14894.55
        2.73     0.999939       511833     16384.00
        2.81     0.999942       511837     17246.32
        2.81     0.999945       511837     18204.44
        2.90     0.999948       511838     19275.29
        2.99     0.999951       511840     20480.00
        3.15     0.999954       511841     21845.33
        3.20     0.999957       511844     23405.71
        3.20     0.999960       511844     25206.15
        3.25     0.999963       511846     27306.67
        3.26     0.999966       511847     29789.09
        3.36     0.999969       511849     32768.00
        3.38     0.999971       511850     34492.63
        3.38     0.999973       511850     36408.89
        3.46     0.999974       511851     38550.59
        3.50     0.999976       511852     40960.00
        4.19     0.999977       511853     43690.67
        4.22     0.999979       511855     46811.43
        4.22     0.999980       511855     50412.31
        4.22     0.999982       511855     54613.33
        4.25     0.999983       511857     59578.18
        4.25     0.999985       511857     65536.00
        4.25     0.999986       511857     68985.26
        4.25     0.999986       511857     72817.78
        4.29     0.999987       511858     77101.18
        4.29     0.999988       511858     81920.00
        4.35     0.999989       511860     87381.33
        4.35     0.999989       511860     93622.86
        4.35     0.999990       511860    100824.62
        4.35     0.999991       511860    109226.67
        4.35     0.999992       511860    119156.36
        4.38     0.999992       511862    131072.00
        4.38     0.999993       511862    137970.53
        4.38     0.999993       511862    145635.56
        4.38     0.999994       511862    154202.35
        4.38     0.999994       511862    163840.00
        4.38     0.999994       511862    174762.67
        4.38     0.999995       511862    187245.71
        4.38     0.999995       511862    201649.23
        4.38     0.999995       511862    218453.33
        4.38     0.999996       511862    238312.73
        4.45     0.999996       511863    262144.00
        4.45     0.999996       511863    275941.05
        4.45     0.999997       511863    291271.11
        4.45     0.999997       511863    308404.71
        4.45     0.999997       511863    327680.00
        4.45     0.999997       511863    349525.33
        4.45     0.999997       511863    374491.43
        4.45     0.999998       511863    403298.46
        4.45     0.999998       511863    436906.67
        4.45     0.999998       511863    476625.45
        4.54     0.999998       511864    524288.00
        4.54     1.000000       511864          inf
#[Mean    =        0.469, StdDeviation   =        0.118]
#[Max     =        4.543, Total count    =       511864]
#[Buckets =           20, SubBuckets     =          256]
