       Value   Percentile   TotalCount 1/(1-Percentile)

        0.22     0.000000            2         1.00
        0.43     0.050000        18832         1.05
        0.46     0.100000        38743         1.11
        0.50     0.150000        55892         1.18
        0.54     0.200000        82451         1.25
        0.56     0.250000       104047         1.33
        0.57     0.300000       116187         1.43
        0.58     0.350000       138826         1.54
        0.60     0.400000       154999         1.67
        0.62     0.450000       173344         1.82
        0.64     0.500000       188393         2.00
        0.65     0.525000       197746         2.11
        0.66     0.550000       208318         2.22
        0.66     0.575000       219781         2.35
        0.67     0.600000       231747         2.50
        0.68     0.625000       243636         2.67
        0.68     0.650000       243636         2.86
        0.69     0.675000       255579         3.08
        0.69     0.700000       266842         3.33
        0.70     0.725000       277224         3.64
        0.71     0.750000       286305         4.00
        0.71     0.762500       286305         4.21
        0.72     0.775000       293945         4.44
        0.72     0.787500       293945         4.71
        0.73     0.800000       300256         5.00
        0.73     0.812500       305265         5.33
        0.74     0.825000       309139         5.71
        0.75     0.837500       312003         6.15
        0.78     0.850000       316357         6.67
        0.84     0.862500       321498         7.27
        0.86     0.875000       326604         8.00
        0.87     0.881250       329329         8.42
        0.88     0.887500       332548         8.89
        0.89     0.893750       336209         9.41
        0.89     0.900000       336209        10.00
        0.90     0.906250       340300        10.67
        0.90     0.912500       340300        11.43
        0.90     0.918750       344603        12.31
        0.90     0.925000       344603        13.33
        0.91     0.931250       348843        14.55
        0.92     0.937500       353196        16.00
        0.92     0.940625       353196        16.84
        0.92     0.943750       353196        17.78
        0.92     0.946875       353196        18.82
        0.93     0.950000       357094        20.00
        0.93     0.953125       357094        21.33
        0.93     0.956250       357094        22.86
        0.93     0.959375       357094        24.62
        0.94     0.962500       360601        26.67
        0.94     0.965625       360601        29.09
        0.94     0.968750       360601        32.00
        0.94     0.970313       363440        33.68
        0.94     0.971875       363440        35.56
        0.94     0.973437       363440        37.65
        0.94     0.975000       363440        40.00
        0.94     0.976562       363440        42.67
        0.95     0.978125       365793        45.71
        0.95     0.979688       365793        49.23
        0.95     0.981250       365793        53.33
        0.95     0.982812       365793        58.18
        0.96     0.984375       367559        64.00
        0.96     0.985156       367559        67.37
        0.96     0.985938       367559        71.11
        0.96     0.986719       367559        75.29
        0.96     0.987500       367559        80.00
        0.97     0.988281       368851        85.33
        0.97     0.989062       368851        91.43
        0.97     0.989844       368851        98.46
        0.97     0.990625       368851       106.67
        0.97     0.991406       369706       116.36
        0.97     0.992188       369706       128.00
        0.97     0.992578       369706       134.74
        0.97     0.992969       369706       142.22
        0.97     0.993359       369706       150.59
        0.98     0.993750       370299       160.00
        0.98     0.994141       370299       170.67
        0.98     0.994531       370299       182.86
        0.98     0.994922       370299       196.92
        0.99     0.995313       370693       213.33
        0.99     0.995703       370693       232.73
        0.99     0.996094       370693       256.00
        1.00     0.996289       370979       269.47
        1.00     0.996484       370979       284.44
        1.00     0.996680       370979       301.18
        1.00     0.996875       370979       320.00
        1.01     0.997070       371152       341.33
        1.01     0.997266       371152       365.71
        1.01     0.997461       371262       393.85
        1.01     0.997656       371262       426.67
        1.02     0.997852       371363       465.45
        1.03     0.998047       371429       512.00
        1.03     0.998145       371429       538.95
        1.04     0.998242       371477       568.89
        1.05     0.998340       371512       602.35
        1.05     0.998437       371540       640.00
        1.06     0.998535       371574       682.67
        1.07     0.998633       371606       731.43
        1.09     0.998730       371645       787.69
        1.09     0.998828       371674       853.33
        1.11     0.998926       371706       930.91
        1.13     0.999023       371761      1024.00
        1.13     0.999072       371761      1077.89
        1.14     0.999121       371777      1137.78
        1.15     0.999170       371801      1204.71
        1.16     0.999219       371814      1280.00
        1.18     0.999268       371841      1365.33
        1.18     0.999316       371851      1462.86
        1.20     0.999365       371872      1575.38
        1.22     0.999414       371887      1706.67
        1.23     0.999463       371905      1861.82
        1.25     0.999512       371924      2048.00
        1.27     0.999536       371938      2155.79
        1.28     0.999561       371944      2275.56
        1.29     0.999585       371951      2409.41
        1.30     0.999609       371964      2560.00
        1.31     0.999634       371970      2730.67
        1.32     0.999658       371979      2925.71
        1.33     0.999683       371988      3150.77
        1.34     0.999707       371997      3413.33
        1.36     0.999731       372005      3723.64
        1.38     0.999756       372019      4096.00
        1.38     0.999768       372019      4311.58
        1.38     0.999780       372024      4551.11
        1.39     0.999792       372033      4818.82
        1.39     0.999805       372033      5120.00
        1.40     0.999817       372035      5461.33
        1.42     0.999829       372042      5851.43
        1.42     0.999841       372046      6301.54
        1.43     0.999854       372050      6826.67
        1.45     0.999866       372056      7447.27
        1.46     0.999878       372058      8192.00
        1.46     0.999884       372062      8623.16
        1.47     0.999890       372064      9102.22
        1.48     0.999896       372067      9637.65
        1.48     0.999902       372067     10240.00
        1.50     0.999908       372069     10922.67
        1.53     0.999915       372072     11702.86
        1.54     0.999921       372074     12603.08
        1.56     0.999927       372076     13653.33
        1.59     0.999933       372080     14894.55
        1.61     0.999939       372081     16384.00
        1.62     0.999942       372082     17246.32
        1.64     0.999945       372083     18204.44
        1.65     0.999948       372085     19275.29
        1.65     0.999951       372085     20480.00
        1.68     0.999954       372086     21845.33
        1.73     0.999957       372089     23405.71
        1.73     0.999960       372089     25206.15
        1.76     0.999963       372090     27306.67
        2.02     0.999966       372091     29789.09
        6.72     0.999969       372092     32768.00
        6.82     0.999971       372093     34492.63
        6.82     0.999973       372093     36408.89
        6.88     0.999974       372094     38550.59
        6.88     0.999976       372094     40960.00
        6.91     0.999977       372095     43690.67
        8.19     0.999979       372096     46811.43
        8.19     0.999980       372096     50412.31
        8.45     0.999982       372097     54613.33
        8.45     0.999983       372097     59578.18
        8.64     0.999985       372098     65536.00
        8.64     0.999986       372098     68985.26
        8.64     0.999986       372098     72817.78
        8.70     0.999987       372099     77101.18
        8.70     0.999988       372099     81920.00
        8.70     0.999989       372099     87381.33
       15.17     0.999989       372100     93622.86
       15.17     0.999990       372100    100824.62
       15.17     0.999991       372100    109226.67
       15.17     0.999992       372100    119156.36
       15.36     0.999992       372101    131072.00
       15.36     0.999993       372101    137970.53
       15.36     0.999993       372101    145635.56
       15.36     0.999994       372101    154202.35
       15.36     0.999994       372101    163840.00
       15.36     0.999994       372101    174762.67
       15.49     0.999995       372102    187245.71
       15.49     0.999995       372102    201649.23
       15.49     0.999995       372102    218453.33
       15.49     0.999996       372102    238312.73
       15.49     0.999996       372102    262144.00
       15.49     0.999996       372102    275941.05
       15.49     0.999997       372102    291271.11
       15.49     0.999997       372102    308404.71
       15.49     0.999997       372102    327680.00
       15.49     0.999997       372102    349525.33
       15.55     0.999997       372103    374491.43
       15.55     1.000000       372103          inf
#[Mean    =        0.644, StdDeviation   =        0.152]
#[Max     =       15.551, Total count    =       372103]
#[Buckets =           20, SubBuckets     =          256]
