       Value   Percentile   TotalCount 1/(1-Percentile)

        0.15     0.000000            3         1.00
        0.21     0.050000        56546         1.05
        0.22     0.100000        89225         1.11
        0.23     0.150000       117765         1.18
        0.25     0.200000       171989         1.25
        0.26     0.250000       194165         1.33
        0.27     0.300000       242286         1.43
        0.28     0.350000       273468         1.54
        0.29     0.400000       338786         1.67
        0.30     0.450000       364858         1.82
        0.31     0.500000       387039         2.00
        0.32     0.525000       414871         2.11
        0.33     0.550000       451141         2.22
        0.33     0.575000       451141         2.35
        0.34     0.600000       491956         2.50
        0.34     0.625000       491956         2.67
        0.34     0.650000       530132         2.86
        0.34     0.675000       530132         3.08
        0.35     0.700000       564934         3.33
        0.35     0.725000       564934         3.64
        0.36     0.750000       597471         4.00
        0.36     0.762500       597471         4.21
        0.36     0.775000       597471         4.44
        0.37     0.787500       623389         4.71
        0.37     0.800000       623389         5.00
        0.37     0.812500       623389         5.33
        0.38     0.825000       642101         5.71
        0.38     0.837500       642101         6.15
        0.38     0.850000       655438         6.67
        0.39     0.862500       665524         7.27
        0.40     0.875000       673706         8.00
        0.41     0.881250       680338         8.42
        0.41     0.887500       680338         8.89
        0.41     0.893750       686193         9.41
        0.42     0.900000       691754        10.00
        0.43     0.906250       697105        10.67
        0.44     0.912500       702185        11.43
        0.45     0.918750       707728        12.31
        0.46     0.925000       715123        13.33
        0.46     0.931250       715123        14.55
        0.46     0.937500       725525        16.00
        0.46     0.940625       725525        16.84
        0.46     0.943750       725525        17.78
        0.46     0.946875       725525        18.82
        0.47     0.950000       738715        20.00
        0.47     0.953125       738715        21.33
        0.47     0.956250       738715        22.86
        0.47     0.959375       738715        24.62
        0.47     0.962500       738715        26.67
        0.48     0.965625       750925        29.09
        0.48     0.968750       750925        32.00
        0.48     0.970313       750925        33.68
        0.48     0.971875       750925        35.56
        0.48     0.973437       750925        37.65
        0.48     0.975000       750925        40.00
        0.48     0.976562       750925        42.67
        0.48     0.978125       750925        45.71
        0.48     0.979688       750925        49.23
        0.49     0.981250       759283        53.33
        0.49     0.982812       759283        58.18
        0.49     0.984375       759283        64.00
        0.49     0.985156       759283        67.37
        0.49     0.985938       759283        71.11
        0.49     0.986719       759283        75.29
        0.49     0.987500       759283        80.00
        0.49     0.988281       759283        85.33
        0.49     0.989062       759283        91.43
        0.49     0.989844       759283        98.46
        0.49     0.990625       759283       106.67
        0.49     0.991406       759283       116.36
        0.49     0.992188       763170       128.00
        0.49     0.992578       763170       134.74
        0.49     0.992969       763170       142.22
        0.49     0.993359       763170       150.59
        0.49     0.993750       763170       160.00
        0.49     0.994141       763170       170.67
        0.49     0.994531       763170       182.86
        0.49     0.994922       763170       196.92
        0.49     0.995313       763170       213.33
        0.49     0.995703       763170       232.73
        0.49     0.996094       763170       256.00
        0.49     0.996289       763170       269.47
        0.49     0.996484       763170       284.44
        0.50     0.996680       764642       301.18
        0.50     0.996875       764642       320.00
        0.50     0.997070       764642       341.33
        0.50     0.997266       764642       365.71
        0.50     0.997461       764642       393.85
        0.50     0.997656       764642       426.67
        0.50     0.997852       764642       465.45
        0.50     0.998047       764642       512.00
        0.50     0.998145       764642       538.95
        0.50     0.998242       764642       568.89
        0.50     0.998340       764642       602.35
        0.50     0.998437       764642       640.00
        0.50     0.998535       764642       682.67
        0.51     0.998633       765142       731.43
        0.51     0.998730       765142       787.69
        0.51     0.998828       765142       853.33
        0.51     0.998926       765142       930.91
        0.51     0.999023       765142      1024.00
        0.51     0.999072       765142      1077.89
        0.51     0.999121       765142      1137.78
        0.51     0.999170       765142      1204.71
        0.51     0.999219       765142      1280.00
        0.52     0.999268       765329      1365.33
        0.52     0.999316       765329      1462.86
        0.52     0.999365       765329      1575.38
        0.52     0.999414       765329      1706.67
        0.52     0.999463       765329      1861.82
        0.53     0.999512       765394      2048.00
        0.53     0.999536       765394      2155.79
        0.54     0.999561       765435      2275.56
        0.54     0.999585       765435      2409.41
        0.54     0.999609       765435      2560.00
        0.54     0.999634       765458      2730.67
        0.55     0.999658       765472      2925.71
        0.57     0.999683       765504      3150.77
        0.57     0.999707       765519      3413.33
        0.58     0.999731       765540      3723.64
        0.59     0.999756       765551      4096.00
        0.60     0.999768       765573      4311.58
        0.60     0.999780       765573      4551.11
        0.61     0.999792       765584      4818.82
        0.61     0.999805       765584      5120.00
        0.61     0.999817       765593      5461.33
        0.62     0.999829       765603      5851.43
        0.64     0.999841       765617      6301.54
        0.65     0.999854       765623      6826.67
        0.66     0.999866       765633      7447.27
        0.68     0.999878       765648      8192.00
        0.68     0.999884       765648      8623.16
        0.69     0.999890       765651      9102.22
        0.69     0.999896       765658      9637.65
        0.70     0.999902       765662     10240.00
        0.71     0.999908       765663     10922.67
        0.73     0.999915       765671     11702.86
        0.74     0.999921       765681     12603.08
        0.74     0.999927       765681     13653.33
        0.75     0.999933       765688     14894.55
        0.75     0.999939       765688     16384.00
        0.76     0.999942       765692     17246.32
        0.76     0.999945       765692     18204.44
        0.77     0.999948       765699     19275.29
        0.77     0.999951       765699     20480.00
        0.77     0.999954       765699     21845.33
        0.78     0.999957       765702     23405.71
        0.78     0.999960       765705     25206.15
        0.78     0.999963       765705     27306.67
        0.79     0.999966       765709     29789.09
        0.80     0.999969       765710     32768.00
        0.81     0.999971       765714     34492.63
        0.81     0.999973       765714     36408.89
        0.81     0.999974       765714     38550.59
        0.81     0.999976       765717     40960.00
        0.81     0.999977       765717     43690.67
        0.81     0.999979       765717     46811.43
        0.82     0.999980       765719     50412.31
        0.82     0.999982       765719     54613.33
        0.83     0.999983       765723     59578.18
        0.83     0.999985       765723     65536.00
        0.83     0.999986       765723     68985.26
        0.83     0.999986       765723     72817.78
        0.84     0.999987       765724     77101.18
        0.84     0.999988       765724     81920.00
        0.85     0.999989       765726     87381.33
        0.85     0.999989       765726     93622.86
        0.85     0.999990       765726    100824.62
        0.85     0.999991       765726    109226.67
        0.85     0.999992       765727    119156.36
        0.87     0.999992       765729    131072.00
        0.87     0.999993       765729    137970.53
        0.87     0.999993       765729    145635.56
        0.87     0.999994       765729    154202.35
        0.87     0.999994       765729    163840.00
        0.87     0.999994       765729    174762.67
        0.87     0.999995       765729    187245.71
        0.88     0.999995       765730    201649.23
        0.88     0.999995       765730    218453.33
        0.88     0.999996       765730    238312.73
        0.90     0.999996       765731    262144.00
        0.90     0.999996       765731    275941.05
        0.90     0.999997       765731    291271.11
        0.90     0.999997       765731    308404.71
        0.90     0.999997       765731    327680.00
        0.90     0.999997       765731    349525.33
        0.90     0.999997       765731    374491.43
        0.92     0.999998       765732    403298.46
        0.92     0.999998       765732    436906.67
        0.92     0.999998       765732    476625.45
        0.92     0.999998       765732    524288.00
        0.92     0.999998       765732    551882.11
        0.92     0.999998       765732    582542.22
        0.92     0.999998       765732    616809.41
        0.92     0.999998       765732    655360.00
        0.92     0.999999       765732    699050.67
        0.92     0.999999       765732    748982.86
        0.98     0.999999       765733    806596.92
        0.98     1.000000       765733          inf
#[Mean    =        0.313, StdDeviation   =        0.073]
#[Max     =        0.983, Total count    =       765733]
#[Buckets =           20, SubBuckets     =          256]
