       Value   Percentile   TotalCount 1/(1-Percentile)

        0.18     0.000000            2         1.00
        0.31     0.050000        31006         1.05
        0.34     0.100000        57019         1.11
        0.35     0.150000        83520         1.18
        0.37     0.200000       116141         1.25
        0.38     0.250000       133174         1.33
        0.39     0.300000       167980         1.43
        0.41     0.350000       200066         1.54
        0.41     0.400000       214463         1.67
        0.43     0.450000       241158         1.82
        0.45     0.500000       268312         2.00
        0.46     0.525000       282936         2.11
        0.46     0.550000       298310         2.22
        0.47     0.575000       314205         2.35
        0.48     0.600000       330227         2.50
        0.49     0.625000       345657         2.67
        0.49     0.650000       345657         2.86
        0.49     0.675000       360198         3.08
        0.50     0.700000       373911         3.33
        0.51     0.725000       386833         3.64
        0.52     0.750000       399343         4.00
        0.53     0.762500       411263         4.21
        0.53     0.775000       411263         4.44
        0.54     0.787500       422399         4.71
        0.54     0.800000       432416         5.00
        0.54     0.812500       432416         5.33
        0.55     0.825000       441760         5.71
        0.56     0.837500       450402         6.15
        0.56     0.850000       450402         6.67
        0.57     0.862500       458020         7.27
        0.57     0.875000       464676         8.00
        0.58     0.881250       470316         8.42
        0.58     0.887500       470316         8.89
        0.59     0.893750       475212         9.41
        0.60     0.900000       479599        10.00
        0.60     0.906250       479599        10.67
        0.61     0.912500       483662        11.43
        0.61     0.918750       487485        12.31
        0.62     0.925000       491387        13.33
        0.63     0.931250       495224        14.55
        0.64     0.937500       498890        16.00
        0.64     0.940625       498890        16.84
        0.64     0.943750       498890        17.78
        0.65     0.946875       502555        18.82
        0.65     0.950000       502555        20.00
        0.66     0.953125       505834        21.33
        0.66     0.956250       505834        22.86
        0.66     0.959375       509045        24.62
        0.66     0.962500       509045        26.67
        0.67     0.965625       512096        29.09
        0.67     0.968750       512096        32.00
        0.68     0.970313       515005        33.68
        0.68     0.971875       515005        35.56
        0.68     0.973437       515005        37.65
        0.69     0.975000       517792        40.00
        0.69     0.976562       517792        42.67
        0.69     0.978125       517792        45.71
        0.69     0.979688       517792        49.23
        0.69     0.981250       520286        53.33
        0.69     0.982812       520286        58.18
        0.69     0.984375       520286        64.00
        0.70     0.985156       522506        67.37
        0.70     0.985938       522506        71.11
        0.70     0.986719       522506        75.29
        0.70     0.987500       522506        80.00
        0.70     0.988281       522506        85.33
        0.71     0.989062       524205        91.43
        0.71     0.989844       524205        98.46
        0.71     0.990625       524205       106.67
        0.71     0.991406       524205       116.36
        0.72     0.992188       525453       128.00
        0.72     0.992578       525453       134.74
        0.72     0.992969       525453       142.22
        0.72     0.993359       525453       150.59
        0.72     0.993750       525453       160.00
        0.72     0.994141       525453       170.67
        0.73     0.994531       526338       182.86
        0.73     0.994922       526338       196.92
        0.73     0.995313       526338       213.33
        0.73     0.995703       526338       232.73
        0.73     0.996094       526975       256.00
        0.73     0.996289       526975       269.47
        0.73     0.996484       526975       284.44
        0.73     0.996680       526975       301.18
        0.73     0.996875       526975       320.00
        0.73     0.997070       526975       341.33
        0.74     0.997266       527406       365.71
        0.74     0.997461       527406       393.85
        0.74     0.997656       527406       426.67
        0.74     0.997852       527406       465.45
        0.75     0.998047       527685       512.00
        0.75     0.998145       527685       538.95
        0.75     0.998242       527685       568.89
        0.75     0.998340       527685       602.35
        0.75     0.998437       527685       640.00
        0.76     0.998535       527858       682.67
        0.76     0.998633       527858       731.43
        0.76     0.998730       527858       787.69
        0.77     0.998828       527967       853.33
        0.77     0.998926       527967       930.91
        0.78     0.999023       528035      1024.00
        0.78     0.999072       528035      1077.89
        0.78     0.999121       528035      1137.78
        0.78     0.999170       528089      1204.71
        0.78     0.999219       528089      1280.00
        0.79     0.999268       528121      1365.33
        0.80     0.999316       528137      1462.86
        0.81     0.999365       528158      1575.38
        0.83     0.999414       528194      1706.67
        0.84     0.999463       528208      1861.82
        0.86     0.999512       528233      2048.00
        0.88     0.999536       528261      2155.79
        0.88     0.999561       528261      2275.56
        0.89     0.999585       528272      2409.41
        0.90     0.999609       528294      2560.00
        0.91     0.999634       528301      2730.67
        0.93     0.999658       528321      2925.71
        0.94     0.999683       528333      3150.77
        0.94     0.999707       528340      3413.33
        0.95     0.999731       528350      3723.64
        0.97     0.999756       528370      4096.00
        0.97     0.999768       528370      4311.58
        0.97     0.999780       528377      4551.11
        0.99     0.999792       528386      4818.82
        1.00     0.999805       528395      5120.00
        1.00     0.999817       528395      5461.33
        1.01     0.999829       528404      5851.43
        1.02     0.999841       528408      6301.54
        1.04     0.999854       528415      6826.67
        1.05     0.999866       528423      7447.27
        1.06     0.999878       528428      8192.00
        1.07     0.999884       528431      8623.16
        1.08     0.999890       528438      9102.22
        1.08     0.999896       528438      9637.65
        1.09     0.999902       528441     10240.00
        1.09     0.999908       528443     10922.67
        1.10     0.999915       528447     11702.86
        1.13     0.999921       528451     12603.08
        1.14     0.999927       528454     13653.33
        1.14     0.999933       528456     14894.55
        1.15     0.999939       528459     16384.00
        1.16     0.999942       528461     17246.32
        1.17     0.999945       528463     18204.44
        1.18     0.999948       528464     19275.29
        1.19     0.999951       528467     20480.00
        1.19     0.999954       528467     21845.33
        1.20     0.999957       528470     23405.71
        1.21     0.999960       528471     25206.15
        1.22     0.999963       528473     27306.67
        1.22     0.999966       528475     29789.09
        1.22     0.999969       528475     32768.00
        1.24     0.999971       528479     34492.63
        1.24     0.999973       528479     36408.89
        1.24     0.999974       528479     38550.59
        1.24     0.999976       528479     40960.00
        1.24     0.999977       528479     43690.67
        1.25     0.999979       528480     46811.43
        1.25     0.999980       528482     50412.31
        1.25     0.999982       528482     54613.33
        1.26     0.999983       528484     59578.18
        1.26     0.999985       528484     65536.00
        1.26     0.999986       528484     68985.26
        1.26     0.999986       528484     72817.78
        1.29     0.999987       528486     77101.18
        1.29     0.999988       528486     81920.00
        1.29     0.999989       528486     87381.33
        1.29     0.999989       528486     93622.86
        1.29     0.999990       528486    100824.62
        1.31     0.999991       528487    109226.67
        1.31     0.999992       528487    119156.36
        1.31     0.999992       528487    131072.00
        1.33     0.999993       528488    137970.53
        1.33     0.999993       528488    145635.56
        1.33     0.999994       528488    154202.35
        1.33     0.999994       528488    163840.00
        1.33     0.999994       528488    174762.67
        1.34     0.999995       528489    187245.71
        1.34     0.999995       528489    201649.23
        1.34     0.999995       528489    218453.33
        1.34     0.999996       528489    238312.73
        1.34     0.999996       528489    262144.00
        1.36     0.999996       528490    275941.05
        1.36     0.999997       528490    291271.11
        1.36     0.999997       528490    308404.71
        1.36     0.999997       528490    327680.00
        1.36     0.999997       528490    349525.33
        1.36     0.999997       528490    374491.43
        1.36     0.999998       528490    403298.46
        1.36     0.999998       528490    436906.67
        1.36     0.999998       528490    476625.45
        1.36     0.999998       528490    524288.00
        1.45     0.999998       528491    551882.11
        1.45     1.000000       528491          inf
#[Mean    =        0.453, StdDeviation   =        0.102]
#[Max     =        1.447, Total count    =       528491]
#[Buckets =           20, SubBuckets     =          256]
