       Value   Percentile   TotalCount 1/(1-Percentile)

        0.17     0.000000            1         1.00
        0.27     0.050000        50039         1.05
        0.28     0.100000        68792         1.11
        0.32     0.150000        94614         1.18
        0.34     0.200000       127462         1.25
        0.34     0.250000       153746         1.33
        0.35     0.300000       180687         1.43
        0.37     0.350000       232017         1.54
        0.38     0.400000       248461         1.67
        0.39     0.450000       279702         1.82
        0.40     0.500000       308144         2.00
        0.41     0.525000       344776         2.11
        0.41     0.550000       344776         2.22
        0.41     0.575000       344776         2.35
        0.41     0.600000       383372         2.50
        0.41     0.625000       383372         2.67
        0.42     0.650000       420816         2.86
        0.42     0.675000       420816         3.08
        0.42     0.700000       420816         3.33
        0.43     0.725000       454878         3.64
        0.43     0.750000       454878         4.00
        0.44     0.762500       480271         4.21
        0.44     0.775000       480271         4.44
        0.44     0.787500       480271         4.71
        0.44     0.800000       480271         5.00
        0.45     0.812500       494694         5.33
        0.45     0.825000       494694         5.71
        0.46     0.837500       501731         6.15
        0.48     0.850000       509850         6.67
        0.54     0.862500       516838         7.27
        0.56     0.875000       525924         8.00
        0.57     0.881250       536008         8.42
        0.57     0.887500       536008         8.89
        0.57     0.893750       536008         9.41
        0.57     0.900000       549624        10.00
        0.57     0.906250       549624        10.67
        0.57     0.912500       549624        11.43
        0.58     0.918750       564685        12.31
        0.58     0.925000       564685        13.33
        0.58     0.931250       564685        14.55
        0.58     0.937500       564685        16.00
        0.58     0.940625       564685        16.84
        0.59     0.943750       577497        17.78
        0.59     0.946875       577497        18.82
        0.59     0.950000       577497        20.00
        0.59     0.953125       577497        21.33
        0.59     0.956250       577497        22.86
        0.59     0.959375       577497        24.62
        0.59     0.962500       577497        26.67
        0.60     0.965625       586002        29.09
        0.60     0.968750       586002        32.00
        0.60     0.970313       586002        33.68
        0.60     0.971875       586002        35.56
        0.60     0.973437       586002        37.65
        0.60     0.975000       586002        40.00
        0.60     0.976562       586002        42.67
        0.60     0.978125       586002        45.71
        0.61     0.979688       590801        49.23
        0.61     0.981250       590801        53.33
        0.61     0.982812       590801        58.18
        0.61     0.984375       590801        64.00
        0.61     0.985156       590801        67.37
        0.61     0.985938       590801        71.11
        0.61     0.986719       593151        75.29
        0.61     0.987500       593151        80.00
        0.61     0.988281       593151        85.33
        0.61     0.989062       593151        91.43
        0.61     0.989844       593151        98.46
        0.62     0.990625       594508       106.67
        0.62     0.991406       594508       116.36
        0.62     0.992188       594508       128.00
        0.62     0.992578       594508       134.74
        0.63     0.992969       595409       142.22
        0.63     0.993359       595409       150.59
        0.63     0.993750       595409       160.00
        0.63     0.994141       595409       170.67
        0.64     0.994531       596133       182.86
        0.64     0.994922       596133       196.92
        0.64     0.995313       596133       213.33
        0.65     0.995703       596721       232.73
        0.65     0.996094       596721       256.00
        0.65     0.996289       596721       269.47
        0.66     0.996484       597157       284.44
        0.66     0.996680       597157       301.18
        0.66     0.996875       597157       320.00
        0.66     0.997070       597503       341.33
        0.66     0.997266       597503       365.71
        0.66     0.997461       597503       393.85
        0.67     0.997656       597767       426.67
        0.67     0.997852       597767       465.45
        0.67     0.998047       597767       512.00
        0.68     0.998145       598010       538.95
        0.68     0.998242       598010       568.89
        0.68     0.998340       598010       602.35
        0.68     0.998437       598010       640.00
        0.69     0.998535       598216       682.67
        0.69     0.998633       598216       731.43
        0.69     0.998730       598216       787.69
        0.69     0.998828       598216       853.33
        0.69     0.998926       598388       930.91
        0.69     0.999023       598388      1024.00
        0.69     0.999072       598388      1077.89
        0.70     0.999121       598552      1137.78
        0.70     0.999170       598552      1204.71
        0.70     0.999219       598552      1280.00
        0.70     0.999268       598552      1365.33
        0.70     0.999316       598552      1462.86
        0.70     0.999365       598552      1575.38
        0.71     0.999414       598644      1706.67
        0.71     0.999463       598644      1861.82
        0.71     0.999512       598644      2048.00
        0.71     0.999536       598644      2155.79
        0.72     0.999561       598723      2275.56
        0.72     0.999585       598723      2409.41
        0.72     0.999609       598723      2560.00
        0.72     0.999634       598723      2730.67
        0.72     0.999658       598723      2925.71
        0.73     0.999683       598765      3150.77
        0.73     0.999707       598765      3413.33
        0.73     0.999731       598765      3723.64
        0.73     0.999756       598789      4096.00
        0.73     0.999768       598789      4311.58
        0.73     0.999780       598789      4551.11
        0.74     0.999792       598798      4818.82
        0.75     0.999805       598806      5120.00
        0.76     0.999817       598814      5461.33
        0.76     0.999829       598814      5851.43
        0.78     0.999841       598821      6301.54
        0.80     0.999854       598829      6826.67
        0.81     0.999866       598839      7447.27
        0.81     0.999878       598843      8192.00
        0.85     0.999884       598849      8623.16
        0.85     0.999890       598851      9102.22
        0.87     0.999896       598854      9637.65
        0.88     0.999902       598858     10240.00
        0.94     0.999908       598862     10922.67
        1.38     0.999915       598865     11702.86
        1.50     0.999921       598869     12603.08
        2.21     0.999927       598874     13653.33
        2.32     0.999933       598876     14894.55
        2.46     0.999939       598881     16384.00
        2.48     0.999942       598882     17246.32
        2.53     0.999945       598885     18204.44
        2.53     0.999948       598885     19275.29
        2.62     0.999951       598888     20480.00
        2.65     0.999954       598889     21845.33
        2.83     0.999957       598891     23405.71
        2.93     0.999960       598893     25206.15
        2.96     0.999963       598895     27306.67
        3.02     0.999966       598897     29789.09
        3.04     0.999969       598899     32768.00
        3.04     0.999971       598899     34492.63
        3.06     0.999973       598901     36408.89
        3.06     0.999974       598901     38550.59
        3.18     0.999976       598902     40960.00
        3.20     0.999977       598903     43690.67
        3.21     0.999979       598904     46811.43
        3.39     0.999980       598905     50412.31
        3.41     0.999982       598906     54613.33
        3.41     0.999983       598906     59578.18
        3.46     0.999985       598907     65536.00
        3.47     0.999986       598908     68985.26
        3.47     0.999986       598908     72817.78
        3.52     0.999987       598909     77101.18
        3.52     0.999988       598909     81920.00
        3.54     0.999989       598910     87381.33
        3.54     0.999989       598910     93622.86
        3.55     0.999990       598911    100824.62
        3.55     0.999991       598911    109226.67
        3.55     0.999992       598911    119156.36
        3.57     0.999992       598913    131072.00
        3.57     0.999993       598913    137970.53
        3.57     0.999993       598913    145635.56
        3.57     0.999994       598913    154202.35
        3.57     0.999994       598913    163840.00
        3.57     0.999994       598913    174762.67
        3.57     0.999995       598913    187245.71
        3.63     0.999995       598914    201649.23
        3.63     0.999995       598914    218453.33
        3.63     0.999996       598914    238312.73
        3.63     0.999996       598914    262144.00
        3.63     0.999996       598914    275941.05
        3.63     0.999997       598914    291271.11
        3.76     0.999997       598915    308404.71
        3.76     0.999997       598915    327680.00
        3.76     0.999997       598915    349525.33
        3.76     0.999997       598915    374491.43
        3.76     0.999998       598915    403298.46
        3.76     0.999998       598915    436906.67
        3.76     0.999998       598915    476625.45
        3.76     0.999998       598915    524288.00
        3.76     0.999998       598915    551882.11
        3.76     0.999998       598915    582542.22
        3.79     0.999998       598916    616809.41
        3.79     1.000000       598916          inf
#[Mean    =        0.401, StdDeviation   =        0.095]
#[Max     =        3.791, Total count    =       598916]
#[Buckets =           20, SubBuckets     =          256]
