       Value   Percentile   TotalCount 1/(1-Percentile)

        0.07     0.000000           50         1.00
        0.16     0.050000      1608940         1.05
        0.29     0.100000      2755910         1.11
        0.49     0.150000      4130090         1.18
        0.57     0.200000      5713530         1.25
        0.60     0.250000      6882930         1.33
        0.61     0.300000      8681850         1.43
        0.62     0.350000     10080470         1.54
        0.63     0.400000     11623930         1.67
        0.64     0.450000     13028190         1.82
        0.65     0.500000     14068280         2.00
        0.66     0.525000     14814560         2.11
        0.66     0.550000     15401520         2.22
        0.67     0.575000     15917260         2.35
        0.69     0.600000     16819050         2.50
        0.69     0.625000     17223140         2.67
        0.71     0.650000     17960110         2.86
        0.73     0.675000     18616540         3.08
        0.74     0.700000     19237340         3.33
        0.77     0.725000     20170220         3.64
        0.78     0.750000     20829870         4.00
        0.79     0.762500     21177170         4.21
        0.80     0.775000     21530390         4.44
        0.81     0.787500     21891680         4.71
        0.81     0.800000     22251590         5.00
        0.82     0.812500     22620690         5.33
        0.82     0.825000     22620690         5.71
        0.83     0.837500     22998760         6.15
        0.84     0.850000     23372420         6.67
        0.85     0.862500     23727930         7.27
        0.85     0.875000     24057180         8.00
        0.86     0.881250     24355430         8.42
        0.86     0.887500     24355430         8.89
        0.87     0.893750     24608590         9.41
        0.88     0.900000     24826170        10.00
        0.89     0.906250     25008030        10.67
        0.90     0.912500     25154890        11.43
        0.90     0.918750     25276350        12.31
        0.91     0.925000     25379100        13.33
        0.93     0.931250     25562710        14.55
        0.94     0.937500     25733340        16.00
        0.95     0.940625     25814700        16.84
        0.96     0.943750     25894130        17.78
        0.97     0.946875     25973240        18.82
        0.98     0.950000     26116400        20.00
        0.99     0.953125     26183390        21.33
        1.00     0.956250     26244790        22.86
        1.01     0.959375     26305090        24.62
        1.02     0.962500     26410570        26.67
        1.04     0.965625     26497420        29.09
        1.05     0.968750     26568330        32.00
        1.07     0.970313     26629900        33.68
        1.08     0.971875     26657560        35.56
        1.09     0.973437     26705640        37.65
        1.11     0.975000     26750130        40.00
        1.13     0.976562     26788250        42.67
        1.14     0.978125     26825270        45.71
        1.16     0.979688     26861830        49.23
        1.18     0.981250     26916870        53.33
        1.20     0.982812     26952760        58.18
        1.22     0.984375     26989920        64.00
        1.23     0.985156     27025870        67.37
        1.24     0.985938     27042380        71.11
        1.25     0.986719     27058550        75.29
        1.25     0.987500     27074230        80.00
        1.27     0.988281     27103580        85.33
        1.29     0.989062     27127480        91.43
        1.30     0.989844     27145530        98.46
        1.33     0.990625     27162540       106.67
        1.38     0.991406     27181450       116.36
        1.46     0.992188     27203190       128.00
        1.52     0.992578     27214770       134.74
        1.58     0.992969     27225270       142.22
        1.65     0.993359     27235250       150.59
        1.75     0.993750     27246160       160.00
        1.90     0.994141     27256110       170.67
        2.19     0.994531     27267420       182.86
        2.50     0.994922     27277640       196.92
        2.99     0.995313     27288380       213.33
        3.60     0.995703     27298960       232.73
        4.42     0.996094     27309740       256.00
        4.99     0.996289     27315320       269.47
        5.73     0.996484     27320370       284.44
        6.24     0.996680     27325730       301.18
        6.69     0.996875     27331150       320.00
        7.10     0.997070     27336730       341.33
        7.49     0.997266     27342400       365.71
        7.90     0.997461     27347510       393.85
        8.38     0.997656     27353140       426.67
        8.77     0.997852     27358010       465.45
        9.54     0.998047     27363590       512.00
       10.05     0.998145     27366380       538.95
       10.56     0.998242     27368610       568.89
       11.71     0.998340     27371340       602.35
       12.48     0.998437     27374000       640.00
       13.12     0.998535     27376610       682.67
       14.27     0.998633     27379340       731.43
       15.36     0.998730     27382050       787.69
       16.19     0.998828     27385340       853.33
       16.51     0.998926     27387650       930.91
       16.89     0.999023     27390040      1024.00
       17.41     0.999072     27391510      1077.89
       17.92     0.999121     27392870      1137.78
       18.43     0.999170     27394150      1204.71
       19.45     0.999219     27395380      1280.00
       20.22     0.999268     27398080      1365.33
       20.22     0.999316     27398080      1462.86
       20.48     0.999365     27399890      1575.38
       20.73     0.999414     27401120      1706.67
       20.99     0.999463     27402060      1861.82
       22.02     0.999512     27403360      2048.00
       22.66     0.999536     27404050      2155.79
       23.17     0.999561     27404740      2275.56
       23.81     0.999585     27405380      2409.41
       24.19     0.999609     27407770      2560.00
       24.19     0.999634     27407770      2730.67
       24.19     0.999658     27407770      2925.71
       24.32     0.999683     27408930      3150.77
       24.32     0.999707     27408930      3413.33
       24.45     0.999731     27409530      3723.64
       24.70     0.999756     27410320      4096.00
       24.83     0.999768     27410470      4311.58
       25.21     0.999780     27410950      4551.11
       25.47     0.999792     27411090      4818.82
       25.86     0.999805     27411410      5120.00
       26.50     0.999817     27411890      5461.33
       26.88     0.999829     27412230      5851.43
       27.26     0.999841     27412430      6301.54
       27.90     0.999854     27412730      6826.67
       28.16     0.999866     27413250      7447.27
       28.29     0.999878     27414160      8192.00
       28.29     0.999884     27414160      8623.16
       28.29     0.999890     27414160      9102.22
       28.29     0.999896     27414160      9637.65
       28.29     0.999902     27414160     10240.00
       28.41     0.999908     27414380     10922.67
       28.54     0.999915     27414610     11702.86
       28.54     0.999921     27414610     12603.08
       29.05     0.999927     27414750     13653.33
       29.18     0.999933     27414970     14894.55
       30.59     0.999939     27415210     16384.00
       30.59     0.999942     27415210     17246.32
       30.72     0.999945     27415250     18204.44
       30.98     0.999948     27415330     19275.29
       32.00     0.999951     27415410     20480.00
       32.13     0.999954     27415560     21845.33
       32.26     0.999957     27416230     23405.71
       32.26     0.999960     27416230     25206.15
       32.26     0.999963     27416230     27306.67
       32.26     0.999966     27416230     29789.09
       32.26     0.999969     27416230     32768.00
       32.26     0.999971     27416230     34492.63
       32.26     0.999973     27416230     36408.89
       32.26     0.999974     27416230     38550.59
       32.26     0.999976     27416230     40960.00
       32.26     0.999977     27416230     43690.67
       32.26     0.999979     27416230     46811.43
       32.26     0.999980     27416230     50412.31
       32.38     0.999982     27416300     54613.33
       32.38     0.999983     27416300     59578.18
       32.77     0.999985     27416340     65536.00
       36.09     0.999986     27416350     68985.26
       36.35     0.999986     27416500     72817.78
       36.35     0.999987     27416500     77101.18
       36.35     0.999988     27416500     81920.00
       36.35     0.999989     27416500     87381.33
       36.35     0.999989     27416500     93622.86
       36.35     0.999990     27416500    100824.62
       36.35     0.999991     27416500    109226.67
       40.19     0.999992     27416580    119156.36
       40.19     0.999992     27416580    131072.00
       40.19     0.999993     27416580    137970.53
       40.19     0.999993     27416580    145635.56
       40.19     0.999994     27416580    154202.35
       40.19     0.999994     27416580    163840.00
       40.45     0.999994     27416660    174762.67
       40.45     0.999995     27416660    187245.71
       40.45     0.999995     27416660    201649.23
       40.45     0.999995     27416660    218453.33
       40.45     0.999996     27416660    238312.73
       40.45     0.999996     27416660    262144.00
       40.45     0.999996     27416660    275941.05
       40.45     0.999997     27416660    291271.11
       40.45     0.999997     27416660    308404.71
       40.45     0.999997     27416660    327680.00
       48.13     0.999997     27416670    349525.33
       48.13     0.999997     27416670    374491.43
       48.38     0.999998     27416740    403298.46
       48.38     1.000000     27416740          inf
#[Mean    =        0.698, StdDeviation   =        0.896]
#[Max     =       48.383, Total count    =     27416740]
#[Buckets =           20, SubBuckets     =          256]
