       Value   Percentile   TotalCount 1/(1-Percentile)

        0.25     0.000000            1         1.00
        0.42     0.050000        24645         1.05
        0.45     0.100000        40770         1.11
        0.49     0.150000        58647         1.18
        0.52     0.200000        77579         1.25
        0.54     0.250000        97135         1.33
        0.55     0.300000       122262         1.43
        0.56     0.350000       134689         1.54
        0.57     0.400000       155128         1.67
        0.60     0.450000       175795         1.82
        0.62     0.500000       198668         2.00
        0.63     0.525000       208901         2.11
        0.64     0.550000       220099         2.22
        0.65     0.575000       232176         2.35
        0.65     0.600000       232176         2.50
        0.66     0.625000       245015         2.67
        0.66     0.650000       258084         2.86
        0.67     0.675000       270837         3.08
        0.67     0.700000       270837         3.33
        0.68     0.725000       282880         3.64
        0.69     0.750000       293477         4.00
        0.69     0.762500       293477         4.21
        0.69     0.775000       302760         4.44
        0.70     0.787500       310180         4.71
        0.70     0.800000       310180         5.00
        0.71     0.812500       316146         5.33
        0.72     0.825000       320486         5.71
        0.73     0.837500       323656         6.15
        0.74     0.850000       327384         6.67
        0.80     0.862500       332103         7.27
        0.83     0.875000       336893         8.00
        0.84     0.881250       339157         8.42
        0.85     0.887500       341911         8.89
        0.85     0.893750       345279         9.41
        0.86     0.900000       349055        10.00
        0.86     0.906250       349055        10.67
        0.87     0.912500       353258        11.43
        0.88     0.918750       357801        12.31
        0.88     0.925000       357801        13.33
        0.89     0.931250       362577        14.55
        0.89     0.937500       362577        16.00
        0.89     0.940625       362577        16.84
        0.90     0.943750       367052        17.78
        0.90     0.946875       367052        18.82
        0.90     0.950000       367052        20.00
        0.90     0.953125       367052        21.33
        0.90     0.956250       371220        22.86
        0.90     0.959375       371220        24.62
        0.90     0.962500       371220        26.67
        0.91     0.965625       374792        29.09
        0.91     0.968750       374792        32.00
        0.91     0.970313       374792        33.68
        0.91     0.971875       374792        35.56
        0.91     0.973437       374792        37.65
        0.92     0.975000       377834        40.00
        0.92     0.976562       377834        42.67
        0.92     0.978125       377834        45.71
        0.92     0.979688       377834        49.23
        0.92     0.981250       377834        53.33
        0.93     0.982812       380106        58.18
        0.93     0.984375       380106        64.00
        0.93     0.985156       380106        67.37
        0.93     0.985938       380106        71.11
        0.93     0.986719       380106        75.29
        0.93     0.987500       380106        80.00
        0.94     0.988281       381680        85.33
        0.94     0.989062       381680        91.43
        0.94     0.989844       381680        98.46
        0.94     0.990625       381680       106.67
        0.94     0.991406       381680       116.36
        0.94     0.992188       382803       128.00
        0.94     0.992578       382803       134.74
        0.94     0.992969       382803       142.22
        0.94     0.993359       382803       150.59
        0.94     0.993750       382803       160.00
        0.94     0.994141       382803       170.67
        0.94     0.994531       382803       182.86
        0.94     0.994922       382803       196.92
        0.95     0.995313       383526       213.33
        0.95     0.995703       383526       232.73
        0.95     0.996094       383526       256.00
        0.95     0.996289       383526       269.47
        0.95     0.996484       383526       284.44
        0.95     0.996680       383526       301.18
        0.96     0.996875       383999       320.00
        0.96     0.997070       383999       341.33
        0.96     0.997266       383999       365.71
        0.96     0.997461       383999       393.85
        0.96     0.997656       383999       426.67
        0.96     0.997852       383999       465.45
        0.96     0.998047       383999       512.00
        0.97     0.998145       384290       538.95
        0.97     0.998242       384290       568.89
        0.97     0.998340       384290       602.35
        0.97     0.998437       384290       640.00
        0.97     0.998535       384290       682.67
        0.97     0.998633       384290       731.43
        0.97     0.998730       384290       787.69
        0.97     0.998828       384290       853.33
        0.97     0.998926       384437       930.91
        0.97     0.999023       384437      1024.00
        0.97     0.999072       384437      1077.89
        0.97     0.999121       384437      1137.78
        0.97     0.999170       384437      1204.71
        0.97     0.999219       384437      1280.00
        0.98     0.999268       384539      1365.33
        0.98     0.999316       384539      1462.86
        0.98     0.999365       384539      1575.38
        0.98     0.999414       384539      1706.67
        0.98     0.999463       384539      1861.82
        0.99     0.999512       384590      2048.00
        0.99     0.999536       384590      2155.79
        0.99     0.999561       384590      2275.56
        0.99     0.999585       384590      2409.41
        0.99     0.999609       384590      2560.00
        1.00     0.999634       384622      2730.67
        1.00     0.999658       384622      2925.71
        1.00     0.999683       384622      3150.77
        1.01     0.999707       384643      3413.33
        1.01     0.999731       384643      3723.64
        1.01     0.999756       384643      4096.00
        1.01     0.999768       384655      4311.58
        1.01     0.999780       384655      4551.11
        1.02     0.999792       384660      4818.82
        1.02     0.999805       384660      5120.00
        1.04     0.999817       384668      5461.33
        1.05     0.999829       384674      5851.43
        1.05     0.999841       384674      6301.54
        1.05     0.999854       384681      6826.67
        1.06     0.999866       384685      7447.27
        1.07     0.999878       384690      8192.00
        1.08     0.999884       384693      8623.16
        1.08     0.999890       384693      9102.22
        1.09     0.999896       384696      9637.65
        1.09     0.999902       384699     10240.00
        1.10     0.999908       384702     10922.67
        1.11     0.999915       384705     11702.86
        1.11     0.999921       384705     12603.08
        1.12     0.999927       384708     13653.33
        1.13     0.999933       384712     14894.55
        1.13     0.999939       384712     16384.00
        1.14     0.999942       384713     17246.32
        1.15     0.999945       384715     18204.44
        1.16     0.999948       384716     19275.29
        1.17     0.999951       384717     20480.00
        1.18     0.999954       384720     21845.33
        1.18     0.999957       384720     23405.71
        1.18     0.999960       384720     25206.15
        1.18     0.999963       384721     27306.67
        1.19     0.999966       384723     29789.09
        1.20     0.999969       384724     32768.00
        1.20     0.999971       384724     34492.63
        1.22     0.999973       384726     36408.89
        1.22     0.999974       384726     38550.59
        1.22     0.999976       384726     40960.00
        1.23     0.999977       384727     43690.67
        1.23     0.999979       384727     46811.43
        1.24     0.999980       384728     50412.31
        1.24     0.999982       384728     54613.33
        1.27     0.999983       384730     59578.18
        1.27     0.999985       384730     65536.00
        1.27     0.999986       384730     68985.26
        1.27     0.999986       384730     72817.78
        1.28     0.999987       384732     77101.18
        1.28     0.999988       384732     81920.00
        1.28     0.999989       384732     87381.33
        1.28     0.999989       384732     93622.86
        1.28     0.999990       384732    100824.62
        1.28     0.999991       384732    109226.67
        1.28     0.999992       384732    119156.36
        1.31     0.999992       384733    131072.00
        1.31     0.999993       384733    137970.53
        1.31     0.999993       384733    145635.56
        1.31     0.999994       384733    154202.35
        1.31     0.999994       384733    163840.00
        1.31     0.999994       384733    174762.67
        1.31     0.999995       384733    187245.71
        1.33     0.999995       384734    201649.23
        1.33     0.999995       384734    218453.33
        1.33     0.999996       384734    238312.73
        1.33     0.999996       384734    262144.00
        1.33     0.999996       384734    275941.05
        1.33     0.999997       384734    291271.11
        1.33     0.999997       384734    308404.71
        1.33     0.999997       384734    327680.00
        1.33     0.999997       384734    349525.33
        1.33     0.999997       384734    374491.43
        1.79     0.999998       384735    403298.46
        1.79     1.000000       384735          inf
#[Mean    =        0.623, StdDeviation   =        0.135]
#[Max     =        1.791, Total count    =       384735]
#[Buckets =           20, SubBuckets     =          256]
