       Value   Percentile   TotalCount 1/(1-Percentile)

        0.07     0.000000           20         1.00
        0.26     0.050000       747280         1.05
        0.33     0.100000      1481740         1.11
        0.81     0.150000      2213590         1.18
        0.97     0.200000      2954770         1.25
        1.11     0.250000      3722720         1.33
        1.16     0.300000      4471020         1.43
        1.19     0.350000      5225990         1.54
        1.22     0.400000      6079580         1.67
        1.23     0.450000      6810410         1.82
        1.25     0.500000      7573390         2.00
        1.25     0.525000      7945540         2.11
        1.26     0.550000      8297020         2.22
        1.27     0.575000      8632640         2.35
        1.28     0.600000      8938960         2.50
        1.29     0.625000      9227690         2.67
        1.30     0.650000      9745520         2.86
        1.31     0.675000      9973390         3.08
        1.33     0.700000     10393980         3.33
        1.34     0.725000     10759330         3.64
        1.36     0.750000     11082810         4.00
        1.38     0.762500     11355570         4.21
        1.38     0.775000     11473420         4.44
        1.40     0.787500     11679790         4.71
        1.42     0.800000     11843280         5.00
        1.44     0.812500     12027380         5.33
        1.47     0.825000     12207580         5.71
        1.50     0.837500     12357070         6.15
        1.54     0.850000     12536700         6.67
        1.59     0.862500     12737980         7.27
        1.64     0.875000     12931900         8.00
        1.66     0.881250     12998190         8.42
        1.68     0.887500     13099850         8.89
        1.70     0.893750     13198640         9.41
        1.73     0.900000     13292040        10.00
        1.75     0.906250     13380560        10.67
        1.77     0.912500     13468790        11.43
        1.80     0.918750     13556910        12.31
        1.82     0.925000     13646480        13.33
        1.85     0.931250     13735590        14.55
        1.87     0.937500     13827010        16.00
        1.89     0.940625     13885340        16.84
        1.90     0.943750     13945330        17.78
        1.91     0.946875     13975120        18.82
        1.93     0.950000     14032570        20.00
        1.94     0.953125     14059680        21.33
        1.95     0.956250     14112170        22.86
        1.97     0.959375     14160180        24.62
        1.98     0.962500     14203640        26.67
        2.00     0.965625     14243840        29.09
        2.02     0.968750     14296110        32.00
        2.03     0.970313     14311140        33.68
        2.05     0.971875     14337620        35.56
        2.06     0.973437     14360560        37.65
        2.10     0.975000     14394370        40.00
        2.11     0.976562     14407310        42.67
        2.14     0.978125     14427030        45.71
        2.21     0.979688     14452460        49.23
        2.29     0.981250     14475820        53.33
        2.37     0.982812     14495980        58.18
        2.50     0.984375     14519010        64.00
        2.58     0.985156     14529660        67.37
        2.67     0.985938     14541990        71.11
        2.80     0.986719     14553300        75.29
        2.96     0.987500     14564500        80.00
        3.20     0.988281     14576120        85.33
        3.58     0.989062     14587470        91.43
        4.01     0.989844     14599060        98.46
        4.54     0.990625     14610320       106.67
        5.28     0.991406     14621990       116.36
        6.27     0.992188     14633480       128.00
        6.78     0.992578     14639210       134.74
        7.13     0.992969     14645050       142.22
        7.52     0.993359     14650670       150.59
        7.84     0.993750     14656970       160.00
        8.16     0.994141     14662410       170.67
        8.45     0.994531     14668440       182.86
        8.96     0.994922     14673670       196.92
        9.47     0.995313     14680190       213.33
       10.11     0.995703     14685400       232.73
       11.07     0.996094     14690980       256.00
       12.22     0.996289     14694090       269.47
       12.86     0.996484     14696750       284.44
       13.89     0.996680     14699670       301.18
       15.29     0.996875     14702570       320.00
       16.32     0.997070     14705410       341.33
       16.89     0.997266     14709240       365.71
       17.28     0.997461     14711140       393.85
       18.43     0.997656     14714120       426.67
       19.84     0.997852     14716900       465.45
       20.48     0.998047     14720720       512.00
       20.73     0.998145     14721880       538.95
       20.86     0.998242     14722740       568.89
       21.50     0.998340     14724400       602.35
       22.14     0.998437     14725540       640.00
       23.17     0.998535     14726990       682.67
       24.19     0.998633     14729000       731.43
       24.32     0.998730     14732260       787.69
       24.32     0.998828     14732260       853.33
       24.45     0.998926     14735190       930.91
       24.45     0.999023     14735190      1024.00
       24.45     0.999072     14735190      1077.89
       24.57     0.999121     14735750      1137.78
       24.83     0.999170     14736900      1204.71
       24.96     0.999219     14737320      1280.00
       25.34     0.999268     14737950      1365.33
       25.86     0.999316     14738580      1462.86
       26.62     0.999365     14739230      1575.38
       27.65     0.999414     14740040      1706.67
       28.29     0.999463     14741960      1861.82
       28.29     0.999512     14741960      2048.00
       28.29     0.999536     14741960      2155.79
       28.41     0.999561     14744060      2275.56
       28.41     0.999585     14744060      2409.41
       28.41     0.999609     14744060      2560.00
       28.41     0.999634     14744060      2730.67
       28.41     0.999658     14744060      2925.71
       28.41     0.999683     14744060      3150.77
       28.54     0.999707     14744600      3413.33
       28.54     0.999731     14744600      3723.64
       28.93     0.999756     14745220      4096.00
       28.93     0.999768     14745220      4311.58
       29.18     0.999780     14745340      4551.11
       29.57     0.999792     14745500      4818.82
       30.34     0.999805     14745720      5120.00
       30.72     0.999817     14745870      5461.33
       31.36     0.999829     14746070      5851.43
       32.26     0.999841     14746380      6301.54
       32.38     0.999854     14747080      6826.67
       32.38     0.999866     14747080      7447.27
       32.38     0.999878     14747080      8192.00
       32.38     0.999884     14747080      8623.16
       32.38     0.999890     14747080      9102.22
       32.38     0.999896     14747080      9637.65
       32.51     0.999902     14747340     10240.00
       32.51     0.999908     14747340     10922.67
       32.51     0.999915     14747340     11702.86
       32.64     0.999921     14747420     12603.08
       32.77     0.999927     14747490     13653.33
       33.02     0.999933     14747660     14894.55
       33.02     0.999939     14747660     16384.00
       34.30     0.999942     14747760     17246.32
       34.30     0.999945     14747760     18204.44
       34.56     0.999948     14747910     19275.29
       34.56     0.999951     14747910     20480.00
       34.56     0.999954     14747910     21845.33
       34.81     0.999957     14747960     23405.71
       35.07     0.999960     14747990     25206.15
       36.09     0.999963     14748020     27306.67
       36.35     0.999966     14748250     29789.09
       36.35     0.999969     14748250     32768.00
       36.35     0.999971     14748250     34492.63
       36.35     0.999973     14748250     36408.89
       36.35     0.999974     14748250     38550.59
       36.35     0.999976     14748250     40960.00
       36.35     0.999977     14748250     43690.67
       36.35     0.999979     14748250     46811.43
       36.61     0.999980     14748290     50412.31
       36.61     0.999982     14748290     54613.33
       40.19     0.999983     14748320     59578.18
       40.45     0.999985     14748440     65536.00
       40.45     0.999986     14748440     68985.26
       40.45     0.999986     14748440     72817.78
       40.45     0.999987     14748440     77101.18
       40.45     0.999988     14748440     81920.00
       40.45     0.999989     14748440     87381.33
       40.45     0.999989     14748440     93622.86
       40.45     0.999990     14748440    100824.62
       40.45     0.999991     14748440    109226.67
       40.45     0.999992     14748440    119156.36
       40.70     0.999992     14748480    131072.00
       40.70     0.999993     14748480    137970.53
       40.70     0.999993     14748480    145635.56
       40.70     0.999994     14748480    154202.35
       40.70     0.999994     14748480    163840.00
       40.70     0.999994     14748480    174762.67
       44.29     0.999995     14748510    187245.71
       44.29     0.999995     14748510    201649.23
       44.29     0.999995     14748510    218453.33
       44.29     0.999996     14748510    238312.73
       44.29     0.999996     14748510    262144.00
       44.29     0.999996     14748510    275941.05
       44.29     0.999997     14748510    291271.11
       44.54     0.999997     14748560    308404.71
       44.54     1.000000     14748560          inf
#[Mean    =        1.296, StdDeviation   =        1.429]
#[Max     =       44.543, Total count    =     14748560]
#[Buckets =           20, SubBuckets     =          256]
