       Value   Percentile   TotalCount 1/(1-Percentile)

        0.15     0.000000            1         1.00
        0.30     0.050000        35073         1.05
        0.32     0.100000        67674         1.11
        0.34     0.150000        81459         1.18
        0.38     0.200000       107123         1.25
        0.39     0.250000       145071         1.33
        0.40     0.300000       166271         1.43
        0.41     0.350000       187895         1.54
        0.42     0.400000       223495         1.67
        0.44     0.450000       244887         1.82
        0.46     0.500000       279704         2.00
        0.46     0.525000       279704         2.11
        0.46     0.550000       305319         2.22
        0.47     0.575000       333626         2.35
        0.47     0.600000       333626         2.50
        0.47     0.625000       333626         2.67
        0.48     0.650000       363168         2.86
        0.48     0.675000       363168         3.08
        0.49     0.700000       392518         3.33
        0.49     0.725000       392518         3.64
        0.49     0.750000       417767         4.00
        0.49     0.762500       417767         4.21
        0.49     0.775000       417767         4.44
        0.50     0.787500       435149         4.71
        0.50     0.800000       435149         5.00
        0.50     0.812500       435149         5.33
        0.51     0.825000       444919         5.71
        0.51     0.837500       444919         6.15
        0.53     0.850000       452200         6.67
        0.60     0.862500       458352         7.27
        0.63     0.875000       466153         8.00
        0.64     0.881250       472796         8.42
        0.64     0.887500       472796         8.89
        0.65     0.893750       482276         9.41
        0.65     0.900000       482276        10.00
        0.65     0.906250       482276        10.67
        0.66     0.912500       493502        11.43
        0.66     0.918750       493502        12.31
        0.66     0.925000       493502        13.33
        0.66     0.931250       504692        14.55
        0.66     0.937500       504692        16.00
        0.66     0.940625       504692        16.84
        0.66     0.943750       504692        17.78
        0.66     0.946875       504692        18.82
        0.66     0.950000       504692        20.00
        0.67     0.953125       514069        21.33
        0.67     0.956250       514069        22.86
        0.67     0.959375       514069        24.62
        0.67     0.962500       514069        26.67
        0.67     0.965625       514069        29.09
        0.68     0.968750       520589        32.00
        0.68     0.970313       520589        33.68
        0.68     0.971875       520589        35.56
        0.68     0.973437       520589        37.65
        0.68     0.975000       520589        40.00
        0.68     0.976562       520589        42.67
        0.68     0.978125       520589        45.71
        0.68     0.979688       520589        49.23
        0.69     0.981250       524622        53.33
        0.69     0.982812       524622        58.18
        0.69     0.984375       524622        64.00
        0.69     0.985156       524622        67.37
        0.69     0.985938       524622        71.11
        0.69     0.986719       524622        75.29
        0.69     0.987500       524622        80.00
        0.69     0.988281       526840        85.33
        0.69     0.989062       526840        91.43
        0.69     0.989844       526840        98.46
        0.69     0.990625       526840       106.67
        0.69     0.991406       526840       116.36
        0.70     0.992188       528019       128.00
        0.70     0.992578       528019       134.74
        0.70     0.992969       528019       142.22
        0.70     0.993359       528019       150.59
        0.70     0.993750       528019       160.00
        0.70     0.994141       528019       170.67
        0.71     0.994531       528758       182.86
        0.71     0.994922       528758       196.92
        0.71     0.995313       528758       213.33
        0.72     0.995703       529223       232.73
        0.72     0.996094       529223       256.00
        0.72     0.996289       529223       269.47
        0.73     0.996484       529601       284.44
        0.73     0.996680       529601       301.18
        0.73     0.996875       529601       320.00
        0.73     0.997070       529601       341.33
        0.73     0.997266       529887       365.71
        0.73     0.997461       529887       393.85
        0.73     0.997656       529887       426.67
        0.74     0.997852       530144       465.45
        0.74     0.998047       530144       512.00
        0.74     0.998145       530144       538.95
        0.75     0.998242       530350       568.89
        0.75     0.998340       530350       602.35
        0.75     0.998437       530350       640.00
        0.75     0.998535       530350       682.67
        0.76     0.998633       530524       731.43
        0.76     0.998730       530524       787.69
        0.76     0.998828       530524       853.33
        0.77     0.998926       530666       930.91
        0.77     0.999023       530666      1024.00
        0.77     0.999072       530666      1077.89
        0.77     0.999121       530666      1137.78
        0.78     0.999170       530773      1204.71
        0.78     0.999219       530773      1280.00
        0.78     0.999268       530773      1365.33
        0.78     0.999316       530773      1462.86
        0.78     0.999365       530857      1575.38
        0.78     0.999414       530857      1706.67
        0.78     0.999463       530857      1861.82
        0.79     0.999512       530924      2048.00
        0.79     0.999536       530924      2155.79
        0.79     0.999561       530924      2275.56
        0.79     0.999585       530924      2409.41
        0.79     0.999609       530924      2560.00
        0.80     0.999634       530973      2730.67
        0.80     0.999658       530973      2925.71
        0.80     0.999683       530973      3150.77
        0.80     0.999707       530973      3413.33
        0.81     0.999731       530997      3723.64
        0.81     0.999756       530997      4096.00
        0.81     0.999768       531019      4311.58
        0.81     0.999780       531019      4551.11
        0.81     0.999792       531019      4818.82
        0.82     0.999805       531031      5120.00
        0.82     0.999817       531031      5461.33
        0.83     0.999829       531042      5851.43
        0.83     0.999841       531042      6301.54
        0.85     0.999854       531046      6826.67
        0.86     0.999866       531052      7447.27
        0.90     0.999878       531060      8192.00
        0.91     0.999884       531062      8623.16
        0.96     0.999890       531065      9102.22
        0.97     0.999896       531068      9637.65
        1.37     0.999902       531072     10240.00
        1.52     0.999908       531076     10922.67
        1.72     0.999915       531078     11702.86
        2.35     0.999921       531081     12603.08
        2.45     0.999927       531085     13653.33
        2.51     0.999933       531089     14894.55
        2.54     0.999939       531092     16384.00
        2.56     0.999942       531094     17246.32
        2.56     0.999945       531094     18204.44
        2.62     0.999948       531096     19275.29
        2.69     0.999951       531098     20480.00
        2.70     0.999954       531099     21845.33
        2.75     0.999957       531104     23405.71
        2.75     0.999960       531104     25206.15
        2.75     0.999963       531104     27306.67
        2.81     0.999966       531106     29789.09
        2.83     0.999969       531107     32768.00
        2.86     0.999971       531108     34492.63
        2.90     0.999973       531109     36408.89
        3.02     0.999974       531110     38550.59
        3.06     0.999976       531111     40960.00
        3.06     0.999977       531111     43690.67
        3.76     0.999979       531113     46811.43
        3.76     0.999980       531113     50412.31
        3.77     0.999982       531114     54613.33
        3.79     0.999983       531116     59578.18
        3.79     0.999985       531116     65536.00
        3.79     0.999986       531116     68985.26
        3.79     0.999986       531116     72817.78
        3.84     0.999987       531119     77101.18
        3.84     0.999988       531119     81920.00
        3.84     0.999989       531119     87381.33
        3.84     0.999989       531119     93622.86
        3.84     0.999990       531119    100824.62
        3.84     0.999991       531119    109226.67
        3.84     0.999992       531119    119156.36
        3.84     0.999992       531119    131072.00
        3.87     0.999993       531120    137970.53
        3.87     0.999993       531120    145635.56
        3.87     0.999994       531120    154202.35
        3.87     0.999994       531120    163840.00
        3.87     0.999994       531120    174762.67
        3.95     0.999995       531121    187245.71
        3.95     0.999995       531121    201649.23
        3.95     0.999995       531121    218453.33
        3.95     0.999996       531121    238312.73
        3.95     0.999996       531121    262144.00
        3.98     0.999996       531122    275941.05
        3.98     0.999997       531122    291271.11
        3.98     0.999997       531122    308404.71
        3.98     0.999997       531122    327680.00
        3.98     0.999997       531122    349525.33
        3.98     0.999997       531122    374491.43
        3.98     0.999998       531122    403298.46
        3.98     0.999998       531122    436906.67
        3.98     0.999998       531122    476625.45
        3.98     0.999998       531122    524288.00
        4.05     0.999998       531123    551882.11
        4.05     1.000000       531123          inf
#[Mean    =        0.452, StdDeviation   =        0.108]
#[Max     =        4.047, Total count    =       531123]
#[Buckets =           20, SubBuckets     =          256]
