       Value   Percentile   TotalCount 1/(1-Percentile)

        0.19     0.000000            2         1.00
        0.30     0.050000        28006         1.05
        0.32     0.100000        58747         1.11
        0.37     0.150000        84400         1.18
        0.38     0.200000       110976         1.25
        0.40     0.250000       149904         1.33
        0.41     0.300000       169917         1.43
        0.41     0.350000       189694         1.54
        0.43     0.400000       217418         1.67
        0.45     0.450000       242009         1.82
        0.46     0.500000       261874         2.00
        0.46     0.525000       287345         2.11
        0.47     0.550000       315785         2.22
        0.47     0.575000       315785         2.35
        0.47     0.600000       315785         2.50
        0.48     0.625000       345064         2.67
        0.48     0.650000       345064         2.86
        0.49     0.675000       373923         3.08
        0.49     0.700000       373923         3.33
        0.49     0.725000       399169         3.64
        0.49     0.750000       399169         4.00
        0.49     0.762500       399169         4.21
        0.50     0.775000       417730         4.44
        0.50     0.787500       417730         4.71
        0.51     0.800000       428894         5.00
        0.51     0.812500       428894         5.33
        0.52     0.825000       435073         5.71
        0.53     0.837500       438772         6.15
        0.55     0.850000       444555         6.67
        0.62     0.862500       451012         7.27
        0.64     0.875000       460096         8.00
        0.65     0.881250       468715         8.42
        0.65     0.887500       468715         8.89
        0.65     0.893750       468715         9.41
        0.66     0.900000       479533        10.00
        0.66     0.906250       479533        10.67
        0.66     0.912500       479533        11.43
        0.66     0.918750       490862        12.31
        0.66     0.925000       490862        13.33
        0.66     0.931250       490862        14.55
        0.66     0.937500       490862        16.00
        0.67     0.940625       500718        16.84
        0.67     0.943750       500718        17.78
        0.67     0.946875       500718        18.82
        0.67     0.950000       500718        20.00
        0.67     0.953125       500718        21.33
        0.67     0.956250       500718        22.86
        0.68     0.959375       507960        24.62
        0.68     0.962500       507960        26.67
        0.68     0.965625       507960        29.09
        0.68     0.968750       507960        32.00
        0.68     0.970313       507960        33.68
        0.69     0.971875       512655        35.56
        0.69     0.973437       512655        37.65
        0.69     0.975000       512655        40.00
        0.69     0.976562       512655        42.67
        0.69     0.978125       512655        45.71
        0.69     0.979688       512655        49.23
        0.69     0.981250       515474        53.33
        0.69     0.982812       515474        58.18
        0.69     0.984375       515474        64.00
        0.69     0.985156       515474        67.37
        0.69     0.985938       515474        71.11
        0.70     0.986719       517146        75.29
        0.70     0.987500       517146        80.00
        0.70     0.988281       517146        85.33
        0.70     0.989062       517146        91.43
        0.71     0.989844       518246        98.46
        0.71     0.990625       518246       106.67
        0.71     0.991406       518246       116.36
        0.72     0.992188       519024       128.00
        0.72     0.992578       519024       134.74
        0.73     0.992969       519647       142.22
        0.73     0.993359       519647       150.59
        0.73     0.993750       519647       160.00
        0.73     0.994141       519647       170.67
        0.73     0.994531       520161       182.86
        0.73     0.994922       520161       196.92
        0.74     0.995313       520601       213.33
        0.74     0.995703       520601       232.73
        0.75     0.996094       520945       256.00
        0.75     0.996289       520945       269.47
        0.75     0.996484       520945       284.44
        0.76     0.996680       521270       301.18
        0.76     0.996875       521270       320.00
        0.76     0.997070       521270       341.33
        0.77     0.997266       521578       365.71
        0.77     0.997461       521578       393.85
        0.77     0.997656       521578       426.67
        0.78     0.997852       521821       465.45
        0.78     0.998047       521821       512.00
        0.78     0.998145       521821       538.95
        0.78     0.998242       521821       568.89
        0.78     0.998340       522026       602.35
        0.78     0.998437       522026       640.00
        0.78     0.998535       522026       682.67
        0.78     0.998633       522026       731.43
        0.79     0.998730       522204       787.69
        0.79     0.998828       522204       853.33
        0.79     0.998926       522204       930.91
        0.79     0.999023       522204      1024.00
        0.80     0.999072       522335      1077.89
        0.80     0.999121       522335      1137.78
        0.80     0.999170       522335      1204.71
        0.80     0.999219       522335      1280.00
        0.80     0.999268       522335      1365.33
        0.81     0.999316       522422      1462.86
        0.81     0.999365       522422      1575.38
        0.81     0.999414       522422      1706.67
        0.81     0.999463       522477      1861.82
        0.81     0.999512       522477      2048.00
        0.81     0.999536       522477      2155.79
        0.82     0.999561       522533      2275.56
        0.82     0.999585       522533      2409.41
        0.82     0.999609       522533      2560.00
        0.82     0.999634       522533      2730.67
        0.82     0.999658       522533      2925.71
        0.83     0.999683       522557      3150.77
        0.83     0.999707       522557      3413.33
        0.84     0.999731       522572      3723.64
        0.85     0.999756       522582      4096.00
        0.85     0.999768       522592      4311.58
        0.86     0.999780       522596      4551.11
        0.88     0.999792       522603      4818.82
        0.89     0.999805       522608      5120.00
        0.90     0.999817       522615      5461.33
        0.92     0.999829       522620      5851.43
        0.95     0.999841       522627      6301.54
        1.00     0.999854       522633      6826.67
        1.09     0.999866       522639      7447.27
        1.47     0.999878       522646      8192.00
        1.53     0.999884       522649      8623.16
        1.71     0.999890       522652      9102.22
        1.85     0.999896       522655      9637.65
        2.37     0.999902       522658     10240.00
        2.53     0.999908       522664     10922.67
        2.54     0.999915       522665     11702.86
        2.58     0.999921       522668     12603.08
        2.64     0.999927       522671     13653.33
        2.65     0.999933       522674     14894.55
        2.75     0.999939       522680     16384.00
        2.75     0.999942       522680     17246.32
        2.81     0.999945       522681     18204.44
        2.83     0.999948       522682     19275.29
        2.96     0.999951       522684     20480.00
        3.10     0.999954       522686     21845.33
        3.12     0.999957       522687     23405.71
        3.17     0.999960       522690     25206.15
        3.17     0.999963       522690     27306.67
        3.20     0.999966       522692     29789.09
        3.29     0.999969       522694     32768.00
        3.29     0.999971       522694     34492.63
        3.31     0.999973       522695     36408.89
        3.42     0.999974       522696     38550.59
        3.47     0.999976       522697     40960.00
        4.01     0.999977       522698     43690.67
        4.01     0.999979       522698     46811.43
        4.03     0.999980       522699     50412.31
        4.05     0.999982       522700     54613.33
        4.06     0.999983       522702     59578.18
        4.06     0.999985       522702     65536.00
        4.06     0.999986       522702     68985.26
        4.06     0.999986       522702     72817.78
        4.09     0.999987       522703     77101.18
        4.09     0.999988       522703     81920.00
        4.16     0.999989       522705     87381.33
        4.16     0.999989       522705     93622.86
        4.16     0.999990       522705    100824.62
        4.16     0.999991       522705    109226.67
        4.16     0.999992       522705    119156.36
        4.19     0.999992       522706    131072.00
        4.19     0.999993       522706    137970.53
        4.19     0.999993       522706    145635.56
        4.19     0.999994       522706    154202.35
        4.19     0.999994       522706    163840.00
        4.22     0.999994       522707    174762.67
        4.22     0.999995       522707    187245.71
        4.22     0.999995       522707    201649.23
        4.22     0.999995       522707    218453.33
        4.22     0.999996       522707    238312.73
        4.32     0.999996       522708    262144.00
        4.32     0.999996       522708    275941.05
        4.32     0.999997       522708    291271.11
        4.32     0.999997       522708    308404.71
        4.32     0.999997       522708    327680.00
        4.32     0.999997       522708    349525.33
        4.32     0.999997       522708    374491.43
        4.32     0.999998       522708    403298.46
        4.32     0.999998       522708    436906.67
        4.32     0.999998       522708    476625.45
        4.35     0.999998       522709    524288.00
        4.35     1.000000       522709          inf
#[Mean    =        0.459, StdDeviation   =        0.108]
#[Max     =        4.351, Total count    =       522709]
#[Buckets =           20, SubBuckets     =          256]
