       Value   Percentile   TotalCount 1/(1-Percentile)

        0.30     0.000000            2         1.00
        0.64     0.050000        15844         1.05
        0.67     0.100000        34178         1.11
        0.69     0.150000        48969         1.18
        0.70     0.200000        67550         1.25
        0.72     0.250000        90540         1.33
        0.73     0.300000       103510         1.43
        0.73     0.350000       117501         1.54
        0.74     0.400000       131790         1.67
        0.75     0.450000       146593         1.82
        0.76     0.500000       161845         2.00
        0.77     0.525000       176782         2.11
        0.77     0.550000       176782         2.22
        0.78     0.575000       191394         2.35
        0.78     0.600000       191394         2.50
        0.78     0.625000       205183         2.67
        0.79     0.650000       218464         2.86
        0.79     0.675000       218464         3.08
        0.80     0.700000       230569         3.33
        0.80     0.725000       230569         3.64
        0.81     0.750000       241600         4.00
        0.81     0.762500       241600         4.21
        0.81     0.775000       251708         4.44
        0.81     0.787500       251708         4.71
        0.82     0.800000       260708         5.00
        0.82     0.812500       260708         5.33
        0.82     0.825000       260708         5.71
        0.83     0.837500       268828         6.15
        0.83     0.850000       268828         6.67
        0.84     0.862500       275760         7.27
        0.85     0.875000       281772         8.00
        0.85     0.881250       281772         8.42
        0.85     0.887500       281772         8.89
        0.85     0.893750       287033         9.41
        0.85     0.900000       287033        10.00
        0.85     0.906250       287033        10.67
        0.86     0.912500       291496        11.43
        0.86     0.918750       291496        12.31
        0.87     0.925000       295384        13.33
        0.87     0.931250       295384        14.55
        0.88     0.937500       298633        16.00
        0.88     0.940625       298633        16.84
        0.88     0.943750       298633        17.78
        0.89     0.946875       301419        18.82
        0.89     0.950000       301419        20.00
        0.89     0.953125       301419        21.33
        0.90     0.956250       303723        22.86
        0.90     0.959375       303723        24.62
        0.90     0.962500       305676        26.67
        0.90     0.965625       305676        29.09
        0.91     0.968750       307364        32.00
        0.91     0.970313       307364        33.68
        0.91     0.971875       307364        35.56
        0.92     0.973437       308809        37.65
        0.92     0.975000       308809        40.00
        0.92     0.976562       308809        42.67
        0.93     0.978125       310072        45.71
        0.93     0.979688       310072        49.23
        0.93     0.981250       310072        53.33
        0.94     0.982812       311045        58.18
        0.94     0.984375       311045        64.00
        0.94     0.985156       311873        67.37
        0.94     0.985938       311873        71.11
        0.94     0.986719       311873        75.29
        0.95     0.987500       312579        80.00
        0.95     0.988281       312579        85.33
        0.95     0.989062       312579        91.43
        0.96     0.989844       313148        98.46
        0.96     0.990625       313148       106.67
        0.96     0.991406       313148       116.36
        0.97     0.992188       313609       128.00
        0.97     0.992578       313609       134.74
        0.97     0.992969       314007       142.22
        0.97     0.993359       314007       150.59
        0.97     0.993750       314007       160.00
        0.97     0.994141       314007       170.67
        0.98     0.994531       314290       182.86
        0.98     0.994922       314290       196.92
        0.99     0.995313       314575       213.33
        0.99     0.995703       314575       232.73
        1.00     0.996094       314806       256.00
        1.00     0.996289       314806       269.47
        1.00     0.996484       314806       284.44
        1.01     0.996680       314992       301.18
        1.01     0.996875       314992       320.00
        1.01     0.997070       314992       341.33
        1.01     0.997266       314992       365.71
        1.01     0.997461       315142       393.85
        1.01     0.997656       315142       426.67
        1.02     0.997852       315266       465.45
        1.02     0.998047       315266       512.00
        1.03     0.998145       315381       538.95
        1.03     0.998242       315381       568.89
        1.03     0.998340       315381       602.35
        1.03     0.998437       315381       640.00
        1.04     0.998535       315445       682.67
        1.04     0.998633       315445       731.43
        1.05     0.998730       315512       787.69
        1.05     0.998828       315512       853.33
        1.05     0.998926       315558       930.91
        1.05     0.999023       315558      1024.00
        1.06     0.999072       315596      1077.89
        1.06     0.999121       315596      1137.78
        1.06     0.999170       315596      1204.71
        1.07     0.999219       315632      1280.00
        1.07     0.999268       315632      1365.33
        1.08     0.999316       315658      1462.86
        1.08     0.999365       315658      1575.38
        1.09     0.999414       315686      1706.67
        1.09     0.999463       315686      1861.82
        1.09     0.999512       315708      2048.00
        1.10     0.999536       315724      2155.79
        1.10     0.999561       315724      2275.56
        1.10     0.999585       315724      2409.41
        1.11     0.999609       315738      2560.00
        1.12     0.999634       315744      2730.67
        1.13     0.999658       315754      2925.71
        1.14     0.999683       315763      3150.77
        1.14     0.999707       315763      3413.33
        1.16     0.999731       315772      3723.64
        1.18     0.999756       315781      4096.00
        1.18     0.999768       315785      4311.58
        1.19     0.999780       315789      4551.11
        1.20     0.999792       315791      4818.82
        1.22     0.999805       315795      5120.00
        1.22     0.999817       315799      5461.33
        1.23     0.999829       315802      5851.43
        1.25     0.999841       315807      6301.54
        1.25     0.999854       315809      6826.67
        1.30     0.999866       315814      7447.27
        1.34     0.999878       315818      8192.00
        1.35     0.999884       315819      8623.16
        1.38     0.999890       315823      9102.22
        1.38     0.999896       315823      9637.65
        2.46     0.999902       315825     10240.00
        2.51     0.999908       315827     10922.67
        2.56     0.999915       315829     11702.86
        2.94     0.999921       315830     12603.08
        3.09     0.999927       315832     13653.33
        3.38     0.999933       315834     14894.55
        3.47     0.999939       315836     16384.00
        3.50     0.999942       315837     17246.32
        3.55     0.999945       315838     18204.44
        3.79     0.999948       315839     19275.29
        3.87     0.999951       315840     20480.00
        3.89     0.999954       315841     21845.33
        3.94     0.999957       315842     23405.71
        4.13     0.999960       315843     25206.15
        4.16     0.999963       315844     27306.67
        4.29     0.999966       315845     29789.09
        4.54     0.999969       315847     32768.00
        4.54     0.999971       315847     34492.63
        4.54     0.999973       315847     36408.89
        4.54     0.999974       315847     38550.59
        4.58     0.999976       315848     40960.00
        4.58     0.999977       315848     43690.67
        4.61     0.999979       315851     46811.43
        4.61     0.999980       315851     50412.31
        4.61     0.999982       315851     54613.33
        4.61     0.999983       315851     59578.18
        4.61     0.999985       315851     65536.00
        4.61     0.999986       315851     68985.26
        4.61     0.999986       315851     72817.78
        4.61     0.999987       315851     77101.18
        5.18     0.999988       315852     81920.00
        5.18     0.999989       315852     87381.33
        5.18     0.999989       315852     93622.86
        5.18     0.999990       315852    100824.62
        5.34     0.999991       315853    109226.67
        5.34     0.999992       315853    119156.36
        5.34     0.999992       315853    131072.00
        5.34     0.999993       315853    137970.53
        5.34     0.999993       315853    145635.56
        5.34     0.999994       315853    154202.35
        5.57     0.999994       315854    163840.00
        5.57     0.999994       315854    174762.67
        5.57     0.999995       315854    187245.71
        5.57     0.999995       315854    201649.23
        5.57     0.999995       315854    218453.33
        5.57     0.999996       315854    238312.73
        5.57     0.999996       315854    262144.00
        5.57     0.999996       315854    275941.05
        5.57     0.999997       315854    291271.11
        5.57     0.999997       315854    308404.71
        5.95     0.999997       315855    327680.00
        5.95     1.000000       315855          inf
#[Mean    =        0.759, StdDeviation   =        0.084]
#[Max     =        5.951, Total count    =       315855]
#[Buckets =           20, SubBuckets     =          256]
