       Value   Percentile   TotalCount 1/(1-Percentile)

        0.17     0.000000            2         1.00
        0.29     0.050000        28614         1.05
        0.32     0.100000        64448         1.11
        0.34     0.150000        92719         1.18
        0.35     0.200000       127805         1.25
        0.36     0.250000       147835         1.33
        0.37     0.300000       169555         1.43
        0.38     0.350000       213615         1.54
        0.39     0.400000       233712         1.67
        0.41     0.450000       268483         1.82
        0.41     0.500000       284158         2.00
        0.42     0.525000       298907         2.11
        0.43     0.550000       314031         2.22
        0.44     0.575000       329664         2.35
        0.45     0.600000       345768         2.50
        0.46     0.625000       361846         2.67
        0.46     0.650000       377299         2.86
        0.47     0.675000       392554         3.08
        0.48     0.700000       407623         3.33
        0.49     0.725000       422079         3.64
        0.49     0.750000       422079         4.00
        0.49     0.762500       435943         4.21
        0.49     0.775000       435943         4.44
        0.50     0.787500       449034         4.71
        0.51     0.800000       460954         5.00
        0.51     0.812500       460954         5.33
        0.52     0.825000       472036         5.71
        0.52     0.837500       472036         6.15
        0.53     0.850000       482111         6.67
        0.54     0.862500       491493         7.27
        0.54     0.875000       499439         8.00
        0.54     0.881250       499439         8.42
        0.54     0.887500       499439         8.89
        0.55     0.893750       506505         9.41
        0.55     0.900000       506505        10.00
        0.56     0.906250       512370        10.67
        0.57     0.912500       517387        11.43
        0.57     0.918750       517387        12.31
        0.57     0.925000       521866        13.33
        0.58     0.931250       526020        14.55
        0.59     0.937500       529924        16.00
        0.59     0.940625       529924        16.84
        0.60     0.943750       533495        17.78
        0.60     0.946875       533495        18.82
        0.61     0.950000       536925        20.00
        0.61     0.953125       536925        21.33
        0.61     0.956250       540138        22.86
        0.61     0.959375       540138        24.62
        0.62     0.962500       543188        26.67
        0.62     0.965625       543188        29.09
        0.63     0.968750       546110        32.00
        0.63     0.970313       546110        33.68
        0.64     0.971875       548894        35.56
        0.64     0.973437       548894        37.65
        0.64     0.975000       548894        40.00
        0.65     0.976562       551553        42.67
        0.65     0.978125       551553        45.71
        0.65     0.979688       551553        49.23
        0.66     0.981250       553834        53.33
        0.66     0.982812       553834        58.18
        0.66     0.984375       553834        64.00
        0.66     0.985156       555951        67.37
        0.66     0.985938       555951        71.11
        0.66     0.986719       555951        75.29
        0.66     0.987500       555951        80.00
        0.66     0.988281       555951        85.33
        0.67     0.989062       557620        91.43
        0.67     0.989844       557620        98.46
        0.67     0.990625       557620       106.67
        0.67     0.991406       557620       116.36
        0.68     0.992188       558946       128.00
        0.68     0.992578       558946       134.74
        0.68     0.992969       558946       142.22
        0.68     0.993359       558946       150.59
        0.68     0.993750       558946       160.00
        0.69     0.994141       560027       170.67
        0.69     0.994531       560027       182.86
        0.69     0.994922       560027       196.92
        0.69     0.995313       560027       213.33
        0.69     0.995703       560027       232.73
        0.69     0.996094       560758       256.00
        0.69     0.996289       560758       269.47
        0.69     0.996484       560758       284.44
        0.69     0.996680       560758       301.18
        0.69     0.996875       560758       320.00
        0.70     0.997070       561272       341.33
        0.70     0.997266       561272       365.71
        0.70     0.997461       561272       393.85
        0.70     0.997656       561272       426.67
        0.70     0.997852       561272       465.45
        0.71     0.998047       561645       512.00
        0.71     0.998145       561645       538.95
        0.71     0.998242       561645       568.89
        0.71     0.998340       561645       602.35
        0.71     0.998437       561645       640.00
        0.71     0.998535       561645       682.67
        0.72     0.998633       561902       731.43
        0.72     0.998730       561902       787.69
        0.72     0.998828       561902       853.33
        0.72     0.998926       561902       930.91
        0.72     0.999023       561902      1024.00
        0.73     0.999072       562043      1077.89
        0.73     0.999121       562043      1137.78
        0.73     0.999170       562043      1204.71
        0.73     0.999219       562043      1280.00
        0.73     0.999268       562043      1365.33
        0.73     0.999316       562142      1462.86
        0.73     0.999365       562142      1575.38
        0.73     0.999414       562142      1706.67
        0.73     0.999463       562142      1861.82
        0.74     0.999512       562185      2048.00
        0.74     0.999536       562185      2155.79
        0.75     0.999561       562217      2275.56
        0.75     0.999585       562217      2409.41
        0.76     0.999609       562239      2560.00
        0.76     0.999634       562239      2730.67
        0.78     0.999658       562259      2925.71
        0.78     0.999683       562266      3150.77
        0.80     0.999707       562278      3413.33
        0.81     0.999731       562294      3723.64
        0.83     0.999756       562305      4096.00
        0.84     0.999768       562314      4311.58
        0.85     0.999780       562321      4551.11
        0.86     0.999792       562327      4818.82
        0.87     0.999805       562334      5120.00
        0.89     0.999817       562344      5461.33
        0.90     0.999829       562352      5851.43
        0.90     0.999841       562367      6301.54
        0.90     0.999854       562367      6826.67
        0.90     0.999866       562367      7447.27
        0.92     0.999878       562378      8192.00
        0.92     0.999884       562378      8623.16
        0.93     0.999890       562384      9102.22
        0.93     0.999896       562384      9637.65
        0.94     0.999902       562388     10240.00
        0.94     0.999908       562394     10922.67
        0.94     0.999915       562394     11702.86
        0.95     0.999921       562398     12603.08
        0.97     0.999927       562404     13653.33
        0.97     0.999933       562409     14894.55
        0.97     0.999939       562409     16384.00
        0.98     0.999942       562411     17246.32
        0.99     0.999945       562414     18204.44
        0.99     0.999948       562414     19275.29
        1.00     0.999951       562416     20480.00
        1.01     0.999954       562418     21845.33
        1.01     0.999957       562418     23405.71
        1.01     0.999960       562423     25206.15
        1.01     0.999963       562423     27306.67
        1.02     0.999966       562424     29789.09
        1.03     0.999969       562425     32768.00
        1.04     0.999971       562426     34492.63
        1.05     0.999973       562427     36408.89
        1.06     0.999974       562428     38550.59
        1.07     0.999976       562430     40960.00
        1.07     0.999977       562430     43690.67
        1.07     0.999979       562430     46811.43
        1.08     0.999980       562431     50412.31
        1.09     0.999982       562432     54613.33
        1.11     0.999983       562434     59578.18
        1.11     0.999985       562434     65536.00
        1.11     0.999986       562434     68985.26
        1.13     0.999986       562436     72817.78
        1.13     0.999987       562436     77101.18
        1.13     0.999988       562436     81920.00
        1.13     0.999989       562436     87381.33
        1.13     0.999989       562436     93622.86
        1.14     0.999990       562437    100824.62
        1.14     0.999991       562437    109226.67
        1.14     0.999992       562438    119156.36
        1.14     0.999992       562438    131072.00
        1.14     0.999993       562438    137970.53
        1.15     0.999993       562439    145635.56
        1.15     0.999994       562439    154202.35
        1.15     0.999994       562439    163840.00
        1.15     0.999994       562439    174762.67
        1.15     0.999995       562439    187245.71
        1.18     0.999995       562441    201649.23
        1.18     0.999995       562441    218453.33
        1.18     0.999996       562441    238312.73
        1.18     0.999996       562441    262144.00
        1.18     0.999996       562441    275941.05
        1.18     0.999997       562441    291271.11
        1.18     0.999997       562441    308404.71
        1.18     0.999997       562441    327680.00
        1.18     0.999997       562441    349525.33
        1.18     0.999997       562441    374491.43
        1.18     0.999998       562441    403298.46
        1.18     0.999998       562441    436906.67
        1.18     0.999998       562441    476625.45
        1.18     0.999998       562441    524288.00
        1.18     0.999998       562441    551882.11
        1.21     0.999998       562442    582542.22
        1.21     1.000000       562442          inf
#[Mean    =        0.426, StdDeviation   =        0.094]
#[Max     =        1.207, Total count    =       562442]
#[Buckets =           20, SubBuckets     =          256]
