       Value   Percentile   TotalCount 1/(1-Percentile)

        0.16     0.000000            2         1.00
        0.39     0.050000        31570         1.05
        0.41     0.100000        50704         1.11
        0.42     0.150000        79773         1.18
        0.44     0.200000       118931         1.25
        0.45     0.250000       142260         1.33
        0.46     0.300000       168518         1.43
        0.46     0.350000       197431         1.54
        0.47     0.400000       228694         1.67
        0.47     0.450000       228694         1.82
        0.48     0.500000       261585         2.00
        0.49     0.525000       293889         2.11
        0.49     0.550000       293889         2.22
        0.49     0.575000       293889         2.35
        0.49     0.600000       324743         2.50
        0.49     0.625000       324743         2.67
        0.50     0.650000       352983         2.86
        0.50     0.675000       352983         3.08
        0.50     0.700000       352983         3.33
        0.51     0.725000       377546         3.64
        0.51     0.750000       377546         4.00
        0.52     0.762500       398576         4.21
        0.52     0.775000       398576         4.44
        0.52     0.787500       398576         4.71
        0.53     0.800000       416274         5.00
        0.53     0.812500       416274         5.33
        0.53     0.825000       416274         5.71
        0.54     0.837500       430917         6.15
        0.54     0.850000       430917         6.67
        0.54     0.862500       442924         7.27
        0.54     0.875000       442924         8.00
        0.54     0.881250       442924         8.42
        0.55     0.887500       452959         8.89
        0.55     0.893750       452959         9.41
        0.55     0.900000       452959        10.00
        0.56     0.906250       461357        10.67
        0.56     0.912500       461357        11.43
        0.56     0.918750       461357        12.31
        0.57     0.925000       468455        13.33
        0.57     0.931250       468455        14.55
        0.57     0.937500       474474        16.00
        0.57     0.940625       474474        16.84
        0.57     0.943750       474474        17.78
        0.58     0.946875       479578        18.82
        0.58     0.950000       479578        20.00
        0.58     0.953125       479578        21.33
        0.59     0.956250       483836        22.86
        0.59     0.959375       483836        24.62
        0.59     0.962500       483836        26.67
        0.60     0.965625       487512        29.09
        0.60     0.968750       487512        32.00
        0.60     0.970313       487512        33.68
        0.61     0.971875       490720        35.56
        0.61     0.973437       490720        37.65
        0.61     0.975000       490720        40.00
        0.61     0.976562       490720        42.67
        0.61     0.978125       493319        45.71
        0.61     0.979688       493319        49.23
        0.61     0.981250       493319        53.33
        0.61     0.982812       493319        58.18
        0.62     0.984375       495447        64.00
        0.62     0.985156       495447        67.37
        0.62     0.985938       495447        71.11
        0.62     0.986719       495447        75.29
        0.63     0.987500       497070        80.00
        0.63     0.988281       497070        85.33
        0.63     0.989062       497070        91.43
        0.63     0.989844       497070        98.46
        0.64     0.990625       498379       106.67
        0.64     0.991406       498379       116.36
        0.64     0.992188       498379       128.00
        0.64     0.992578       498379       134.74
        0.65     0.992969       499359       142.22
        0.65     0.993359       499359       150.59
        0.65     0.993750       499359       160.00
        0.65     0.994141       499359       170.67
        0.65     0.994531       499359       182.86
        0.66     0.994922       500058       196.92
        0.66     0.995313       500058       213.33
        0.66     0.995703       500058       232.73
        0.66     0.996094       500058       256.00
        0.66     0.996289       500598       269.47
        0.66     0.996484       500598       284.44
        0.66     0.996680       500598       301.18
        0.66     0.996875       500598       320.00
        0.66     0.997070       500598       341.33
        0.66     0.997266       500598       365.71
        0.67     0.997461       500953       393.85
        0.67     0.997656       500953       426.67
        0.67     0.997852       500953       465.45
        0.68     0.998047       501197       512.00
        0.68     0.998145       501197       538.95
        0.68     0.998242       501197       568.89
        0.68     0.998340       501197       602.35
        0.68     0.998437       501197       640.00
        0.69     0.998535       501401       682.67
        0.69     0.998633       501401       731.43
        0.69     0.998730       501401       787.69
        0.69     0.998828       501401       853.33
        0.69     0.998926       501401       930.91
        0.69     0.999023       501534      1024.00
        0.69     0.999072       501534      1077.89
        0.69     0.999121       501534      1137.78
        0.69     0.999170       501534      1204.71
        0.70     0.999219       501635      1280.00
        0.70     0.999268       501635      1365.33
        0.70     0.999316       501635      1462.86
        0.70     0.999365       501635      1575.38
        0.71     0.999414       501713      1706.67
        0.71     0.999463       501713      1861.82
        0.71     0.999512       501713      2048.00
        0.71     0.999536       501713      2155.79
        0.72     0.999561       501750      2275.56
        0.72     0.999585       501750      2409.41
        0.72     0.999609       501750      2560.00
        0.73     0.999634       501776      2730.67
        0.73     0.999658       501776      2925.71
        0.73     0.999683       501794      3150.77
        0.73     0.999707       501794      3413.33
        0.74     0.999731       501811      3723.64
        0.75     0.999756       501832      4096.00
        0.75     0.999768       501832      4311.58
        0.75     0.999780       501832      4551.11
        0.76     0.999792       501844      4818.82
        0.76     0.999805       501844      5120.00
        0.77     0.999817       501854      5461.33
        0.78     0.999829       501858      5851.43
        0.78     0.999841       501861      6301.54
        0.79     0.999854       501867      6826.67
        0.81     0.999866       501875      7447.27
        0.82     0.999878       501882      8192.00
        0.82     0.999884       501882      8623.16
        0.83     0.999890       501885      9102.22
        0.84     0.999896       501892      9637.65
        0.84     0.999902       501892     10240.00
        0.85     0.999908       501896     10922.67
        0.85     0.999915       501898     11702.86
        0.88     0.999921       501903     12603.08
        0.89     0.999927       501904     13653.33
        0.92     0.999933       501907     14894.55
        1.53     0.999939       501910     16384.00
        1.55     0.999942       501911     17246.32
        1.66     0.999945       501913     18204.44
        2.04     0.999948       501914     19275.29
        2.08     0.999951       501916     20480.00
        2.11     0.999954       501918     21845.33
        2.14     0.999957       501919     23405.71
        2.33     0.999960       501921     25206.15
        2.35     0.999963       501924     27306.67
        2.35     0.999966       501924     29789.09
        2.38     0.999969       501925     32768.00
        2.43     0.999971       501926     34492.63
        2.61     0.999973       501927     36408.89
        2.61     0.999974       501927     38550.59
        2.65     0.999976       501928     40960.00
        2.69     0.999977       501929     43690.67
        2.70     0.999979       501931     46811.43
        2.70     0.999980       501931     50412.31
        2.70     0.999982       501931     54613.33
        2.80     0.999983       501932     59578.18
        2.83     0.999985       501933     65536.00
        2.83     0.999986       501933     68985.26
        2.94     0.999986       501934     72817.78
        2.94     0.999987       501934     77101.18
        2.94     0.999988       501934     81920.00
        2.96     0.999989       501935     87381.33
        2.96     0.999989       501935     93622.86
        2.98     0.999990       501936    100824.62
        2.98     0.999991       501936    109226.67
        2.98     0.999992       501936    119156.36
        2.99     0.999992       501937    131072.00
        2.99     0.999993       501937    137970.53
        2.99     0.999993       501937    145635.56
        2.99     0.999994       501937    154202.35
        2.99     0.999994       501937    163840.00
        3.10     0.999994       501938    174762.67
        3.10     0.999995       501938    187245.71
        3.10     0.999995       501938    201649.23
        3.10     0.999995       501938    218453.33
        3.10     0.999996       501938    238312.73
        3.46     0.999996       501939    262144.00
        3.46     0.999996       501939    275941.05
        3.46     0.999997       501939    291271.11
        3.46     0.999997       501939    308404.71
        3.46     0.999997       501939    327680.00
        3.46     0.999997       501939    349525.33
        3.46     0.999997       501939    374491.43
        3.46     0.999998       501939    403298.46
        3.46     0.999998       501939    436906.67
        3.46     0.999998       501939    476625.45
        3.47     0.999998       501940    524288.00
        3.47     1.000000       501940          inf
#[Mean    =        0.478, StdDeviation   =        0.062]
#[Max     =        3.471, Total count    =       501940]
#[Buckets =           20, SubBuckets     =          256]
