       Value   Percentile   TotalCount 1/(1-Percentile)

        0.06     0.000000           15         1.00
        0.16     0.050000       860290         1.05
        0.42     0.100000      1664685         1.11
        0.49     0.150000      2455690         1.18
        0.53     0.200000      3175640         1.25
        0.55     0.250000      4146225         1.33
        0.56     0.300000      5140415         1.43
        0.57     0.350000      6799950         1.54
        0.57     0.400000      6799950         1.67
        0.57     0.450000      8256850         1.82
        0.57     0.500000      8256850         2.00
        0.57     0.525000      8256850         2.11
        0.58     0.550000      9182355         2.22
        0.58     0.575000      9182355         2.35
        0.59     0.600000      9879175         2.50
        0.59     0.625000      9879175         2.67
        0.60     0.650000     10480200         2.86
        0.61     0.675000     11009445         3.08
        0.61     0.700000     11009445         3.33
        0.61     0.725000     11478690         3.64
        0.62     0.750000     11874345         4.00
        0.63     0.762500     12181165         4.21
        0.63     0.775000     12181165         4.44
        0.64     0.787500     12412735         4.71
        0.65     0.800000     12576850         5.00
        0.66     0.812500     12787030         5.33
        0.68     0.825000     12958400         5.71
        0.69     0.837500     13115340         6.15
        0.72     0.850000     13386590         6.67
        0.73     0.862500     13529900         7.27
        0.76     0.875000     13759550         8.00
        0.77     0.881250     13833135         8.42
        0.78     0.887500     13909455         8.89
        0.79     0.893750     14055185         9.41
        0.80     0.900000     14127930        10.00
        0.81     0.906250     14201330        10.67
        0.82     0.912500     14357335        11.43
        0.83     0.918750     14438825        12.31
        0.84     0.925000     14521810        13.33
        0.85     0.931250     14607795        14.55
        0.85     0.937500     14693285        16.00
        0.86     0.940625     14777100        16.84
        0.86     0.943750     14777100        17.78
        0.87     0.946875     14858060        18.82
        0.88     0.950000     14938915        20.00
        0.88     0.953125     14938915        21.33
        0.89     0.956250     15015790        22.86
        0.90     0.959375     15086835        24.62
        0.90     0.962500     15086835        26.67
        0.90     0.965625     15153725        29.09
        0.91     0.968750     15216900        32.00
        0.91     0.970313     15216900        33.68
        0.91     0.971875     15216900        35.56
        0.92     0.973437     15272490        37.65
        0.92     0.975000     15272490        40.00
        0.93     0.976562     15321270        42.67
        0.93     0.978125     15321270        45.71
        0.94     0.979688     15362255        49.23
        0.94     0.981250     15394445        53.33
        0.94     0.982812     15394445        58.18
        0.95     0.984375     15420905        64.00
        0.96     0.985156     15441620        67.37
        0.96     0.985938     15441620        71.11
        0.97     0.986719     15456915        75.29
        0.97     0.987500     15468030        80.00
        0.98     0.988281     15476870        85.33
        1.00     0.989062     15489785        91.43
        1.01     0.989844     15498965        98.46
        1.05     0.990625     15512245       106.67
        1.08     0.991406     15522720       116.36
        1.14     0.992188     15535635       128.00
        1.17     0.992578     15541015       134.74
        1.22     0.992969     15547945       142.22
        1.26     0.993359     15553240       150.59
        1.33     0.993750     15559940       160.00
        1.38     0.994141     15565485       170.67
        1.45     0.994531     15571865       182.86
        1.53     0.994922     15577680       196.92
        1.64     0.995313     15583710       213.33
        1.83     0.995703     15589905       232.73
        2.19     0.996094     15595935       256.00
        2.43     0.996289     15599075       269.47
        2.72     0.996484     15602065       284.44
        3.17     0.996680     15605120       301.18
        3.63     0.996875     15608195       320.00
        4.08     0.997070     15611255       341.33
        4.70     0.997266     15614365       365.71
        5.31     0.997461     15617380       393.85
        6.14     0.997656     15620435       426.67
        6.69     0.997852     15623595       465.45
        7.29     0.998047     15626550       512.00
        7.58     0.998145     15628210       538.95
        7.81     0.998242     15629710       568.89
        8.13     0.998340     15631280       602.35
        8.38     0.998437     15632820       640.00
        8.96     0.998535     15634330       682.67
        9.86     0.998633     15635785       731.43
       11.01     0.998730     15637295       787.69
       12.35     0.998828     15638765       853.33
       13.70     0.998926     15640300       930.91
       15.17     0.999023     15641815      1024.00
       15.74     0.999072     15642585      1077.89
       16.19     0.999121     15643630      1137.78
       16.51     0.999170     15644380      1204.71
       16.77     0.999219     15644910      1280.00
       17.66     0.999268     15645800      1365.33
       18.43     0.999316     15646405      1462.86
       19.45     0.999365     15647235      1575.38
       20.22     0.999414     15648675      1706.67
       20.35     0.999463     15648895      1861.82
       20.61     0.999512     15649470      2048.00
       21.12     0.999536     15649880      2155.79
       21.63     0.999561     15650325      2275.56
       22.27     0.999585     15650660      2409.41
       23.04     0.999609     15651005      2560.00
       24.06     0.999634     15651395      2730.67
       24.19     0.999658     15654135      2925.71
       24.19     0.999683     15654135      3150.77
       24.19     0.999707     15654135      3413.33
       24.19     0.999731     15654135      3723.64
       24.19     0.999756     15654135      4096.00
       24.19     0.999768     15654135      4311.58
       24.19     0.999780     15654135      4551.11
       24.19     0.999792     15654135      4818.82
       24.19     0.999805     15654135      5120.00
       24.32     0.999817     15654765      5461.33
       24.32     0.999829     15654765      5851.43
       24.32     0.999841     15654765      6301.54
       24.45     0.999854     15654975      6826.67
       24.57     0.999866     15655065      7447.27
       24.83     0.999878     15655230      8192.00
       24.96     0.999884     15655285      8623.16
       25.47     0.999890     15655390      9102.22
       25.73     0.999896     15655490      9637.65
       25.98     0.999902     15655610     10240.00
       26.24     0.999908     15655665     10922.67
       27.14     0.999915     15655780     11702.86
       28.16     0.999921     15656320     12603.08
       28.16     0.999927     15656320     13653.33
       28.16     0.999933     15656320     14894.55
       28.16     0.999939     15656320     16384.00
       28.16     0.999942     15656320     17246.32
       28.16     0.999945     15656320     18204.44
       28.16     0.999948     15656320     19275.29
       28.29     0.999951     15656870     20480.00
       28.29     0.999954     15656870     21845.33
       28.29     0.999957     15656870     23405.71
       28.29     0.999960     15656870     25206.15
       28.29     0.999963     15656870     27306.67
       28.29     0.999966     15656870     29789.09
       28.29     0.999969     15656870     32768.00
       28.29     0.999971     15656870     34492.63
       28.29     0.999973     15656870     36408.89
       28.29     0.999974     15656870     38550.59
       28.29     0.999976     15656870     40960.00
       28.29     0.999977     15656870     43690.67
       28.29     0.999979     15656870     46811.43
       28.29     0.999980     15656870     50412.31
       28.29     0.999982     15656870     54613.33
       28.29     0.999983     15656870     59578.18
       28.29     0.999985     15656870     65536.00
       28.29     0.999986     15656870     68985.26
       28.54     0.999986     15656890     72817.78
       28.67     0.999987     15656895     77101.18
       32.26     0.999988     15656935     81920.00
       32.26     0.999989     15656935     87381.33
       32.26     0.999989     15656935     93622.86
       32.64     0.999990     15656965    100824.62
       32.64     0.999991     15656965    109226.67
       32.64     0.999992     15656965    119156.36
       33.28     0.999992     15657015    131072.00
       33.28     0.999993     15657015    137970.53
       33.28     0.999993     15657015    145635.56
       33.28     0.999994     15657015    154202.35
       33.28     0.999994     15657015    163840.00
       33.28     0.999994     15657015    174762.67
       33.28     0.999995     15657015    187245.71
       34.56     0.999995     15657025    201649.23
       34.56     0.999995     15657025    218453.33
       34.81     0.999996     15657055    238312.73
       34.81     0.999996     15657055    262144.00
       34.81     0.999996     15657055    275941.05
       34.81     0.999997     15657055    291271.11
       34.81     0.999997     15657055    308404.71
       34.81     0.999997     15657055    327680.00
       34.81     0.999997     15657055    349525.33
       34.81     0.999997     15657055    374491.43
       36.09     0.999998     15657065    403298.46
       36.09     0.999998     15657065    436906.67
       36.09     0.999998     15657065    476625.45
       36.35     0.999998     15657095    524288.00
       36.35     1.000000     15657095          inf
#[Mean    =        0.611, StdDeviation   =        0.764]
#[Max     =       36.351, Total count    =     15657095]
#[Buckets =           20, SubBuckets     =          256]
