       Value   Percentile   TotalCount 1/(1-Percentile)

        0.03     0.000000            1         1.00
        0.06     0.050000       188671         1.05
        0.07     0.100000       489865         1.11
        0.07     0.150000       489865         1.18
        0.07     0.200000       489865         1.25
        0.08     0.250000       887304         1.33
        0.08     0.300000       887304         1.43
        0.08     0.350000       887304         1.54
        0.08     0.400000       887304         1.67
        0.09     0.450000      1264411         1.82
        0.09     0.500000      1264411         2.00
        0.09     0.525000      1264411         2.11
        0.09     0.550000      1264411         2.22
        0.09     0.575000      1264411         2.35
        0.10     0.600000      1554255         2.50
        0.10     0.625000      1554255         2.67
        0.10     0.650000      1554255         2.86
        0.10     0.675000      1554255         3.08
        0.10     0.700000      1554255         3.33
        0.10     0.725000      1736547         3.64
        0.10     0.750000      1736547         4.00
        0.10     0.762500      1736547         4.21
        0.10     0.775000      1736547         4.44
        0.10     0.787500      1736547         4.71
        0.10     0.800000      1736547         5.00
        0.11     0.812500      1866229         5.33
        0.11     0.825000      1866229         5.71
        0.11     0.837500      1866229         6.15
        0.11     0.850000      1866229         6.67
        0.12     0.862500      1973419         7.27
        0.12     0.875000      1973419         8.00
        0.12     0.881250      1973419         8.42
        0.12     0.887500      1973419         8.89
        0.12     0.893750      1973419         9.41
        0.12     0.900000      1973419        10.00
        0.12     0.906250      1973419        10.67
        0.13     0.912500      2061685        11.43
        0.13     0.918750      2061685        12.31
        0.13     0.925000      2061685        13.33
        0.13     0.931250      2061685        14.55
        0.13     0.937500      2061685        16.00
        0.13     0.940625      2061685        16.84
        0.13     0.943750      2061685        17.78
        0.13     0.946875      2061685        18.82
        0.13     0.950000      2061685        20.00
        0.14     0.953125      2114577        21.33
        0.14     0.956250      2114577        22.86
        0.14     0.959375      2114577        24.62
        0.14     0.962500      2114577        26.67
        0.14     0.965625      2114577        29.09
        0.14     0.968750      2114577        32.00
        0.14     0.970313      2114577        33.68
        0.14     0.971875      2114577        35.56
        0.14     0.973437      2114577        37.65
        0.14     0.975000      2114577        40.00
        0.14     0.976562      2139684        42.67
        0.14     0.978125      2139684        45.71
        0.14     0.979688      2139684        49.23
        0.14     0.981250      2139684        53.33
        0.14     0.982812      2139684        58.18
        0.14     0.984375      2139684        64.00
        0.14     0.985156      2139684        67.37
        0.14     0.985938      2139684        71.11
        0.14     0.986719      2139684        75.29
        0.15     0.987500      2149711        80.00
        0.15     0.988281      2149711        85.33
        0.15     0.989062      2149711        91.43
        0.15     0.989844      2149711        98.46
        0.15     0.990625      2149711       106.67
        0.15     0.991406      2149711       116.36
        0.16     0.992188      2154916       128.00
        0.16     0.992578      2154916       134.74
        0.16     0.992969      2154916       142.22
        0.16     0.993359      2154916       150.59
        0.16     0.993750      2154916       160.00
        0.16     0.994141      2154916       170.67
        0.17     0.994531      2158535       182.86
        0.17     0.994922      2158535       196.92
        0.17     0.995313      2158535       213.33
        0.17     0.995703      2158535       232.73
        0.17     0.996094      2160935       256.00
        0.17     0.996289      2160935       269.47
        0.17     0.996484      2160935       284.44
        0.17     0.996680      2160935       301.18
        0.17     0.996875      2160935       320.00
        0.18     0.997070      2162375       341.33
        0.18     0.997266      2162375       365.71
        0.18     0.997461      2162375       393.85
        0.19     0.997656      2163131       426.67
        0.19     0.997852      2163131       465.45
        0.20     0.998047      2163543       512.00
        0.20     0.998145      2163543       538.95
        0.21     0.998242      2163813       568.89
        0.21     0.998340      2163996       602.35
        0.22     0.998437      2164127       640.00
        0.24     0.998535      2164309       682.67
        0.29     0.998633      2164526       731.43
        2.14     0.998730      2164727       787.69
        4.54     0.998828      2164971       853.33
        4.61     0.998926      2165243       930.91
        4.64     0.999023      2165513      1024.00
        4.64     0.999072      2165513      1077.89
        4.67     0.999121      2165886      1137.78
        4.67     0.999170      2165886      1204.71
        4.67     0.999219      2165886      1280.00
        4.70     0.999268      2166264      1365.33
        4.70     0.999316      2166264      1462.86
        4.70     0.999365      2166264      1575.38
        4.70     0.999414      2166264      1706.67
        4.74     0.999463      2166650      1861.82
        4.74     0.999512      2166650      2048.00
        4.74     0.999536      2166650      2155.79
        4.74     0.999561      2166650      2275.56
        4.74     0.999585      2166650      2409.41
        4.74     0.999609      2166650      2560.00
        4.77     0.999634      2166946      2730.67
        4.77     0.999658      2166946      2925.71
        4.77     0.999683      2166946      3150.77
        4.77     0.999707      2166946      3413.33
        4.77     0.999731      2166946      3723.64
        4.80     0.999756      2167152      4096.00
        4.80     0.999768      2167152      4311.58
        4.80     0.999780      2167152      4551.11
        4.80     0.999792      2167152      4818.82
        4.80     0.999805      2167152      5120.00
        4.80     0.999817      2167152      5461.33
        4.80     0.999829      2167152      5851.43
        4.80     0.999841      2167152      6301.54
        4.83     0.999854      2167262      6826.67
        4.83     0.999866      2167262      7447.27
        4.83     0.999878      2167262      8192.00
        4.83     0.999884      2167262      8623.16
        4.83     0.999890      2167262      9102.22
        4.83     0.999896      2167262      9637.65
        4.86     0.999902      2167321     10240.00
        4.86     0.999908      2167321     10922.67
        4.86     0.999915      2167321     11702.86
        4.86     0.999921      2167321     12603.08
        4.86     0.999927      2167321     13653.33
        4.89     0.999933      2167358     14894.55
        4.89     0.999939      2167358     16384.00
        4.89     0.999942      2167358     17246.32
        4.89     0.999945      2167358     18204.44
        4.93     0.999948      2167377     19275.29
        4.93     0.999951      2167377     20480.00
        4.93     0.999954      2167377     21845.33
        4.96     0.999957      2167392     23405.71
        4.96     0.999960      2167392     25206.15
        4.99     0.999963      2167409     27306.67
        4.99     0.999966      2167409     29789.09
        5.02     0.999969      2167421     32768.00
        5.02     0.999971      2167421     34492.63
        5.02     0.999973      2167421     36408.89
        5.02     0.999974      2167421     38550.59
        5.05     0.999976      2167433     40960.00
        5.05     0.999977      2167433     43690.67
        5.05     0.999979      2167433     46811.43
        5.09     0.999980      2167443     50412.31
        5.09     0.999982      2167443     54613.33
        5.09     0.999983      2167443     59578.18
        5.09     0.999985      2167443     65536.00
        5.12     0.999986      2167451     68985.26
        5.12     0.999986      2167451     72817.78
        5.12     0.999987      2167451     77101.18
        5.12     0.999988      2167451     81920.00
        5.15     0.999989      2167455     87381.33
        5.15     0.999989      2167455     93622.86
        5.15     0.999990      2167455    100824.62
        5.18     0.999991      2167457    109226.67
        5.25     0.999992      2167458    119156.36
        5.92     0.999992      2167460    131072.00
        5.95     0.999993      2167463    137970.53
        5.95     0.999993      2167463    145635.56
        5.95     0.999994      2167463    154202.35
        5.95     0.999994      2167463    163840.00
        5.98     0.999994      2167464    174762.67
        6.01     0.999995      2167465    187245.71
        6.05     0.999995      2167466    201649.23
        6.08     0.999995      2167468    218453.33
        6.08     0.999996      2167468    238312.73
        6.08     0.999996      2167468    262144.00
        6.21     0.999996      2167471    275941.05
        6.21     0.999997      2167471    291271.11
        6.21     0.999997      2167471    308404.71
        6.21     0.999997      2167471    327680.00
        6.21     0.999997      2167471    349525.33
        6.21     0.999997      2167471    374491.43
        6.21     0.999998      2167471    403298.46
        6.24     0.999998      2167472    436906.67
        6.24     0.999998      2167472    476625.45
        6.24     0.999998      2167472    524288.00
        6.66     0.999998      2167473    551882.11
        6.66     0.999998      2167473    582542.22
        6.66     0.999998      2167473    616809.41
        6.66     0.999998      2167473    655360.00
        6.66     0.999999      2167473    699050.67
        6.69     0.999999      2167475    748982.86
        6.69     0.999999      2167475    806596.92
        6.69     0.999999      2167475    873813.33
        6.69     0.999999      2167475    953250.91
        6.69     0.999999      2167475   1048576.00
        6.69     0.999999      2167475   1103764.21
        6.69     0.999999      2167475   1165084.44
        6.69     0.999999      2167475   1233618.82
        6.69     0.999999      2167475   1310720.00
        6.69     0.999999      2167475   1398101.33
        6.69     0.999999      2167475   1497965.71
        6.69     0.999999      2167475   1613193.85
        6.69     0.999999      2167475   1747626.67
        6.69     0.999999      2167475   1906501.82
        6.69     1.000000      2167475   2097152.00
        6.72     1.000000      2167476   2207528.42
        6.72     1.000000      2167476          inf
#[Mean    =        0.094, StdDeviation   =        0.164]
#[Max     =        6.719, Total count    =      2167476]
#[Buckets =           20, SubBuckets     =          256]
