       Value   Percentile   TotalCount 1/(1-Percentile)

        0.20     0.000000            1         1.00
        0.31     0.050000        32628         1.05
        0.33     0.100000        61153         1.11
        0.37     0.150000        80224         1.18
        0.39     0.200000       115592         1.25
        0.40     0.250000       135577         1.33
        0.41     0.300000       156271         1.43
        0.42     0.350000       195809         1.54
        0.43     0.400000       210689         1.67
        0.46     0.450000       246052         1.82
        0.46     0.500000       265798         2.00
        0.47     0.525000       290174         2.11
        0.47     0.550000       290174         2.22
        0.48     0.575000       317381         2.35
        0.48     0.600000       317381         2.50
        0.49     0.625000       345979         2.67
        0.49     0.650000       345979         2.86
        0.49     0.675000       374476         3.08
        0.49     0.700000       374476         3.33
        0.50     0.725000       399217         3.64
        0.50     0.750000       399217         4.00
        0.50     0.762500       399217         4.21
        0.51     0.775000       416831         4.44
        0.51     0.787500       416831         4.71
        0.51     0.800000       416831         5.00
        0.52     0.812500       427563         5.33
        0.52     0.825000       427563         5.71
        0.53     0.837500       433362         6.15
        0.55     0.850000       439860         6.67
        0.62     0.862500       446149         7.27
        0.65     0.875000       457114         8.00
        0.65     0.881250       457114         8.42
        0.66     0.887500       465684         8.89
        0.66     0.893750       465684         9.41
        0.66     0.900000       465684        10.00
        0.66     0.906250       476013        10.67
        0.66     0.912500       476013        11.43
        0.66     0.918750       476013        12.31
        0.67     0.925000       486836        13.33
        0.67     0.931250       486836        14.55
        0.67     0.937500       486836        16.00
        0.67     0.940625       486836        16.84
        0.68     0.943750       496339        17.78
        0.68     0.946875       496339        18.82
        0.68     0.950000       496339        20.00
        0.68     0.953125       496339        21.33
        0.68     0.956250       496339        22.86
        0.68     0.959375       496339        24.62
        0.69     0.962500       503576        26.67
        0.69     0.965625       503576        29.09
        0.69     0.968750       503576        32.00
        0.69     0.970313       503576        33.68
        0.69     0.971875       503576        35.56
        0.69     0.973437       503576        37.65
        0.69     0.975000       508404        40.00
        0.69     0.976562       508404        42.67
        0.69     0.978125       508404        45.71
        0.69     0.979688       508404        49.23
        0.69     0.981250       508404        53.33
        0.69     0.982812       508404        58.18
        0.70     0.984375       511409        64.00
        0.70     0.985156       511409        67.37
        0.70     0.985938       511409        71.11
        0.70     0.986719       511409        75.29
        0.70     0.987500       511409        80.00
        0.70     0.988281       511409        85.33
        0.70     0.989062       511409        91.43
        0.71     0.989844       513117        98.46
        0.71     0.990625       513117       106.67
        0.71     0.991406       513117       116.36
        0.71     0.992188       513117       128.00
        0.72     0.992578       514121       134.74
        0.72     0.992969       514121       142.22
        0.72     0.993359       514121       150.59
        0.72     0.993750       514121       160.00
        0.72     0.994141       514121       170.67
        0.73     0.994531       514767       182.86
        0.73     0.994922       514767       196.92
        0.73     0.995313       514767       213.33
        0.73     0.995703       515174       232.73
        0.73     0.996094       515174       256.00
        0.73     0.996289       515174       269.47
        0.74     0.996484       515520       284.44
        0.74     0.996680       515520       301.18
        0.74     0.996875       515520       320.00
        0.74     0.997070       515520       341.33
        0.75     0.997266       515740       365.71
        0.75     0.997461       515740       393.85
        0.76     0.997656       515939       426.67
        0.76     0.997852       515939       465.45
        0.77     0.998047       516110       512.00
        0.77     0.998145       516110       538.95
        0.77     0.998242       516110       568.89
        0.78     0.998340       516262       602.35
        0.78     0.998437       516262       640.00
        0.78     0.998535       516262       682.67
        0.78     0.998633       516423       731.43
        0.78     0.998730       516423       787.69
        0.78     0.998828       516423       853.33
        0.79     0.998926       516545       930.91
        0.79     0.999023       516545      1024.00
        0.79     0.999072       516545      1077.89
        0.80     0.999121       516637      1137.78
        0.80     0.999170       516637      1204.71
        0.80     0.999219       516637      1280.00
        0.80     0.999268       516637      1365.33
        0.81     0.999316       516730      1462.86
        0.81     0.999365       516730      1575.38
        0.81     0.999414       516730      1706.67
        0.81     0.999463       516730      1861.82
        0.81     0.999512       516770      2048.00
        0.81     0.999536       516770      2155.79
        0.82     0.999561       516801      2275.56
        0.82     0.999585       516801      2409.41
        0.82     0.999609       516801      2560.00
        0.83     0.999634       516828      2730.67
        0.83     0.999658       516828      2925.71
        0.84     0.999683       516848      3150.77
        0.85     0.999707       516863      3413.33
        0.85     0.999731       516863      3723.64
        0.85     0.999756       516876      4096.00
        0.86     0.999768       516884      4311.58
        0.87     0.999780       516894      4551.11
        0.87     0.999792       516894      4818.82
        0.89     0.999805       516905      5120.00
        0.90     0.999817       516911      5461.33
        0.90     0.999829       516914      5851.43
        0.92     0.999841       516919      6301.54
        0.94     0.999854       516927      6826.67
        0.96     0.999866       516931      7447.27
        1.01     0.999878       516937      8192.00
        1.07     0.999884       516941      8623.16
        1.23     0.999890       516944      9102.22
        1.47     0.999896       516947      9637.65
        1.55     0.999902       516950     10240.00
        1.74     0.999908       516953     10922.67
        1.89     0.999915       516956     11702.86
        2.50     0.999921       516959     12603.08
        2.54     0.999927       516964     13653.33
        2.58     0.999933       516966     14894.55
        2.61     0.999939       516970     16384.00
        2.64     0.999942       516971     17246.32
        2.67     0.999945       516972     18204.44
        2.70     0.999948       516974     19275.29
        2.73     0.999951       516975     20480.00
        2.75     0.999954       516978     21845.33
        2.75     0.999957       516978     23405.71
        2.77     0.999960       516980     25206.15
        2.78     0.999963       516982     27306.67
        2.80     0.999966       516983     29789.09
        2.88     0.999969       516985     32768.00
        2.90     0.999971       516986     34492.63
        2.90     0.999973       516986     36408.89
        2.96     0.999974       516987     38550.59
        3.07     0.999976       516988     40960.00
        3.65     0.999977       516989     43690.67
        3.65     0.999979       516989     46811.43
        3.74     0.999980       516990     50412.31
        3.81     0.999982       516992     54613.33
        3.81     0.999983       516992     59578.18
        3.84     0.999985       516994     65536.00
        3.84     0.999986       516994     68985.26
        3.84     0.999986       516994     72817.78
        3.84     0.999987       516994     77101.18
        3.84     0.999988       516994     81920.00
        3.85     0.999989       516995     87381.33
        3.85     0.999989       516995     93622.86
        3.85     0.999990       516995    100824.62
        3.87     0.999991       516996    109226.67
        3.87     0.999992       516996    119156.36
        3.92     0.999992       516997    131072.00
        3.92     0.999993       516997    137970.53
        3.92     0.999993       516997    145635.56
        3.92     0.999994       516997    154202.35
        3.92     0.999994       516997    163840.00
        3.97     0.999994       516998    174762.67
        3.97     0.999995       516998    187245.71
        3.97     0.999995       516998    201649.23
        3.97     0.999995       516998    218453.33
        3.97     0.999996       516998    238312.73
        4.08     0.999996       516999    262144.00
        4.08     0.999996       516999    275941.05
        4.08     0.999997       516999    291271.11
        4.08     0.999997       516999    308404.71
        4.08     0.999997       516999    327680.00
        4.08     0.999997       516999    349525.33
        4.08     0.999997       516999    374491.43
        4.08     0.999998       516999    403298.46
        4.08     0.999998       516999    436906.67
        4.08     0.999998       516999    476625.45
        4.13     0.999998       517000    524288.00
        4.13     1.000000       517000          inf
#[Mean    =        0.464, StdDeviation   =        0.108]
#[Max     =        4.127, Total count    =       517000]
#[Buckets =           20, SubBuckets     =          256]
