       Value   Percentile   TotalCount 1/(1-Percentile)

        0.10     0.000000            5         1.00
        0.27     0.050000       453745         1.05
        0.34     0.100000       801815         1.11
        0.82     0.150000      1172480         1.18
        0.97     0.200000      1573665         1.25
        1.05     0.250000      2007910         1.33
        1.08     0.300000      2356295         1.43
        1.11     0.350000      2890720         1.54
        1.13     0.400000      3262985         1.67
        1.14     0.450000      3708980         1.82
        1.15     0.500000      3951040         2.00
        1.16     0.525000      4193500         2.11
        1.17     0.550000      4427705         2.22
        1.18     0.575000      4649480         2.35
        1.18     0.600000      4846595         2.50
        1.19     0.625000      5021205         2.67
        1.20     0.650000      5173880         2.86
        1.21     0.675000      5311790         3.08
        1.22     0.700000      5536695         3.33
        1.24     0.725000      5718280         3.64
        1.25     0.750000      5866210         4.00
        1.27     0.762500      5983120         4.21
        1.29     0.775000      6076230         4.44
        1.31     0.787500      6179825         4.71
        1.33     0.800000      6256155         5.00
        1.38     0.812500      6362820         5.33
        1.41     0.825000      6450435         5.71
        1.45     0.837500      6562195         6.15
        1.48     0.850000      6645465         6.67
        1.52     0.862500      6754040         7.27
        1.55     0.875000      6851260         8.00
        1.57     0.881250      6899090         8.42
        1.58     0.887500      6946400         8.89
        1.60     0.893750      6993050         9.41
        1.61     0.900000      7040105        10.00
        1.63     0.906250      7087690        10.67
        1.65     0.912500      7135025        11.43
        1.66     0.918750      7182235        12.31
        1.69     0.925000      7249155        13.33
        1.70     0.931250      7294445        14.55
        1.72     0.937500      7336980        16.00
        1.73     0.940625      7357685        16.84
        1.74     0.943750      7377110        17.78
        1.75     0.946875      7414400        18.82
        1.76     0.950000      7432155        20.00
        1.77     0.953125      7465225        21.33
        1.78     0.956250      7480065        22.86
        1.80     0.959375      7509175        24.62
        1.81     0.962500      7534615        26.67
        1.83     0.965625      7557260        29.09
        1.85     0.968750      7576675        32.00
        1.85     0.970313      7585685        33.68
        1.87     0.971875      7601030        35.56
        1.89     0.973437      7613925        37.65
        1.90     0.975000      7624520        40.00
        1.92     0.976562      7633395        42.67
        1.95     0.978125      7646775        45.71
        1.99     0.979688      7658100        49.23
        2.06     0.981250      7672120        53.33
        2.14     0.982812      7683610        58.18
        2.24     0.984375      7694240        64.00
        2.33     0.985156      7701050        67.37
        2.42     0.985938      7706425        71.11
        2.51     0.986719      7712910        75.29
        2.62     0.987500      7719430        80.00
        2.77     0.988281      7725160        85.33
        2.93     0.989062      7730985        91.43
        3.20     0.989844      7736955        98.46
        3.73     0.990625      7743095       106.67
        4.32     0.991406      7749345       116.36
        5.18     0.992188      7755300       128.00
        5.66     0.992578      7758365       134.74
        6.24     0.992969      7761455       142.22
        6.75     0.993359      7764425       150.59
        7.10     0.993750      7767610       160.00
        7.55     0.994141      7770495       170.67
        7.97     0.994531      7773645       182.86
        8.38     0.994922      7776945       196.92
        8.77     0.995313      7779755       213.33
        9.41     0.995703      7782700       232.73
       10.30     0.996094      7785960       256.00
       10.81     0.996289      7787260       269.47
       12.67     0.996484      7788805       284.44
       14.72     0.996680      7790315       301.18
       16.32     0.996875      7791990       320.00
       16.77     0.997070      7793545       341.33
       18.05     0.997266      7794920       365.71
       20.09     0.997461      7796435       393.85
       20.73     0.997656      7798195       426.67
       21.63     0.997852      7799470       465.45
       23.81     0.998047      7801035       512.00
       24.32     0.998145      7805410       538.95
       24.32     0.998242      7805410       568.89
       24.32     0.998340      7805410       602.35
       24.32     0.998437      7805410       640.00
       24.32     0.998535      7805410       682.67
       24.45     0.998633      7808540       731.43
       24.45     0.998730      7808540       787.69
       24.45     0.998828      7808540       853.33
       24.45     0.998926      7808540       930.91
       24.57     0.999023      7808765      1024.00
       24.70     0.999072      7809110      1077.89
       24.83     0.999121      7809770      1137.78
       24.96     0.999170      7809995      1204.71
       25.09     0.999219      7810230      1280.00
       25.34     0.999268      7810565      1365.33
       25.86     0.999316      7811035      1462.86
       26.62     0.999365      7811330      1575.38
       28.03     0.999414      7811745      1706.67
       28.29     0.999463      7812655      1861.82
       28.29     0.999512      7812655      2048.00
       28.29     0.999536      7812655      2155.79
       28.41     0.999561      7813685      2275.56
       28.41     0.999585      7813685      2409.41
       28.41     0.999609      7813685      2560.00
       28.41     0.999634      7813685      2730.67
       28.41     0.999658      7813685      2925.71
       28.54     0.999683      7813870      3150.77
       28.67     0.999707      7814000      3413.33
       28.80     0.999731      7814185      3723.64
       28.93     0.999756      7814365      4096.00
       29.18     0.999768      7814540      4311.58
       29.31     0.999780      7814560      4551.11
       29.44     0.999792      7814640      4818.82
       29.70     0.999805      7814775      5120.00
       29.82     0.999817      7814835      5461.33
       30.21     0.999829      7814955      5851.43
       30.46     0.999841      7815025      6301.54
       31.23     0.999854      7815125      6826.67
       32.26     0.999866      7815305      7447.27
       32.38     0.999878      7815680      8192.00
       32.38     0.999884      7815680      8623.16
       32.38     0.999890      7815680      9102.22
       32.38     0.999896      7815680      9637.65
       32.38     0.999902      7815680     10240.00
       32.38     0.999908      7815680     10922.67
       32.38     0.999915      7815680     11702.86
       32.38     0.999921      7815680     12603.08
       32.51     0.999927      7815740     13653.33
       32.51     0.999933      7815740     14894.55
       32.77     0.999939      7815835     16384.00
       32.77     0.999942      7815835     17246.32
       32.77     0.999945      7815835     18204.44
       33.02     0.999948      7815890     19275.29
       33.02     0.999951      7815890     20480.00
       33.53     0.999954      7815915     21845.33
       34.05     0.999957      7815935     23405.71
       34.30     0.999960      7815975     25206.15
       34.30     0.999963      7815975     27306.67
       36.35     0.999966      7816105     29789.09
       36.35     0.999969      7816105     32768.00
       36.35     0.999971      7816105     34492.63
       36.35     0.999973      7816105     36408.89
       36.35     0.999974      7816105     38550.59
       36.35     0.999976      7816105     40960.00
       36.35     0.999977      7816105     43690.67
       36.35     0.999979      7816105     46811.43
       36.35     0.999980      7816105     50412.31
       36.61     0.999982      7816150     54613.33
       36.61     0.999983      7816150     59578.18
       36.61     0.999985      7816150     65536.00
       36.61     0.999986      7816150     68985.26
       36.86     0.999986      7816155     72817.78
       37.12     0.999987      7816165     77101.18
       37.12     0.999988      7816165     81920.00
       37.63     0.999989      7816180     87381.33
       37.63     0.999989      7816180     93622.86
       38.66     0.999990      7816210    100824.62
       38.66     0.999991      7816210    109226.67
       38.66     0.999992      7816210    119156.36
       38.66     0.999992      7816210    131072.00
       38.66     0.999993      7816210    137970.53
       38.66     0.999993      7816210    145635.56
       38.66     0.999994      7816210    154202.35
       38.91     0.999994      7816220    163840.00
       38.91     0.999994      7816220    174762.67
       38.91     0.999995      7816220    187245.71
       40.45     0.999995      7816250    201649.23
       40.45     0.999995      7816250    218453.33
       40.45     0.999996      7816250    238312.73
       40.45     0.999996      7816250    262144.00
       40.45     0.999996      7816250    275941.05
       40.45     0.999997      7816250    291271.11
       40.45     0.999997      7816250    308404.71
       40.45     0.999997      7816250    327680.00
       40.45     0.999997      7816250    349525.33
       40.45     0.999997      7816250    374491.43
       40.45     0.999998      7816250    403298.46
       40.45     0.999998      7816250    436906.67
       40.45     0.999998      7816250    476625.45
       40.45     0.999998      7816250    524288.00
       40.45     0.999998      7816250    551882.11
       40.45     0.999998      7816250    582542.22
       40.45     0.999998      7816250    616809.41
       40.45     0.999998      7816250    655360.00
       40.45     0.999999      7816250    699050.67
       40.45     0.999999      7816250    748982.86
       40.70     0.999999      7816260    806596.92
       40.70     1.000000      7816260          inf
#[Mean    =        1.222, StdDeviation   =        1.447]
#[Max     =       40.703, Total count    =      7816260]
#[Buckets =           20, SubBuckets     =          256]
