       Value   Percentile   TotalCount 1/(1-Percentile)

        0.17     0.000000            1         1.00
        0.30     0.050000        40215         1.05
        0.31     0.100000        58201         1.11
        0.35     0.150000        83413         1.18
        0.38     0.200000       115367         1.25
        0.38     0.250000       137692         1.33
        0.39     0.300000       162026         1.43
        0.41     0.350000       208620         1.54
        0.41     0.400000       225721         1.67
        0.43     0.450000       246711         1.82
        0.45     0.500000       281447         2.00
        0.46     0.525000       308431         2.11
        0.46     0.550000       308431         2.22
        0.46     0.575000       338887         2.35
        0.46     0.600000       338887         2.50
        0.46     0.625000       338887         2.67
        0.47     0.650000       370763         2.86
        0.47     0.675000       370763         3.08
        0.48     0.700000       402371         3.33
        0.48     0.725000       402371         3.64
        0.49     0.750000       429733         4.00
        0.49     0.762500       429733         4.21
        0.49     0.775000       429733         4.44
        0.49     0.787500       429733         4.71
        0.49     0.800000       447718         5.00
        0.49     0.812500       447718         5.33
        0.49     0.825000       447718         5.71
        0.50     0.837500       456363         6.15
        0.51     0.850000       459698         6.67
        0.59     0.862500       465321         7.27
        0.62     0.875000       476612         8.00
        0.62     0.881250       476612         8.42
        0.63     0.887500       485336         8.89
        0.63     0.893750       485336         9.41
        0.63     0.900000       485336        10.00
        0.64     0.906250       496896        10.67
        0.64     0.912500       496896        11.43
        0.64     0.918750       496896        12.31
        0.65     0.925000       509919        13.33
        0.65     0.931250       509919        14.55
        0.65     0.937500       509919        16.00
        0.65     0.940625       509919        16.84
        0.65     0.943750       509919        17.78
        0.66     0.946875       521459        18.82
        0.66     0.950000       521459        20.00
        0.66     0.953125       521459        21.33
        0.66     0.956250       521459        22.86
        0.66     0.959375       521459        24.62
        0.66     0.962500       521459        26.67
        0.66     0.965625       521459        29.09
        0.66     0.968750       529794        32.00
        0.66     0.970313       529794        33.68
        0.66     0.971875       529794        35.56
        0.66     0.973437       529794        37.65
        0.66     0.975000       529794        40.00
        0.66     0.976562       529794        42.67
        0.66     0.978125       529794        45.71
        0.66     0.979688       529794        49.23
        0.66     0.981250       529794        53.33
        0.67     0.982812       534885        58.18
        0.67     0.984375       534885        64.00
        0.67     0.985156       534885        67.37
        0.67     0.985938       534885        71.11
        0.67     0.986719       534885        75.29
        0.67     0.987500       534885        80.00
        0.67     0.988281       534885        85.33
        0.67     0.989062       534885        91.43
        0.67     0.989844       534885        98.46
        0.67     0.990625       534885       106.67
        0.67     0.991406       534885       116.36
        0.68     0.992188       537411       128.00
        0.68     0.992578       537411       134.74
        0.68     0.992969       537411       142.22
        0.68     0.993359       537411       150.59
        0.68     0.993750       537411       160.00
        0.68     0.994141       537411       170.67
        0.68     0.994531       537411       182.86
        0.68     0.994922       537411       196.92
        0.68     0.995313       537411       213.33
        0.68     0.995703       537411       232.73
        0.68     0.996094       537411       256.00
        0.68     0.996289       537411       269.47
        0.68     0.996484       537411       284.44
        0.69     0.996680       538468       301.18
        0.69     0.996875       538468       320.00
        0.69     0.997070       538468       341.33
        0.69     0.997266       538468       365.71
        0.69     0.997461       538468       393.85
        0.69     0.997656       538468       426.67
        0.69     0.997852       538468       465.45
        0.69     0.998047       538468       512.00
        0.69     0.998145       538468       538.95
        0.69     0.998242       538468       568.89
        0.69     0.998340       538468       602.35
        0.69     0.998437       538468       640.00
        0.69     0.998535       538468       682.67
        0.69     0.998633       538820       731.43
        0.69     0.998730       538820       787.69
        0.69     0.998828       538820       853.33
        0.69     0.998926       538820       930.91
        0.69     0.999023       538820      1024.00
        0.69     0.999072       538820      1077.89
        0.69     0.999121       538820      1137.78
        0.69     0.999170       538820      1204.71
        0.69     0.999219       538820      1280.00
        0.70     0.999268       538967      1365.33
        0.70     0.999316       538967      1462.86
        0.70     0.999365       538967      1575.38
        0.70     0.999414       538967      1706.67
        0.70     0.999463       538967      1861.82
        0.70     0.999512       538967      2048.00
        0.71     0.999536       539025      2155.79
        0.71     0.999561       539025      2275.56
        0.71     0.999585       539025      2409.41
        0.71     0.999609       539025      2560.00
        0.72     0.999634       539051      2730.67
        0.72     0.999658       539051      2925.71
        0.73     0.999683       539068      3150.77
        0.73     0.999707       539078      3413.33
        0.74     0.999731       539089      3723.64
        0.75     0.999756       539101      4096.00
        0.76     0.999768       539112      4311.58
        0.76     0.999780       539112      4551.11
        0.78     0.999792       539123      4818.82
        0.78     0.999805       539132      5120.00
        0.78     0.999817       539132      5461.33
        0.79     0.999829       539139      5851.43
        0.80     0.999841       539146      6301.54
        0.81     0.999854       539155      6826.67
        0.82     0.999866       539166      7447.27
        0.82     0.999878       539166      8192.00
        0.83     0.999884       539171      8623.16
        0.83     0.999890       539171      9102.22
        0.84     0.999896       539175      9637.65
        0.85     0.999902       539184     10240.00
        0.85     0.999908       539184     10922.67
        0.85     0.999915       539184     11702.86
        0.86     0.999921       539188     12603.08
        0.88     0.999927       539195     13653.33
        0.88     0.999933       539195     14894.55
        0.89     0.999939       539200     16384.00
        0.89     0.999942       539200     17246.32
        0.90     0.999945       539201     18204.44
        0.90     0.999948       539203     19275.29
        0.91     0.999951       539205     20480.00
        0.92     0.999954       539206     21845.33
        0.93     0.999957       539209     23405.71
        0.93     0.999960       539209     25206.15
        0.94     0.999963       539214     27306.67
        0.94     0.999966       539214     29789.09
        0.94     0.999969       539214     32768.00
        0.94     0.999971       539216     34492.63
        0.94     0.999973       539216     36408.89
        0.95     0.999974       539217     38550.59
        0.95     0.999976       539217     40960.00
        0.96     0.999977       539219     43690.67
        0.96     0.999979       539219     46811.43
        0.97     0.999980       539221     50412.31
        0.97     0.999982       539221     54613.33
        0.97     0.999983       539221     59578.18
        0.97     0.999985       539223     65536.00
        0.97     0.999986       539223     68985.26
        0.97     0.999986       539223     72817.78
        0.98     0.999987       539224     77101.18
        0.98     0.999988       539224     81920.00
        0.98     0.999989       539224     87381.33
        1.05     0.999989       539225     93622.86
        1.05     0.999990       539225    100824.62
        1.11     0.999991       539226    109226.67
        1.11     0.999992       539226    119156.36
        1.11     0.999992       539226    131072.00
        1.46     0.999993       539227    137970.53
        1.46     0.999993       539227    145635.56
        1.46     0.999994       539227    154202.35
        1.46     0.999994       539227    163840.00
        1.46     0.999994       539227    174762.67
        1.57     0.999995       539228    187245.71
        1.57     0.999995       539228    201649.23
        1.57     0.999995       539228    218453.33
        1.57     0.999996       539228    238312.73
        1.57     0.999996       539228    262144.00
        1.67     0.999996       539229    275941.05
        1.67     0.999997       539229    291271.11
        1.67     0.999997       539229    308404.71
        1.67     0.999997       539229    327680.00
        1.67     0.999997       539229    349525.33
        1.67     0.999997       539229    374491.43
        1.67     0.999998       539229    403298.46
        1.67     0.999998       539229    436906.67
        1.67     0.999998       539229    476625.45
        1.67     0.999998       539229    524288.00
        1.71     0.999998       539230    551882.11
        1.71     1.000000       539230          inf
#[Mean    =        0.445, StdDeviation   =        0.099]
#[Max     =        1.711, Total count    =       539230]
#[Buckets =           20, SubBuckets     =          256]
