       Value   Percentile   TotalCount 1/(1-Percentile)

        0.17     0.000000            3         1.00
        0.27     0.050000        44442         1.05
        0.28     0.100000        67240         1.11
        0.31     0.150000        90534         1.18
        0.34     0.200000       125596         1.25
        0.34     0.250000       153012         1.33
        0.35     0.300000       182673         1.43
        0.36     0.350000       211884         1.54
        0.38     0.400000       257596         1.67
        0.39     0.450000       285277         1.82
        0.40     0.500000       310907         2.00
        0.41     0.525000       345894         2.11
        0.41     0.550000       345894         2.22
        0.41     0.575000       385195         2.35
        0.41     0.600000       385195         2.50
        0.41     0.625000       385195         2.67
        0.42     0.650000       424982         2.86
        0.42     0.675000       424982         3.08
        0.42     0.700000       424982         3.33
        0.43     0.725000       462551         3.64
        0.43     0.750000       462551         4.00
        0.43     0.762500       462551         4.21
        0.44     0.775000       491600         4.44
        0.44     0.787500       491600         4.71
        0.44     0.800000       491600         5.00
        0.44     0.812500       491600         5.33
        0.45     0.825000       506961         5.71
        0.45     0.837500       506961         6.15
        0.46     0.850000       512469         6.67
        0.54     0.862500       519523         7.27
        0.56     0.875000       528585         8.00
        0.57     0.881250       538304         8.42
        0.57     0.887500       538304         8.89
        0.57     0.893750       538304         9.41
        0.57     0.900000       552677        10.00
        0.57     0.906250       552677        10.67
        0.57     0.912500       552677        11.43
        0.58     0.918750       569063        12.31
        0.58     0.925000       569063        13.33
        0.58     0.931250       569063        14.55
        0.58     0.937500       569063        16.00
        0.58     0.940625       569063        16.84
        0.58     0.943750       569063        17.78
        0.59     0.946875       583496        18.82
        0.59     0.950000       583496        20.00
        0.59     0.953125       583496        21.33
        0.59     0.956250       583496        22.86
        0.59     0.959375       583496        24.62
        0.59     0.962500       583496        26.67
        0.59     0.965625       583496        29.09
        0.59     0.968750       583496        32.00
        0.60     0.970313       593260        33.68
        0.60     0.971875       593260        35.56
        0.60     0.973437       593260        37.65
        0.60     0.975000       593260        40.00
        0.60     0.976562       593260        42.67
        0.60     0.978125       593260        45.71
        0.60     0.979688       593260        49.23
        0.60     0.981250       593260        53.33
        0.60     0.982812       593260        58.18
        0.60     0.984375       593260        64.00
        0.60     0.985156       593260        67.37
        0.60     0.985938       593260        71.11
        0.61     0.986719       598428        75.29
        0.61     0.987500       598428        80.00
        0.61     0.988281       598428        85.33
        0.61     0.989062       598428        91.43
        0.61     0.989844       598428        98.46
        0.61     0.990625       598428       106.67
        0.61     0.991406       598428       116.36
        0.61     0.992188       598428       128.00
        0.61     0.992578       598428       134.74
        0.61     0.992969       598428       142.22
        0.61     0.993359       598428       150.59
        0.61     0.993750       598428       160.00
        0.61     0.994141       598428       170.67
        0.61     0.994531       598428       182.86
        0.61     0.994922       600450       196.92
        0.61     0.995313       600450       213.33
        0.61     0.995703       600450       232.73
        0.61     0.996094       600450       256.00
        0.61     0.996289       600450       269.47
        0.61     0.996484       600450       284.44
        0.61     0.996680       600450       301.18
        0.61     0.996875       600450       320.00
        0.61     0.997070       600450       341.33
        0.61     0.997266       600450       365.71
        0.61     0.997461       600450       393.85
        0.61     0.997656       600450       426.67
        0.61     0.997852       600450       465.45
        0.62     0.998047       601125       512.00
        0.62     0.998145       601125       538.95
        0.62     0.998242       601125       568.89
        0.62     0.998340       601125       602.35
        0.62     0.998437       601125       640.00
        0.62     0.998535       601125       682.67
        0.62     0.998633       601125       731.43
        0.62     0.998730       601125       787.69
        0.62     0.998828       601125       853.33
        0.62     0.998926       601125       930.91
        0.62     0.999023       601125      1024.00
        0.62     0.999072       601125      1077.89
        0.63     0.999121       601333      1137.78
        0.63     0.999170       601333      1204.71
        0.63     0.999219       601333      1280.00
        0.63     0.999268       601333      1365.33
        0.63     0.999316       601333      1462.86
        0.63     0.999365       601333      1575.38
        0.63     0.999414       601333      1706.67
        0.64     0.999463       601419      1861.82
        0.64     0.999512       601419      2048.00
        0.64     0.999536       601419      2155.79
        0.64     0.999561       601419      2275.56
        0.64     0.999585       601419      2409.41
        0.65     0.999609       601481      2560.00
        0.65     0.999634       601481      2730.67
        0.65     0.999658       601481      2925.71
        0.65     0.999683       601481      3150.77
        0.66     0.999707       601511      3413.33
        0.66     0.999731       601511      3723.64
        0.66     0.999756       601533      4096.00
        0.66     0.999768       601533      4311.58
        0.66     0.999780       601533      4551.11
        0.67     0.999792       601543      4818.82
        0.68     0.999805       601552      5120.00
        0.68     0.999817       601552      5461.33
        0.69     0.999829       601567      5851.43
        0.69     0.999841       601567      6301.54
        0.71     0.999854       601580      6826.67
        0.72     0.999866       601585      7447.27
        0.73     0.999878       601591      8192.00
        0.73     0.999884       601599      8623.16
        0.73     0.999890       601599      9102.22
        0.73     0.999896       601599      9637.65
        0.75     0.999902       601607     10240.00
        0.75     0.999908       601607     10922.67
        0.76     0.999915       601612     11702.86
        0.77     0.999921       601618     12603.08
        0.77     0.999927       601618     13653.33
        0.78     0.999933       601622     14894.55
        0.79     0.999939       601625     16384.00
        0.80     0.999942       601630     17246.32
        0.80     0.999945       601630     18204.44
        0.80     0.999948       601630     19275.29
        0.81     0.999951       601633     20480.00
        0.81     0.999954       601638     21845.33
        0.81     0.999957       601638     23405.71
        0.81     0.999960       601638     25206.15
        0.82     0.999963       601639     27306.67
        0.83     0.999966       601641     29789.09
        0.85     0.999969       601643     32768.00
        0.85     0.999971       601647     34492.63
        0.85     0.999973       601647     36408.89
        0.85     0.999974       601647     38550.59
        0.85     0.999976       601647     40960.00
        0.86     0.999977       601650     43690.67
        0.86     0.999979       601650     46811.43
        0.86     0.999980       601650     50412.31
        0.86     0.999982       601650     54613.33
        0.87     0.999983       601653     59578.18
        0.87     0.999985       601653     65536.00
        0.87     0.999986       601653     68985.26
        0.87     0.999986       601653     72817.78
        0.89     0.999987       601656     77101.18
        0.89     0.999988       601656     81920.00
        0.89     0.999989       601656     87381.33
        0.89     0.999989       601656     93622.86
        0.89     0.999990       601656    100824.62
        0.89     0.999991       601656    109226.67
        0.89     0.999992       601656    119156.36
        0.90     0.999992       601657    131072.00
        0.90     0.999993       601657    137970.53
        0.90     0.999993       601657    145635.56
        0.91     0.999994       601658    154202.35
        0.91     0.999994       601658    163840.00
        0.91     0.999994       601658    174762.67
        0.91     0.999995       601658    187245.71
        0.93     0.999995       601659    201649.23
        0.93     0.999995       601659    218453.33
        0.93     0.999996       601659    238312.73
        0.93     0.999996       601659    262144.00
        0.93     0.999996       601659    275941.05
        0.93     0.999997       601659    291271.11
        0.94     0.999997       601660    308404.71
        0.94     0.999997       601660    327680.00
        0.94     0.999997       601660    349525.33
        0.94     0.999997       601660    374491.43
        0.94     0.999998       601660    403298.46
        0.94     0.999998       601660    436906.67
        0.94     0.999998       601660    476625.45
        0.94     0.999998       601660    524288.00
        0.94     0.999998       601660    551882.11
        0.94     0.999998       601660    582542.22
        0.97     0.999998       601661    616809.41
        0.97     1.000000       601661          inf
#[Mean    =        0.399, StdDeviation   =        0.090]
#[Max     =        0.975, Total count    =       601661]
#[Buckets =           20, SubBuckets     =          256]
