       Value   Percentile   TotalCount 1/(1-Percentile)

        0.21     0.000000            1         1.00
        0.64     0.050000        18229         1.05
        0.66     0.100000        33157         1.11
        0.69     0.150000        56870         1.18
        0.69     0.200000        66777         1.25
        0.71     0.250000        89921         1.33
        0.72     0.300000       103042         1.43
        0.73     0.350000       117023         1.54
        0.73     0.400000       131827         1.67
        0.74     0.450000       147478         1.82
        0.75     0.500000       163136         2.00
        0.76     0.525000       178641         2.11
        0.76     0.550000       178641         2.22
        0.77     0.575000       193693         2.35
        0.77     0.600000       193693         2.50
        0.78     0.625000       208001         2.67
        0.78     0.650000       208001         2.86
        0.78     0.675000       221576         3.08
        0.79     0.700000       234066         3.33
        0.79     0.725000       234066         3.64
        0.80     0.750000       245311         4.00
        0.80     0.762500       245311         4.21
        0.81     0.775000       255681         4.44
        0.81     0.787500       255681         4.71
        0.81     0.800000       255681         5.00
        0.81     0.812500       264740         5.33
        0.81     0.825000       264740         5.71
        0.82     0.837500       272737         6.15
        0.82     0.850000       272737         6.67
        0.83     0.862500       279584         7.27
        0.83     0.875000       279584         8.00
        0.84     0.881250       285595         8.42
        0.84     0.887500       285595         8.89
        0.84     0.893750       285595         9.41
        0.85     0.900000       290763        10.00
        0.85     0.906250       290763        10.67
        0.85     0.912500       295074        11.43
        0.85     0.918750       295074        12.31
        0.86     0.925000       298681        13.33
        0.86     0.931250       298681        14.55
        0.87     0.937500       301842        16.00
        0.87     0.940625       301842        16.84
        0.87     0.943750       301842        17.78
        0.88     0.946875       304458        18.82
        0.88     0.950000       304458        20.00
        0.88     0.953125       304458        21.33
        0.89     0.956250       306740        22.86
        0.89     0.959375       306740        24.62
        0.90     0.962500       308672        26.67
        0.90     0.965625       308672        29.09
        0.90     0.968750       310289        32.00
        0.90     0.970313       310289        33.68
        0.90     0.971875       310289        35.56
        0.91     0.973437       311658        37.65
        0.91     0.975000       311658        40.00
        0.91     0.976562       311658        42.67
        0.92     0.978125       312802        45.71
        0.92     0.979688       312802        49.23
        0.93     0.981250       313857        53.33
        0.93     0.982812       313857        58.18
        0.94     0.984375       314710        64.00
        0.94     0.985156       314710        67.37
        0.94     0.985938       314710        71.11
        0.94     0.986719       315415        75.29
        0.94     0.987500       315415        80.00
        0.94     0.988281       315415        85.33
        0.95     0.989062       315987        91.43
        0.95     0.989844       315987        98.46
        0.96     0.990625       316508       106.67
        0.96     0.991406       316508       116.36
        0.96     0.992188       316508       128.00
        0.97     0.992578       316928       134.74
        0.97     0.992969       316928       142.22
        0.97     0.993359       316928       150.59
        0.97     0.993750       317304       160.00
        0.97     0.994141       317304       170.67
        0.97     0.994531       317304       182.86
        0.98     0.994922       317618       196.92
        0.98     0.995313       317618       213.33
        0.99     0.995703       317855       232.73
        0.99     0.996094       317855       256.00
        0.99     0.996289       317855       269.47
        1.00     0.996484       318050       284.44
        1.00     0.996680       318050       301.18
        1.00     0.996875       318050       320.00
        1.01     0.997070       318202       341.33
        1.01     0.997266       318202       365.71
        1.01     0.997461       318202       393.85
        1.01     0.997656       318338       426.67
        1.01     0.997852       318338       465.45
        1.02     0.998047       318424       512.00
        1.02     0.998145       318424       538.95
        1.03     0.998242       318493       568.89
        1.03     0.998340       318493       602.35
        1.04     0.998437       318544       640.00
        1.04     0.998535       318544       682.67
        1.05     0.998633       318610       731.43
        1.05     0.998730       318610       787.69
        1.05     0.998828       318644       853.33
        1.06     0.998926       318679       930.91
        1.07     0.999023       318700      1024.00
        1.08     0.999072       318727      1077.89
        1.08     0.999121       318727      1137.78
        1.09     0.999170       318744      1204.71
        1.09     0.999219       318759      1280.00
        1.10     0.999268       318767      1365.33
        1.12     0.999316       318790      1462.86
        1.13     0.999365       318808      1575.38
        1.14     0.999414       318817      1706.67
        1.16     0.999463       318836      1861.82
        1.18     0.999512       318846      2048.00
        1.19     0.999536       318862      2155.79
        1.19     0.999561       318862      2275.56
        1.20     0.999585       318873      2409.41
        1.21     0.999609       318878      2560.00
        1.22     0.999634       318885      2730.67
        1.22     0.999658       318893      2925.71
        1.25     0.999683       318900      3150.77
        1.26     0.999707       318907      3413.33
        1.27     0.999731       318917      3723.64
        1.29     0.999756       318924      4096.00
        1.30     0.999768       318932      4311.58
        1.30     0.999780       318932      4551.11
        1.31     0.999792       318937      4818.82
        1.32     0.999805       318939      5120.00
        1.33     0.999817       318942      5461.33
        1.35     0.999829       318948      5851.43
        1.36     0.999841       318952      6301.54
        1.37     0.999854       318956      6826.67
        1.38     0.999866       318961      7447.27
        1.39     0.999878       318963      8192.00
        1.40     0.999884       318964      8623.16
        1.41     0.999890       318965      9102.22
        1.42     0.999896       318968      9637.65
        1.42     0.999902       318969     10240.00
        1.45     0.999908       318972     10922.67
        1.47     0.999915       318973     11702.86
        1.53     0.999921       318975     12603.08
        2.30     0.999927       318977     13653.33
        3.23     0.999933       318979     14894.55
        3.50     0.999939       318981     16384.00
        3.57     0.999942       318982     17246.32
        3.69     0.999945       318983     18204.44
        3.98     0.999948       318984     19275.29
        4.00     0.999951       318985     20480.00
        4.16     0.999954       318986     21845.33
        4.19     0.999957       318987     23405.71
        4.29     0.999960       318988     25206.15
        4.48     0.999963       318989     27306.67
        4.54     0.999966       318990     29789.09
        4.77     0.999969       318991     32768.00
        4.77     0.999971       318991     34492.63
        5.18     0.999973       318992     36408.89
        5.18     0.999974       318992     38550.59
        5.21     0.999976       318994     40960.00
        5.21     0.999977       318994     43690.67
        5.21     0.999979       318994     46811.43
        5.21     0.999980       318994     50412.31
        5.25     0.999982       318995     54613.33
        5.25     0.999983       318995     59578.18
        5.34     0.999985       318996     65536.00
        5.34     0.999986       318996     68985.26
        5.34     0.999986       318996     72817.78
        5.34     0.999987       318996     77101.18
        5.41     0.999988       318998     81920.00
        5.41     0.999989       318998     87381.33
        5.41     0.999989       318998     93622.86
        5.41     0.999990       318998    100824.62
        5.41     0.999991       318998    109226.67
        5.41     0.999992       318998    119156.36
        5.41     0.999992       318998    131072.00
        5.41     0.999993       318998    137970.53
        5.41     0.999993       318998    145635.56
        5.41     0.999994       318998    154202.35
        5.70     0.999994       318999    163840.00
        5.70     0.999994       318999    174762.67
        5.70     0.999995       318999    187245.71
        5.70     0.999995       318999    201649.23
        5.70     0.999995       318999    218453.33
        5.70     0.999996       318999    238312.73
        5.70     0.999996       318999    262144.00
        5.70     0.999996       318999    275941.05
        5.70     0.999997       318999    291271.11
        5.70     0.999997       318999    308404.71
        5.73     0.999997       319000    327680.00
        5.73     1.000000       319000          inf
#[Mean    =        0.751, StdDeviation   =        0.084]
#[Max     =        5.727, Total count    =       319000]
#[Buckets =           20, SubBuckets     =          256]
