       Value   Percentile   TotalCount 1/(1-Percentile)

        0.09     0.000000          220         1.00
        0.28     0.050000       827390         1.05
        0.35     0.100000      1462000         1.11
        0.92     0.150000      2144290         1.18
        1.09     0.200000      2900890         1.25
        1.14     0.250000      3647420         1.33
        1.17     0.300000      4389600         1.43
        1.20     0.350000      5054100         1.54
        1.23     0.400000      5803350         1.67
        1.25     0.450000      6513060         1.82
        1.28     0.500000      7291290         2.00
        1.29     0.525000      7555130         2.11
        1.30     0.550000      8074500         2.22
        1.31     0.575000      8332510         2.35
        1.32     0.600000      8584840         2.50
        1.33     0.625000      9063090         2.67
        1.34     0.650000      9287090         2.86
        1.36     0.675000      9713140         3.08
        1.38     0.700000     10099360         3.33
        1.39     0.725000     10431980         3.64
        1.41     0.750000     10709590         4.00
        1.42     0.762500     10935530         4.21
        1.44     0.775000     11115770         4.44
        1.46     0.787500     11257380         4.71
        1.48     0.800000     11424990         5.00
        1.52     0.812500     11634030         5.33
        1.56     0.825000     11807660         5.71
        1.60     0.837500     11962180         6.15
        1.65     0.850000     12154900         6.67
        1.69     0.862500     12341580         7.27
        1.72     0.875000     12493170         8.00
        1.74     0.881250     12604620         8.42
        1.76     0.887500     12677480         8.89
        1.78     0.893750     12784410         9.41
        1.80     0.900000     12855150        10.00
        1.82     0.906250     12962360        10.67
        1.84     0.912500     13036030        11.43
        1.86     0.918750     13144410        12.31
        1.88     0.925000     13217690        13.33
        1.90     0.931250     13324660        14.55
        1.92     0.937500     13395740        16.00
        1.93     0.940625     13430270        16.84
        1.94     0.943750     13500060        17.78
        1.95     0.946875     13534570        18.82
        1.96     0.950000     13567210        20.00
        1.98     0.953125     13627850        21.33
        1.98     0.956250     13658690        22.86
        2.00     0.959375     13715890        24.62
        2.01     0.962500     13741700        26.67
        2.02     0.965625     13788090        29.09
        2.04     0.968750     13831960        32.00
        2.05     0.970313     13851420        33.68
        2.06     0.971875     13887550        35.56
        2.08     0.973437     13918510        37.65
        2.08     0.975000     13918510        40.00
        2.10     0.976562     13945020        42.67
        2.11     0.978125     13966790        45.71
        2.13     0.979688     13984330        49.23
        2.16     0.981250     14009390        53.33
        2.21     0.982812     14032010        58.18
        2.29     0.984375     14052860        64.00
        2.33     0.985156     14062320        67.37
        2.40     0.985938     14073320        71.11
        2.48     0.986719     14084220        75.29
        2.56     0.987500     14095450        80.00
        2.65     0.988281     14107310        85.33
        2.78     0.989062     14117620        91.43
        2.98     0.989844     14129170        98.46
        3.31     0.990625     14139690       106.67
        3.90     0.991406     14150740       116.36
        4.70     0.992188     14162180       128.00
        5.25     0.992578     14167800       134.74
        5.86     0.992969     14173260       142.22
        6.56     0.993359     14178650       150.59
        7.07     0.993750     14184350       160.00
        7.55     0.994141     14190120       170.67
        7.93     0.994531     14195470       182.86
        8.51     0.994922     14201050       196.92
        9.21     0.995313     14206610       213.33
       10.11     0.995703     14212180       232.73
       11.33     0.996094     14217700       256.00
       12.48     0.996289     14220470       269.47
       14.27     0.996484     14223270       284.44
       16.25     0.996680     14226230       301.18
       16.51     0.996875     14229110       320.00
       17.15     0.997070     14231880       341.33
       18.30     0.997266     14234550       365.71
       19.97     0.997461     14237230       393.85
       20.48     0.997656     14241520       426.67
       20.86     0.997852     14243100       465.45
       22.53     0.998047     14245530       512.00
       23.42     0.998145     14246940       538.95
       24.19     0.998242     14248730       568.89
       24.32     0.998340     14254840       602.35
       24.32     0.998437     14254840       640.00
       24.32     0.998535     14254840       682.67
       24.32     0.998633     14254840       731.43
       24.45     0.998730     14261170       787.69
       24.45     0.998828     14261170       853.33
       24.45     0.998926     14261170       930.91
       24.45     0.999023     14261170      1024.00
       24.45     0.999072     14261170      1077.89
       24.45     0.999121     14261170      1137.78
       24.57     0.999170     14261640      1204.71
       24.83     0.999219     14262310      1280.00
       25.09     0.999268     14262990      1365.33
       25.98     0.999316     14263730      1462.86
       26.75     0.999365     14264340      1575.38
       27.39     0.999414     14265120      1706.67
       28.29     0.999463     14267000      1861.82
       28.29     0.999512     14267000      2048.00
       28.29     0.999536     14267000      2155.79
       28.41     0.999561     14269210      2275.56
       28.41     0.999585     14269210      2409.41
       28.41     0.999609     14269210      2560.00
       28.41     0.999634     14269210      2730.67
       28.41     0.999658     14269210      2925.71
       28.41     0.999683     14269210      3150.77
       28.54     0.999707     14269760      3413.33
       28.54     0.999731     14269760      3723.64
       28.80     0.999756     14270110      4096.00
       28.80     0.999768     14270110      4311.58
       29.05     0.999780     14270300      4551.11
       29.31     0.999792     14270660      4818.82
       29.31     0.999805     14270660      5120.00
       29.70     0.999817     14270790      5461.33
       29.95     0.999829     14271010      5851.43
       30.21     0.999841     14271170      6301.54
       30.85     0.999854     14271330      6826.67
       32.13     0.999866     14271490      7447.27
       32.38     0.999878     14272180      8192.00
       32.38     0.999884     14272180      8623.16
       32.38     0.999890     14272180      9102.22
       32.38     0.999896     14272180      9637.65
       32.38     0.999902     14272180     10240.00
       32.38     0.999908     14272180     10922.67
       32.51     0.999915     14272450     11702.86
       32.51     0.999921     14272450     12603.08
       32.51     0.999927     14272450     13653.33
       32.51     0.999933     14272450     14894.55
       32.77     0.999939     14272560     16384.00
       33.02     0.999942     14272620     17246.32
       33.02     0.999945     14272620     18204.44
       33.79     0.999948     14272700     19275.29
       36.35     0.999951     14272810     20480.00
       36.35     0.999954     14272810     21845.33
       36.35     0.999957     14272810     23405.71
       36.61     0.999960     14272870     25206.15
       36.86     0.999963     14272960     27306.67
       36.86     0.999966     14272960     29789.09
       37.12     0.999969     14272970     32768.00
       37.63     0.999971     14272990     34492.63
       38.14     0.999973     14273010     36408.89
       40.19     0.999974     14273060     38550.59
       40.19     0.999976     14273060     40960.00
       40.45     0.999977     14273250     43690.67
       40.45     0.999979     14273250     46811.43
       40.45     0.999980     14273250     50412.31
       40.45     0.999982     14273250     54613.33
       40.45     0.999983     14273250     59578.18
       40.45     0.999985     14273250     65536.00
       40.45     0.999986     14273250     68985.26
       40.45     0.999986     14273250     72817.78
       40.45     0.999987     14273250     77101.18
       40.45     0.999988     14273250     81920.00
       40.45     0.999989     14273250     87381.33
       40.45     0.999989     14273250     93622.86
       40.70     0.999990     14273270    100824.62
       40.70     0.999991     14273270    109226.67
       41.22     0.999992     14273290    119156.36
       41.47     0.999992     14273300    131072.00
       41.47     0.999993     14273300    137970.53
       41.73     0.999993     14273320    145635.56
       41.73     0.999994     14273320    154202.35
       41.73     0.999994     14273320    163840.00
       41.73     0.999994     14273320    174762.67
       44.29     0.999995     14273350    187245.71
       44.29     0.999995     14273350    201649.23
       44.29     0.999995     14273350    218453.33
       44.29     0.999996     14273350    238312.73
       44.29     0.999996     14273350    262144.00
       44.29     0.999996     14273350    275941.05
       44.54     0.999997     14273400    291271.11
       44.54     1.000000     14273400          inf
#[Mean    =        1.339, StdDeviation   =        1.452]
#[Max     =       44.543, Total count    =     14273400]
#[Buckets =           20, SubBuckets     =          256]
