       Value   Percentile   TotalCount 1/(1-Percentile)

        0.07     0.000000           20         1.00
        0.20     0.050000      1075750         1.05
        0.61     0.100000      2139020         1.11
        0.67     0.150000      3197060         1.18
        0.76     0.200000      4297530         1.25
        0.81     0.250000      5374900         1.33
        0.86     0.300000      6394830         1.43
        0.90     0.350000      7607400         1.54
        0.91     0.400000      8621280         1.67
        0.93     0.450000     10025650         1.82
        0.94     0.500000     10872570         2.00
        0.94     0.525000     11796610         2.11
        0.94     0.550000     11796610         2.22
        0.95     0.575000     12779700         2.35
        0.95     0.600000     12779700         2.50
        0.96     0.625000     13799930         2.67
        0.96     0.650000     13799930         2.86
        0.97     0.675000     14808200         3.08
        0.97     0.700000     15775070         3.33
        0.97     0.725000     15775070         3.64
        0.98     0.750000     16656240         4.00
        0.98     0.762500     16656240         4.21
        0.98     0.775000     16656240         4.44
        0.99     0.787500     17431770         4.71
        0.99     0.800000     17431770         5.00
        0.99     0.812500     17431770         5.33
        1.00     0.825000     18079020         5.71
        1.00     0.837500     18079020         6.15
        1.00     0.850000     18079020         6.67
        1.01     0.862500     18583150         7.27
        1.01     0.875000     18583150         8.00
        1.01     0.881250     18952130         8.42
        1.01     0.887500     18952130         8.89
        1.01     0.893750     18952130         9.41
        1.02     0.900000     19208520        10.00
        1.02     0.906250     19208520        10.67
        1.03     0.912500     19376920        11.43
        1.04     0.918750     19485670        12.31
        1.06     0.925000     19631780        13.33
        1.10     0.931250     19752100        14.55
        1.14     0.937500     19877120        16.00
        1.17     0.940625     19937860        16.84
        1.20     0.943750     19999920        17.78
        1.24     0.946875     20065610        18.82
        1.28     0.950000     20133930        20.00
        1.31     0.953125     20201110        21.33
        1.33     0.956250     20268460        22.86
        1.36     0.959375     20352150        24.62
        1.38     0.962500     20418410        26.67
        1.39     0.965625     20493350        29.09
        1.40     0.968750     20533070        32.00
        1.41     0.970313     20574080        33.68
        1.42     0.971875     20614410        35.56
        1.42     0.973437     20655410        37.65
        1.43     0.975000     20696320        40.00
        1.43     0.976562     20696320        42.67
        1.44     0.978125     20735410        45.71
        1.45     0.979688     20773590        49.23
        1.46     0.981250     20809740        53.33
        1.46     0.982812     20842440        58.18
        1.47     0.984375     20871930        64.00
        1.48     0.985156     20898070        67.37
        1.48     0.985938     20898070        71.11
        1.49     0.986719     20921430        75.29
        1.50     0.987500     20941860        80.00
        1.50     0.988281     20941860        85.33
        1.50     0.989062     20958600        91.43
        1.52     0.989844     20982410        98.46
        1.53     0.990625     20990570       106.67
        1.55     0.991406     21007020       116.36
        1.61     0.992188     21024290       128.00
        1.65     0.992578     21032610       134.74
        1.70     0.992969     21040950       142.22
        1.75     0.993359     21048520       150.59
        1.82     0.993750     21057210       160.00
        1.90     0.994141     21064950       170.67
        2.01     0.994531     21073030       182.86
        2.19     0.994922     21081280       196.92
        2.43     0.995313     21089890       213.33
        2.75     0.995703     21097970       232.73
        3.17     0.996094     21106010       256.00
        3.42     0.996289     21110200       269.47
        3.76     0.996484     21114540       284.44
        4.16     0.996680     21118630       301.18
        4.45     0.996875     21122830       320.00
        4.86     0.997070     21127170       341.33
        5.38     0.997266     21131050       365.71
        5.73     0.997461     21135020       393.85
        6.17     0.997656     21139520       426.67
        6.59     0.997852     21143610       465.45
        6.91     0.998047     21147670       512.00
        7.13     0.998145     21149500       538.95
        7.42     0.998242     21151560       568.89
        7.74     0.998340     21153610       602.35
        8.19     0.998437     21155740       640.00
        8.64     0.998535     21157850       682.67
        9.15     0.998633     21160080       731.43
        9.60     0.998730     21161900       787.69
       10.24     0.998828     21163960       853.33
       11.01     0.998926     21166070       930.91
       12.16     0.999023     21168140      1024.00
       12.54     0.999072     21169190      1077.89
       13.05     0.999121     21170160      1137.78
       13.57     0.999170     21171180      1204.71
       13.82     0.999219     21172210      1280.00
       14.46     0.999268     21173260      1365.33
       15.04     0.999316     21174290      1462.86
       15.62     0.999365     21175350      1575.38
       16.13     0.999414     21176490      1706.67
       16.38     0.999463     21177600      1861.82
       16.77     0.999512     21178470      2048.00
       17.02     0.999536     21179150      2155.79
       17.15     0.999561     21179650      2275.56
       17.41     0.999585     21180040      2409.41
       17.79     0.999609     21180510      2560.00
       18.30     0.999634     21181150      2730.67
       18.94     0.999658     21181710      2925.71
       19.45     0.999683     21182140      3150.77
       20.09     0.999707     21182710      3413.33
       20.22     0.999731     21183120      3723.64
       20.48     0.999756     21183650      4096.00
       20.61     0.999768     21183880      4311.58
       20.99     0.999780     21184170      4551.11
       21.25     0.999792     21184490      4818.82
       21.38     0.999805     21184670      5120.00
       21.63     0.999817     21184900      5461.33
       22.14     0.999829     21185150      5851.43
       22.53     0.999841     21185510      6301.54
       23.04     0.999854     21185660      6826.67
       23.55     0.999866     21185980      7447.27
       24.19     0.999878     21186520      8192.00
       24.19     0.999884     21186520      8623.16
       24.19     0.999890     21186520      9102.22
       24.32     0.999896     21186990      9637.65
       24.32     0.999902     21186990     10240.00
       24.32     0.999908     21186990     10922.67
       24.32     0.999915     21186990     11702.86
       24.45     0.999921     21187120     12603.08
       24.57     0.999927     21187210     13653.33
       24.83     0.999933     21187350     14894.55
       25.60     0.999939     21187500     16384.00
       25.86     0.999942     21187540     17246.32
       26.11     0.999945     21187660     18204.44
       26.62     0.999948     21187690     19275.29
       26.75     0.999951     21187760     20480.00
       27.01     0.999954     21187800     21845.33
       27.14     0.999957     21187870     23405.71
       27.77     0.999960     21187940     25206.15
       28.29     0.999963     21188130     27306.67
       28.29     0.999966     21188130     29789.09
       28.29     0.999969     21188130     32768.00
       28.54     0.999971     21188200     34492.63
       28.54     0.999973     21188200     36408.89
       29.57     0.999974     21188280     38550.59
       29.57     0.999976     21188280     40960.00
       29.57     0.999977     21188280     43690.67
       32.13     0.999979     21188330     46811.43
       32.26     0.999980     21188670     50412.31
       32.26     0.999982     21188670     54613.33
       32.26     0.999983     21188670     59578.18
       32.26     0.999985     21188670     65536.00
       32.26     0.999986     21188670     68985.26
       32.26     0.999986     21188670     72817.78
       32.26     0.999987     21188670     77101.18
       32.26     0.999988     21188670     81920.00
       32.26     0.999989     21188670     87381.33
       32.26     0.999989     21188670     93622.86
       32.26     0.999990     21188670    100824.62
       32.26     0.999991     21188670    109226.67
       32.26     0.999992     21188670    119156.36
       32.26     0.999992     21188670    131072.00
       32.26     0.999993     21188670    137970.53
       32.26     0.999993     21188670    145635.56
       32.26     0.999994     21188670    154202.35
       32.26     0.999994     21188670    163840.00
       32.26     0.999994     21188670    174762.67
       32.26     0.999995     21188670    187245.71
       32.26     0.999995     21188670    201649.23
       32.26     0.999995     21188670    218453.33
       32.38     0.999996     21188680    238312.73
       32.38     0.999996     21188680    262144.00
       34.05     0.999996     21188690    275941.05
       34.05     0.999997     21188690    291271.11
       34.30     0.999997     21188760    308404.71
       34.30     1.000000     21188760          inf
#[Mean    =        0.904, StdDeviation   =        0.685]
#[Max     =       34.303, Total count    =     21188760]
#[Buckets =           20, SubBuckets     =          256]
