       Value   Percentile   TotalCount 1/(1-Percentile)

        0.11     0.000000           15         1.00
        0.26     0.050000       418235         1.05
        0.30     0.100000       809840         1.11
        0.59     0.150000      1215680         1.18
        0.87     0.200000      1643625         1.25
        0.97     0.250000      2025245         1.33
        1.03     0.300000      2481165         1.43
        1.06     0.350000      2875815         1.54
        1.09     0.400000      3354495         1.67
        1.10     0.450000      3794110         1.82
        1.11     0.500000      4039385         2.00
        1.12     0.525000      4290155         2.11
        1.13     0.550000      4533275         2.22
        1.14     0.575000      4758385         2.35
        1.14     0.600000      4963280         2.50
        1.15     0.625000      5150740         2.67
        1.16     0.650000      5320020         2.86
        1.17     0.675000      5469700         3.08
        1.18     0.700000      5718875         3.33
        1.20     0.725000      5922050         3.64
        1.22     0.750000      6086650         4.00
        1.23     0.762500      6216155         4.21
        1.24     0.775000      6270860         4.44
        1.25     0.787500      6361155         4.71
        1.28     0.800000      6462675         5.00
        1.31     0.812500      6562040         5.33
        1.35     0.825000      6677550         5.71
        1.38     0.837500      6778275         6.15
        1.42     0.850000      6878170         6.67
        1.45     0.862500      6971030         7.27
        1.48     0.875000      7071590         8.00
        1.50     0.881250      7121505         8.42
        1.51     0.887500      7171410         8.89
        1.53     0.893750      7219550         9.41
        1.55     0.900000      7288135        10.00
        1.57     0.906250      7331830        10.67
        1.58     0.912500      7374070        11.43
        1.61     0.918750      7436890        12.31
        1.62     0.925000      7478660        13.33
        1.65     0.931250      7540080        14.55
        1.66     0.937500      7580570        16.00
        1.67     0.940625      7600565        16.84
        1.69     0.943750      7639285        17.78
        1.70     0.946875      7657670        18.82
        1.70     0.950000      7674805        20.00
        1.72     0.953125      7708890        21.33
        1.73     0.956250      7724695        22.86
        1.74     0.959375      7754195        24.62
        1.76     0.962500      7780120        26.67
        1.77     0.965625      7803815        29.09
        1.79     0.968750      7824180        32.00
        1.81     0.970313      7841700        33.68
        1.81     0.971875      7849220        35.56
        1.83     0.973437      7862915        37.65
        1.85     0.975000      7873890        40.00
        1.87     0.976562      7886750        42.67
        1.90     0.978125      7898850        45.71
        1.95     0.979688      7911390        49.23
        2.02     0.981250      7924890        53.33
        2.13     0.982812      7938045        58.18
        2.24     0.984375      7950160        64.00
        2.32     0.985156      7955665        67.37
        2.45     0.985938      7962010        71.11
        2.59     0.986719      7968505        75.29
        2.73     0.987500      7974460        80.00
        2.99     0.988281      7980775        85.33
        3.52     0.989062      7987195        91.43
        4.08     0.989844      7993400        98.46
        4.99     0.990625      7999810       106.67
        6.17     0.991406      8006105       116.36
        6.97     0.992188      8012355       128.00
        7.29     0.992578      8015635       134.74
        7.68     0.992969      8018645       142.22
        8.00     0.993359      8022005       150.59
        8.38     0.993750      8025515       160.00
        8.70     0.994141      8028100       170.67
        9.09     0.994531      8031225       182.86
        9.73     0.994922      8034715       196.92
       10.18     0.995313      8037555       213.33
       10.94     0.995703      8040790       232.73
       12.99     0.996094      8043935       256.00
       14.91     0.996289      8045415       269.47
       16.32     0.996484      8047330       284.44
       16.77     0.996680      8048825       301.18
       17.15     0.996875      8050170       320.00
       18.56     0.997070      8051765       341.33
       20.35     0.997266      8054145       365.71
       20.61     0.997461      8054880       393.85
       20.99     0.997656      8056695       426.67
       22.27     0.997852      8058135       465.45
       23.81     0.998047      8059610       512.00
       24.32     0.998145      8064150       538.95
       24.32     0.998242      8064150       568.89
       24.32     0.998340      8064150       602.35
       24.32     0.998437      8064150       640.00
       24.32     0.998535      8064150       682.67
       24.45     0.998633      8067180       731.43
       24.45     0.998730      8067180       787.69
       24.45     0.998828      8067180       853.33
       24.45     0.998926      8067180       930.91
       24.70     0.999023      8067805      1024.00
       24.83     0.999072      8068340      1077.89
       24.83     0.999121      8068340      1137.78
       25.09     0.999170      8068720      1204.71
       25.47     0.999219      8069125      1280.00
       25.73     0.999268      8069465      1365.33
       27.01     0.999316      8069860      1462.86
       27.90     0.999365      8070270      1575.38
       28.29     0.999414      8071160      1706.67
       28.29     0.999463      8071160      1861.82
       28.41     0.999512      8072060      2048.00
       28.41     0.999536      8072060      2155.79
       28.41     0.999561      8072060      2275.56
       28.41     0.999585      8072060      2409.41
       28.67     0.999609      8072465      2560.00
       28.67     0.999634      8072465      2730.67
       28.80     0.999658      8072975      2925.71
       28.80     0.999683      8072975      3150.77
       28.93     0.999707      8073240      3413.33
       28.93     0.999731      8073240      3723.64
       29.31     0.999756      8073455      4096.00
       29.44     0.999768      8073525      4311.58
       29.70     0.999780      8073620      4551.11
       30.46     0.999792      8073710      4818.82
       31.10     0.999805      8073855      5120.00
       31.36     0.999817      8073910      5461.33
       31.74     0.999829      8074015      5851.43
       32.26     0.999841      8074220      6301.54
       32.26     0.999854      8074220      6826.67
       32.38     0.999866      8074525      7447.27
       32.38     0.999878      8074525      8192.00
       32.38     0.999884      8074525      8623.16
       32.38     0.999890      8074525      9102.22
       32.51     0.999896      8074620      9637.65
       32.51     0.999902      8074620     10240.00
       32.64     0.999908      8074655     10922.67
       32.77     0.999915      8074720     11702.86
       33.02     0.999921      8074850     12603.08
       33.02     0.999927      8074850     13653.33
       33.02     0.999933      8074850     14894.55
       33.28     0.999939      8074930     16384.00
       33.28     0.999942      8074930     17246.32
       33.53     0.999945      8074980     18204.44
       33.53     0.999948      8074980     19275.29
       33.79     0.999951      8075000     20480.00
       34.05     0.999954      8075010     21845.33
       36.09     0.999957      8075030     23405.71
       36.35     0.999960      8075130     25206.15
       36.35     0.999963      8075130     27306.67
       36.35     0.999966      8075130     29789.09
       36.35     0.999969      8075130     32768.00
       36.61     0.999971      8075175     34492.63
       36.61     0.999973      8075175     36408.89
       36.61     0.999974      8075175     38550.59
       36.86     0.999976      8075205     40960.00
       36.86     0.999977      8075205     43690.67
       36.86     0.999979      8075205     46811.43
       37.12     0.999980      8075235     50412.31
       37.12     0.999982      8075235     54613.33
       37.38     0.999983      8075245     59578.18
       37.63     0.999985      8075300     65536.00
       37.63     0.999986      8075300     68985.26
       37.63     0.999986      8075300     72817.78
       37.63     0.999987      8075300     77101.18
       37.63     0.999988      8075300     81920.00
       37.63     0.999989      8075300     87381.33
       37.63     0.999989      8075300     93622.86
       37.63     0.999990      8075300    100824.62
       37.89     0.999991      8075335    109226.67
       37.89     0.999992      8075335    119156.36
       37.89     0.999992      8075335    131072.00
       37.89     0.999993      8075335    137970.53
       37.89     0.999993      8075335    145635.56
       37.89     0.999994      8075335    154202.35
       37.89     0.999994      8075335    163840.00
       37.89     0.999994      8075335    174762.67
       37.89     0.999995      8075335    187245.71
       37.89     0.999995      8075335    201649.23
       40.45     0.999995      8075375    218453.33
       40.45     1.000000      8075375          inf
#[Mean    =        1.183, StdDeviation   =        1.528]
#[Max     =       40.447, Total count    =      8075375]
#[Buckets =           20, SubBuckets     =          256]
