       Value   Percentile   TotalCount 1/(1-Percentile)

        0.21     0.000000            1         1.00
        0.47     0.050000        20968         1.05
        0.50     0.100000        37965         1.11
        0.54     0.150000        53234         1.18
        0.58     0.200000        75852         1.25
        0.60     0.250000        94020         1.33
        0.61     0.300000       104389         1.43
        0.62     0.350000       124591         1.54
        0.64     0.400000       140785         1.67
        0.66     0.450000       157699         1.82
        0.69     0.500000       176635         2.00
        0.69     0.525000       184787         2.11
        0.70     0.550000       193866         2.22
        0.71     0.575000       203672         2.35
        0.72     0.600000       213954         2.50
        0.73     0.625000       224403         2.67
        0.73     0.650000       234772         2.86
        0.73     0.675000       234772         3.08
        0.74     0.700000       245045         3.33
        0.75     0.725000       254539         3.64
        0.76     0.750000       263169         4.00
        0.77     0.762500       270794         4.21
        0.77     0.775000       270794         4.44
        0.78     0.787500       277164         4.71
        0.78     0.800000       282439         5.00
        0.78     0.812500       282439         5.33
        0.79     0.825000       286714         5.71
        0.81     0.837500       292338         6.15
        0.82     0.850000       295196         6.67
        0.90     0.862500       299356         7.27
        0.93     0.875000       304032         8.00
        0.94     0.881250       306144         8.42
        0.94     0.887500       308681         8.89
        0.95     0.893750       311785         9.41
        0.96     0.900000       315185        10.00
        0.96     0.906250       315185        10.67
        0.97     0.912500       319014        11.43
        0.97     0.918750       319014        12.31
        0.97     0.925000       322883        13.33
        0.97     0.931250       322883        14.55
        0.98     0.937500       326678        16.00
        0.98     0.940625       326678        16.84
        0.99     0.943750       330394        17.78
        0.99     0.946875       330394        18.82
        0.99     0.950000       330394        20.00
        0.99     0.953125       330394        21.33
        1.00     0.956250       333854        22.86
        1.00     0.959375       333854        24.62
        1.00     0.962500       333854        26.67
        1.01     0.965625       336861        29.09
        1.01     0.968750       336861        32.00
        1.01     0.970313       336861        33.68
        1.01     0.971875       336861        35.56
        1.01     0.973437       339413        37.65
        1.01     0.975000       339413        40.00
        1.01     0.976562       339413        42.67
        1.01     0.978125       339413        45.71
        1.02     0.979688       341496        49.23
        1.02     0.981250       341496        53.33
        1.02     0.982812       341496        58.18
        1.02     0.984375       341496        64.00
        1.02     0.985156       341496        67.37
        1.03     0.985938       343026        71.11
        1.03     0.986719       343026        75.29
        1.03     0.987500       343026        80.00
        1.03     0.988281       343026        85.33
        1.03     0.989062       343026        91.43
        1.03     0.989844       343026        98.46
        1.04     0.990625       344135       106.67
        1.04     0.991406       344135       116.36
        1.04     0.992188       344135       128.00
        1.04     0.992578       344135       134.74
        1.04     0.992969       344135       142.22
        1.05     0.993359       344917       150.59
        1.05     0.993750       344917       160.00
        1.05     0.994141       344917       170.67
        1.05     0.994531       344917       182.86
        1.05     0.994922       344917       196.92
        1.05     0.995313       344917       213.33
        1.05     0.995703       345417       232.73
        1.05     0.996094       345417       256.00
        1.05     0.996289       345417       269.47
        1.05     0.996484       345417       284.44
        1.05     0.996680       345417       301.18
        1.06     0.996875       345747       320.00
        1.06     0.997070       345747       341.33
        1.06     0.997266       345747       365.71
        1.06     0.997461       345747       393.85
        1.06     0.997656       345747       426.67
        1.07     0.997852       345950       465.45
        1.07     0.998047       345950       512.00
        1.07     0.998145       345950       538.95
        1.07     0.998242       345950       568.89
        1.07     0.998340       345950       602.35
        1.08     0.998437       346092       640.00
        1.08     0.998535       346092       682.67
        1.08     0.998633       346092       731.43
        1.08     0.998730       346092       787.69
        1.09     0.998828       346171       853.33
        1.09     0.998926       346171       930.91
        1.09     0.999023       346235      1024.00
        1.09     0.999072       346235      1077.89
        1.09     0.999121       346235      1137.78
        1.09     0.999170       346235      1204.71
        1.10     0.999219       346278      1280.00
        1.10     0.999268       346278      1365.33
        1.11     0.999316       346304      1462.86
        1.11     0.999365       346304      1575.38
        1.12     0.999414       346322      1706.67
        1.14     0.999463       346347      1861.82
        1.14     0.999512       346355      2048.00
        1.15     0.999536       346364      2155.79
        1.16     0.999561       346371      2275.56
        1.17     0.999585       346379      2409.41
        1.18     0.999609       346387      2560.00
        1.18     0.999634       346395      2730.67
        1.20     0.999658       346403      2925.71
        1.22     0.999683       346412      3150.77
        1.24     0.999707       346422      3413.33
        1.25     0.999731       346429      3723.64
        1.28     0.999756       346437      4096.00
        1.32     0.999768       346444      4311.58
        1.33     0.999780       346445      4551.11
        1.40     0.999792       346452      4818.82
        1.42     0.999805       346454      5120.00
        1.45     0.999817       346458      5461.33
        1.55     0.999829       346462      5851.43
        1.77     0.999841       346467      6301.54
        1.97     0.999854       346471      6826.67
        2.19     0.999866       346475      7447.27
        2.32     0.999878       346479      8192.00
        2.50     0.999884       346481      8623.16
        2.62     0.999890       346483      9102.22
        2.86     0.999896       346486      9637.65
        3.01     0.999902       346488     10240.00
        3.12     0.999908       346490     10922.67
        3.25     0.999915       346493     11702.86
        4.08     0.999921       346494     12603.08
        4.38     0.999927       346496     13653.33
        4.42     0.999933       346498     14894.55
        4.58     0.999939       346500     16384.00
        4.64     0.999942       346501     17246.32
        8.38     0.999945       346502     18204.44
        8.64     0.999948       346504     19275.29
        8.83     0.999951       346505     20480.00
       11.26     0.999954       346506     21845.33
       11.33     0.999957       346508     23405.71
       11.33     0.999960       346508     25206.15
       11.65     0.999963       346509     27306.67
       15.36     0.999966       346510     29789.09
       15.49     0.999969       346511     32768.00
       15.49     0.999971       346511     34492.63
       15.62     0.999973       346512     36408.89
       15.81     0.999974       346514     38550.59
       15.81     0.999976       346514     40960.00
       15.81     0.999977       346514     43690.67
       15.81     0.999979       346514     46811.43
       15.87     0.999980       346515     50412.31
       15.87     0.999982       346515     54613.33
       15.94     0.999983       346518     59578.18
       15.94     0.999985       346518     65536.00
       15.94     0.999986       346518     68985.26
       15.94     0.999986       346518     72817.78
       15.94     0.999987       346518     77101.18
       15.94     0.999988       346518     81920.00
       15.94     0.999989       346518     87381.33
       15.94     0.999989       346518     93622.86
       15.94     0.999990       346518    100824.62
       15.94     0.999991       346518    109226.67
       16.19     0.999992       346519    119156.36
       16.19     0.999992       346519    131072.00
       16.19     0.999993       346519    137970.53
       16.19     0.999993       346519    145635.56
       16.19     0.999994       346519    154202.35
       16.19     0.999994       346519    163840.00
       16.32     0.999994       346520    174762.67
       16.32     0.999995       346520    187245.71
       16.32     0.999995       346520    201649.23
       16.32     0.999995       346520    218453.33
       16.32     0.999996       346520    238312.73
       16.32     0.999996       346520    262144.00
       16.32     0.999996       346520    275941.05
       16.32     0.999997       346520    291271.11
       16.32     0.999997       346520    308404.71
       16.32     0.999997       346520    327680.00
       16.51     0.999997       346521    349525.33
       16.51     1.000000       346521          inf
#[Mean    =        0.692, StdDeviation   =        0.181]
#[Max     =       16.511, Total count    =       346521]
#[Buckets =           20, SubBuckets     =          256]
