       Value   Percentile   TotalCount 1/(1-Percentile)

        0.15     0.000000            1         1.00
        0.36     0.050000        33666         1.05
        0.38     0.100000        96813         1.11
        0.38     0.150000        96813         1.18
        0.38     0.200000       147866         1.25
        0.39     0.250000       210900         1.33
        0.39     0.300000       210900         1.43
        0.39     0.350000       210900         1.54
        0.40     0.400000       284767         1.67
        0.40     0.450000       284767         1.82
        0.41     0.500000       362488         2.00
        0.41     0.525000       362488         2.11
        0.41     0.550000       362488         2.22
        0.41     0.575000       362488         2.35
        0.41     0.600000       362488         2.50
        0.41     0.625000       434343         2.67
        0.41     0.650000       434343         2.86
        0.41     0.675000       434343         3.08
        0.41     0.700000       434343         3.33
        0.41     0.725000       434343         3.64
        0.42     0.750000       491826         4.00
        0.42     0.762500       491826         4.21
        0.42     0.775000       491826         4.44
        0.42     0.787500       491826         4.71
        0.42     0.800000       491826         5.00
        0.42     0.812500       491826         5.33
        0.43     0.825000       532667         5.71
        0.43     0.837500       532667         6.15
        0.43     0.850000       532667         6.67
        0.43     0.862500       532667         7.27
        0.43     0.875000       532667         8.00
        0.43     0.881250       532667         8.42
        0.43     0.887500       532667         8.89
        0.44     0.893750       559296         9.41
        0.44     0.900000       559296        10.00
        0.44     0.906250       559296        10.67
        0.44     0.912500       559296        11.43
        0.44     0.918750       559296        12.31
        0.44     0.925000       559296        13.33
        0.44     0.931250       559296        14.55
        0.45     0.937500       575358        16.00
        0.45     0.940625       575358        16.84
        0.45     0.943750       575358        17.78
        0.45     0.946875       575358        18.82
        0.45     0.950000       575358        20.00
        0.45     0.953125       575358        21.33
        0.45     0.956250       575358        22.86
        0.45     0.959375       575358        24.62
        0.45     0.962500       575358        26.67
        0.46     0.965625       584567        29.09
        0.46     0.968750       584567        32.00
        0.46     0.970313       584567        33.68
        0.46     0.971875       584567        35.56
        0.46     0.973437       584567        37.65
        0.46     0.975000       584567        40.00
        0.46     0.976562       584567        42.67
        0.46     0.978125       584567        45.71
        0.46     0.979688       589734        49.23
        0.46     0.981250       589734        53.33
        0.46     0.982812       589734        58.18
        0.46     0.984375       589734        64.00
        0.46     0.985156       589734        67.37
        0.46     0.985938       589734        71.11
        0.46     0.986719       589734        75.29
        0.46     0.987500       589734        80.00
        0.47     0.988281       592635        85.33
        0.47     0.989062       592635        91.43
        0.47     0.989844       592635        98.46
        0.47     0.990625       592635       106.67
        0.47     0.991406       592635       116.36
        0.47     0.992188       592635       128.00
        0.47     0.992578       592635       134.74
        0.48     0.992969       594373       142.22
        0.48     0.993359       594373       150.59
        0.48     0.993750       594373       160.00
        0.48     0.994141       594373       170.67
        0.48     0.994531       594373       182.86
        0.48     0.994922       594373       196.92
        0.48     0.995313       594373       213.33
        0.49     0.995703       595306       232.73
        0.49     0.996094       595306       256.00
        0.49     0.996289       595306       269.47
        0.49     0.996484       595306       284.44
        0.49     0.996680       595306       301.18
        0.49     0.996875       595306       320.00
        0.49     0.997070       595306       341.33
        0.49     0.997266       595866       365.71
        0.49     0.997461       595866       393.85
        0.49     0.997656       595866       426.67
        0.49     0.997852       595866       465.45
        0.49     0.998047       595866       512.00
        0.50     0.998145       596179       538.95
        0.50     0.998242       596179       568.89
        0.50     0.998340       596179       602.35
        0.50     0.998437       596179       640.00
        0.50     0.998535       596179       682.67
        0.50     0.998633       596179       731.43
        0.51     0.998730       596349       787.69
        0.51     0.998828       596349       853.33
        0.51     0.998926       596349       930.91
        0.52     0.999023       596448      1024.00
        0.52     0.999072       596448      1077.89
        0.53     0.999121       596522      1137.78
        0.53     0.999170       596522      1204.71
        0.53     0.999219       596522      1280.00
        0.54     0.999268       596576      1365.33
        0.54     0.999316       596576      1462.86
        0.54     0.999365       596603      1575.38
        0.57     0.999414       596640      1706.67
        0.58     0.999463       596667      1861.82
        0.60     0.999512       596692      2048.00
        0.61     0.999536       596709      2155.79
        0.61     0.999561       596720      2275.56
        0.64     0.999585       596732      2409.41
        0.71     0.999609       596744      2560.00
        0.73     0.999634       596762      2730.67
        0.75     0.999658       596777      2925.71
        0.77     0.999683       596797      3150.77
        0.78     0.999707       596810      3413.33
        0.78     0.999731       596819      3723.64
        0.80     0.999756       596836      4096.00
        0.81     0.999768       596841      4311.58
        0.82     0.999780       596848      4551.11
        0.84     0.999792       596854      4818.82
        0.89     0.999805       596860      5120.00
        0.90     0.999817       596868      5461.33
        0.91     0.999829       596874      5851.43
        0.92     0.999841       596882      6301.54
        0.93     0.999854       596891      6826.67
        0.94     0.999866       596904      7447.27
        0.94     0.999878       596904      8192.00
        0.94     0.999884       596911      8623.16
        0.94     0.999890       596911      9102.22
        0.95     0.999896       596919      9637.65
        0.95     0.999902       596919     10240.00
        0.96     0.999908       596928     10922.67
        0.96     0.999915       596928     11702.86
        0.97     0.999921       596937     12603.08
        0.97     0.999927       596937     13653.33
        0.97     0.999933       596937     14894.55
        0.97     0.999939       596945     16384.00
        0.97     0.999942       596945     17246.32
        0.97     0.999945       596945     18204.44
        0.98     0.999948       596955     19275.29
        0.98     0.999951       596955     20480.00
        0.98     0.999954       596955     21845.33
        0.98     0.999957       596955     23405.71
        0.98     0.999960       596955     25206.15
        0.98     0.999963       596955     27306.67
        0.99     0.999966       596957     29789.09
        1.00     0.999969       596964     32768.00
        1.00     0.999971       596964     34492.63
        1.00     0.999973       596964     36408.89
        1.00     0.999974       596964     38550.59
        1.00     0.999976       596964     40960.00
        1.00     0.999977       596964     43690.67
        1.00     0.999979       596964     46811.43
        1.01     0.999980       596967     50412.31
        1.01     0.999982       596967     54613.33
        1.01     0.999983       596967     59578.18
        1.01     0.999985       596967     65536.00
        1.01     0.999986       596969     68985.26
        1.01     0.999986       596969     72817.78
        1.01     0.999987       596969     77101.18
        1.01     0.999988       596969     81920.00
        1.02     0.999989       596972     87381.33
        1.02     0.999989       596972     93622.86
        1.02     0.999990       596972    100824.62
        1.02     0.999991       596972    109226.67
        1.02     0.999992       596972    119156.36
        1.02     0.999992       596972    131072.00
        1.02     0.999993       596972    137970.53
        1.02     0.999993       596972    145635.56
        1.04     0.999994       596974    154202.35
        1.04     0.999994       596974    163840.00
        1.04     0.999994       596974    174762.67
        1.04     0.999995       596974    187245.71
        1.04     0.999995       596974    201649.23
        1.04     0.999995       596974    218453.33
        1.04     0.999996       596974    238312.73
        1.04     0.999996       596974    262144.00
        1.04     0.999996       596974    275941.05
        1.04     0.999997       596974    291271.11
        1.05     0.999997       596975    308404.71
        1.05     0.999997       596975    327680.00
        1.05     0.999997       596975    349525.33
        1.05     0.999997       596975    374491.43
        1.05     0.999998       596975    403298.46
        1.05     0.999998       596975    436906.67
        1.05     0.999998       596975    476625.45
        1.05     0.999998       596975    524288.00
        1.05     0.999998       596975    551882.11
        1.05     0.999998       596975    582542.22
        1.09     0.999998       596976    616809.41
        1.09     1.000000       596976          inf
#[Mean    =        0.401, StdDeviation   =        0.028]
#[Max     =        1.095, Total count    =       596976]
#[Buckets =           20, SubBuckets     =          256]
