       Value   Percentile   TotalCount 1/(1-Percentile)

        0.16     0.000000            5         1.00
        0.26     0.050000        47962         1.05
        0.26     0.100000        76063         1.11
        0.27     0.150000        99716         1.18
        0.31     0.200000       130158         1.25
        0.33     0.250000       166668         1.33
        0.34     0.300000       194357         1.43
        0.34     0.350000       222561         1.54
        0.36     0.400000       273717         1.67
        0.37     0.450000       288292         1.82
        0.38     0.500000       325489         2.00
        0.39     0.525000       359579         2.11
        0.39     0.550000       359579         2.22
        0.40     0.575000       399724         2.35
        0.40     0.600000       399724         2.50
        0.40     0.625000       399724         2.67
        0.41     0.650000       439100         2.86
        0.41     0.675000       439100         3.08
        0.41     0.700000       475856         3.33
        0.41     0.725000       475856         3.64
        0.41     0.750000       475856         4.00
        0.42     0.762500       505629         4.21
        0.42     0.775000       505629         4.44
        0.42     0.787500       505629         4.71
        0.42     0.800000       505629         5.00
        0.43     0.812500       524221         5.33
        0.43     0.825000       524221         5.71
        0.44     0.837500       533096         6.15
        0.45     0.850000       537356         6.67
        0.48     0.862500       543550         7.27
        0.54     0.875000       556623         8.00
        0.54     0.881250       556623         8.42
        0.55     0.887500       566635         8.89
        0.55     0.893750       566635         9.41
        0.56     0.900000       580471        10.00
        0.56     0.906250       580471        10.67
        0.56     0.912500       580471        11.43
        0.56     0.918750       580471        12.31
        0.57     0.925000       595972        13.33
        0.57     0.931250       595972        14.55
        0.57     0.937500       595972        16.00
        0.57     0.940625       595972        16.84
        0.57     0.943750       595972        17.78
        0.57     0.946875       609449        18.82
        0.57     0.950000       609449        20.00
        0.57     0.953125       609449        21.33
        0.57     0.956250       609449        22.86
        0.57     0.959375       609449        24.62
        0.57     0.962500       609449        26.67
        0.57     0.965625       609449        29.09
        0.58     0.968750       618578        32.00
        0.58     0.970313       618578        33.68
        0.58     0.971875       618578        35.56
        0.58     0.973437       618578        37.65
        0.58     0.975000       618578        40.00
        0.58     0.976562       618578        42.67
        0.58     0.978125       618578        45.71
        0.58     0.979688       618578        49.23
        0.58     0.981250       618578        53.33
        0.59     0.982812       623348        58.18
        0.59     0.984375       623348        64.00
        0.59     0.985156       623348        67.37
        0.59     0.985938       623348        71.11
        0.59     0.986719       623348        75.29
        0.59     0.987500       623348        80.00
        0.59     0.988281       623348        85.33
        0.59     0.989062       623348        91.43
        0.60     0.989844       625705        98.46
        0.60     0.990625       625705       106.67
        0.60     0.991406       625705       116.36
        0.60     0.992188       625705       128.00
        0.60     0.992578       625705       134.74
        0.60     0.992969       625705       142.22
        0.61     0.993359       626835       150.59
        0.61     0.993750       626835       160.00
        0.61     0.994141       626835       170.67
        0.61     0.994531       626835       182.86
        0.61     0.994922       626835       196.92
        0.61     0.995313       627447       213.33
        0.61     0.995703       627447       232.73
        0.61     0.996094       627447       256.00
        0.62     0.996289       627901       269.47
        0.62     0.996484       627901       284.44
        0.62     0.996680       627901       301.18
        0.63     0.996875       628220       320.00
        0.63     0.997070       628220       341.33
        0.63     0.997266       628220       365.71
        0.64     0.997461       628509       393.85
        0.64     0.997656       628509       426.67
        0.65     0.997852       628768       465.45
        0.65     0.998047       628768       512.00
        0.65     0.998145       628768       538.95
        0.66     0.998242       629005       568.89
        0.66     0.998340       629005       602.35
        0.66     0.998437       629005       640.00
        0.66     0.998535       629005       682.67
        0.66     0.998633       629209       731.43
        0.66     0.998730       629209       787.69
        0.66     0.998828       629209       853.33
        0.67     0.998926       629386       930.91
        0.67     0.999023       629386      1024.00
        0.67     0.999072       629386      1077.89
        0.67     0.999121       629386      1137.78
        0.67     0.999170       629386      1204.71
        0.68     0.999219       629536      1280.00
        0.68     0.999268       629536      1365.33
        0.68     0.999316       629536      1462.86
        0.68     0.999365       629536      1575.38
        0.68     0.999414       629536      1706.67
        0.69     0.999463       629652      1861.82
        0.69     0.999512       629652      2048.00
        0.69     0.999536       629652      2155.79
        0.69     0.999561       629652      2275.56
        0.69     0.999585       629652      2409.41
        0.69     0.999609       629652      2560.00
        0.69     0.999634       629717      2730.67
        0.69     0.999658       629717      2925.71
        0.69     0.999683       629717      3150.77
        0.69     0.999707       629717      3413.33
        0.70     0.999731       629762      3723.64
        0.70     0.999756       629762      4096.00
        0.70     0.999768       629762      4311.58
        0.70     0.999780       629762      4551.11
        0.70     0.999792       629762      4818.82
        0.71     0.999805       629787      5120.00
        0.71     0.999817       629787      5461.33
        0.71     0.999829       629787      5851.43
        0.72     0.999841       629808      6301.54
        0.72     0.999854       629808      6826.67
        0.72     0.999866       629808      7447.27
        0.73     0.999878       629816      8192.00
        0.74     0.999884       629819      8623.16
        0.76     0.999890       629823      9102.22
        0.77     0.999896       629825      9637.65
        0.78     0.999902       629829     10240.00
        0.85     0.999908       629833     10922.67
        0.94     0.999915       629837     11702.86
        1.30     0.999921       629841     12603.08
        1.43     0.999927       629844     13653.33
        2.10     0.999933       629848     14894.55
        2.14     0.999939       629853     16384.00
        2.16     0.999942       629855     17246.32
        2.19     0.999945       629856     18204.44
        2.24     0.999948       629859     19275.29
        2.25     0.999951       629862     20480.00
        2.25     0.999954       629862     21845.33
        2.38     0.999957       629864     23405.71
        2.48     0.999960       629866     25206.15
        2.50     0.999963       629867     27306.67
        2.58     0.999966       629869     29789.09
        2.62     0.999969       629872     32768.00
        2.62     0.999971       629872     34492.63
        2.64     0.999973       629873     36408.89
        2.65     0.999974       629874     38550.59
        2.69     0.999976       629875     40960.00
        2.70     0.999977       629876     43690.67
        2.85     0.999979       629877     46811.43
        2.90     0.999980       629878     50412.31
        2.99     0.999982       629879     54613.33
        3.13     0.999983       629880     59578.18
        3.17     0.999985       629882     65536.00
        3.17     0.999986       629882     68985.26
        3.17     0.999986       629882     72817.78
        3.17     0.999987       629882     77101.18
        3.23     0.999988       629884     81920.00
        3.23     0.999989       629884     87381.33
        3.23     0.999989       629884     93622.86
        3.23     0.999990       629884    100824.62
        3.25     0.999991       629886    109226.67
        3.25     0.999992       629886    119156.36
        3.25     0.999992       629886    131072.00
        3.25     0.999993       629886    137970.53
        3.25     0.999993       629886    145635.56
        3.25     0.999994       629886    154202.35
        3.33     0.999994       629887    163840.00
        3.33     0.999994       629887    174762.67
        3.33     0.999995       629887    187245.71
        3.33     0.999995       629887    201649.23
        3.34     0.999995       629888    218453.33
        3.34     0.999996       629888    238312.73
        3.34     0.999996       629888    262144.00
        3.34     0.999996       629888    275941.05
        3.34     0.999997       629888    291271.11
        3.34     0.999997       629888    308404.71
        3.36     0.999997       629889    327680.00
        3.36     0.999997       629889    349525.33
        3.36     0.999997       629889    374491.43
        3.36     0.999998       629889    403298.46
        3.36     0.999998       629889    436906.67
        3.36     0.999998       629889    476625.45
        3.36     0.999998       629889    524288.00
        3.36     0.999998       629889    551882.11
        3.36     0.999998       629889    582542.22
        3.36     0.999998       629889    616809.41
        3.49     0.999998       629890    655360.00
        3.49     1.000000       629890          inf
#[Mean    =        0.381, StdDeviation   =        0.094]
#[Max     =        3.487, Total count    =       629890]
#[Buckets =           20, SubBuckets     =          256]
