       Value   Percentile   TotalCount 1/(1-Percentile)

        0.16     0.000000            2         1.00
        0.22     0.050000        44328         1.05
        0.24     0.100000        88053         1.11
        0.26     0.150000       115799         1.18
        0.28     0.200000       156161         1.25
        0.29     0.250000       182659         1.33
        0.29     0.300000       214071         1.43
        0.30     0.350000       249357         1.54
        0.31     0.400000       283324         1.67
        0.33     0.450000       318920         1.82
        0.34     0.500000       381884         2.00
        0.34     0.525000       381884         2.11
        0.35     0.550000       426205         2.22
        0.35     0.575000       426205         2.35
        0.35     0.600000       426205         2.50
        0.36     0.625000       466885         2.67
        0.36     0.650000       466885         2.86
        0.37     0.675000       506127         3.08
        0.37     0.700000       506127         3.33
        0.38     0.725000       541543         3.64
        0.38     0.750000       541543         4.00
        0.38     0.762500       541543         4.21
        0.38     0.775000       567498         4.44
        0.38     0.787500       567498         4.71
        0.38     0.800000       567498         5.00
        0.39     0.812500       582933         5.33
        0.40     0.825000       592143         5.71
        0.40     0.837500       592143         6.15
        0.41     0.850000       600961         6.67
        0.44     0.862500       609656         7.27
        0.46     0.875000       620403         8.00
        0.47     0.881250       625004         8.42
        0.48     0.887500       633439         8.89
        0.48     0.893750       633439         9.41
        0.49     0.900000       647052        10.00
        0.49     0.906250       647052        10.67
        0.49     0.912500       647052        11.43
        0.49     0.918750       664742        12.31
        0.49     0.925000       664742        13.33
        0.49     0.931250       664742        14.55
        0.49     0.937500       664742        16.00
        0.49     0.940625       664742        16.84
        0.50     0.943750       681052        17.78
        0.50     0.946875       681052        18.82
        0.50     0.950000       681052        20.00
        0.50     0.953125       681052        21.33
        0.50     0.956250       681052        22.86
        0.50     0.959375       681052        24.62
        0.50     0.962500       681052        26.67
        0.51     0.965625       691888        29.09
        0.51     0.968750       691888        32.00
        0.51     0.970313       691888        33.68
        0.51     0.971875       691888        35.56
        0.51     0.973437       691888        37.65
        0.51     0.975000       691888        40.00
        0.51     0.976562       691888        42.67
        0.51     0.978125       691888        45.71
        0.52     0.979688       697462        49.23
        0.52     0.981250       697462        53.33
        0.52     0.982812       697462        58.18
        0.52     0.984375       697462        64.00
        0.52     0.985156       697462        67.37
        0.52     0.985938       697462        71.11
        0.52     0.986719       697462        75.29
        0.53     0.987500       700279        80.00
        0.53     0.988281       700279        85.33
        0.53     0.989062       700279        91.43
        0.53     0.989844       700279        98.46
        0.53     0.990625       700279       106.67
        0.54     0.991406       701899       116.36
        0.54     0.992188       701899       128.00
        0.54     0.992578       701899       134.74
        0.54     0.992969       701899       142.22
        0.54     0.993359       702900       150.59
        0.54     0.993750       702900       160.00
        0.54     0.994141       702900       170.67
        0.54     0.994531       702900       182.86
        0.55     0.994922       703550       196.92
        0.55     0.995313       703550       213.33
        0.56     0.995703       704038       232.73
        0.56     0.996094       704038       256.00
        0.56     0.996289       704038       269.47
        0.57     0.996484       704463       284.44
        0.57     0.996680       704463       301.18
        0.57     0.996875       704463       320.00
        0.57     0.997070       704771       341.33
        0.57     0.997266       704771       365.71
        0.58     0.997461       705066       393.85
        0.58     0.997656       705066       426.67
        0.59     0.997852       705365       465.45
        0.59     0.998047       705365       512.00
        0.59     0.998145       705365       538.95
        0.60     0.998242       705624       568.89
        0.60     0.998340       705624       602.35
        0.60     0.998437       705624       640.00
        0.60     0.998535       705624       682.67
        0.61     0.998633       705836       731.43
        0.61     0.998730       705836       787.69
        0.61     0.998828       705836       853.33
        0.61     0.998926       706032       930.91
        0.61     0.999023       706032      1024.00
        0.61     0.999072       706032      1077.89
        0.61     0.999121       706032      1137.78
        0.61     0.999170       706032      1204.71
        0.62     0.999219       706178      1280.00
        0.62     0.999268       706178      1365.33
        0.62     0.999316       706178      1462.86
        0.62     0.999365       706178      1575.38
        0.63     0.999414       706290      1706.67
        0.63     0.999463       706290      1861.82
        0.63     0.999512       706290      2048.00
        0.63     0.999536       706290      2155.79
        0.64     0.999561       706358      2275.56
        0.64     0.999585       706358      2409.41
        0.64     0.999609       706358      2560.00
        0.65     0.999634       706403      2730.67
        0.65     0.999658       706403      2925.71
        0.65     0.999683       706403      3150.77
        0.66     0.999707       706421      3413.33
        0.66     0.999731       706430      3723.64
        0.69     0.999756       706447      4096.00
        0.70     0.999768       706456      4311.58
        0.72     0.999780       706463      4551.11
        0.73     0.999792       706472      4818.82
        0.75     0.999805       706484      5120.00
        0.76     0.999817       706491      5461.33
        0.78     0.999829       706502      5851.43
        0.78     0.999841       706511      6301.54
        0.79     0.999854       706517      6826.67
        0.81     0.999866       706529      7447.27
        0.81     0.999878       706537      8192.00
        0.81     0.999884       706537      8623.16
        0.83     0.999890       706542      9102.22
        0.84     0.999896       706544      9637.65
        0.86     0.999902       706551     10240.00
        0.88     0.999908       706553     10922.67
        0.97     0.999915       706557     11702.86
        1.51     0.999921       706561     12603.08
        1.62     0.999927       706566     13653.33
        2.45     0.999933       706570     14894.55
        2.58     0.999939       706574     16384.00
        2.62     0.999942       706577     17246.32
        2.65     0.999945       706582     18204.44
        2.65     0.999948       706582     19275.29
        2.67     0.999951       706584     20480.00
        2.69     0.999954       706586     21845.33
        2.70     0.999957       706587     23405.71
        2.73     0.999960       706590     25206.15
        2.77     0.999963       706592     27306.67
        2.80     0.999966       706595     29789.09
        2.81     0.999969       706598     32768.00
        2.81     0.999971       706598     34492.63
        2.81     0.999973       706598     36408.89
        2.83     0.999974       706600     38550.59
        2.83     0.999976       706600     40960.00
        2.90     0.999977       706602     43690.67
        2.90     0.999979       706602     46811.43
        2.94     0.999980       706604     50412.31
        3.02     0.999982       706605     54613.33
        3.04     0.999983       706606     59578.18
        3.06     0.999985       706607     65536.00
        3.06     0.999986       706607     68985.26
        3.10     0.999986       706609     72817.78
        3.10     0.999987       706609     77101.18
        3.10     0.999988       706609     81920.00
        3.10     0.999989       706609     87381.33
        3.12     0.999989       706610     93622.86
        3.12     0.999990       706610    100824.62
        3.13     0.999991       706611    109226.67
        3.17     0.999992       706613    119156.36
        3.17     0.999992       706613    131072.00
        3.17     0.999993       706613    137970.53
        3.17     0.999993       706613    145635.56
        3.17     0.999994       706613    154202.35
        3.17     0.999994       706613    163840.00
        3.17     0.999994       706613    174762.67
        3.20     0.999995       706614    187245.71
        3.20     0.999995       706614    201649.23
        3.20     0.999995       706614    218453.33
        3.29     0.999996       706615    238312.73
        3.29     0.999996       706615    262144.00
        3.29     0.999996       706615    275941.05
        3.29     0.999997       706615    291271.11
        3.29     0.999997       706615    308404.71
        3.29     0.999997       706615    327680.00
        3.29     0.999997       706615    349525.33
        3.31     0.999997       706616    374491.43
        3.31     0.999998       706616    403298.46
        3.31     0.999998       706616    436906.67
        3.31     0.999998       706616    476625.45
        3.31     0.999998       706616    524288.00
        3.31     0.999998       706616    551882.11
        3.31     0.999998       706616    582542.22
        3.31     0.999998       706616    616809.41
        3.31     0.999998       706616    655360.00
        3.31     0.999999       706616    699050.67
        3.33     0.999999       706617    748982.86
        3.33     1.000000       706617          inf
#[Mean    =        0.340, StdDeviation   =        0.083]
#[Max     =        3.327, Total count    =       706617]
#[Buckets =           20, SubBuckets     =          256]
