       Value   Percentile   TotalCount 1/(1-Percentile)

        0.15     0.000000            1         1.00
        0.34     0.050000        32031         1.05
        0.36     0.100000        95317         1.11
        0.36     0.150000        95317         1.18
        0.37     0.200000       150368         1.25
        0.38     0.250000       219810         1.33
        0.38     0.300000       219810         1.43
        0.38     0.350000       219810         1.54
        0.38     0.400000       298382         1.67
        0.38     0.450000       298382         1.82
        0.39     0.500000       377719         2.00
        0.39     0.525000       377719         2.11
        0.39     0.550000       377719         2.22
        0.39     0.575000       377719         2.35
        0.39     0.600000       377719         2.50
        0.40     0.625000       448709         2.67
        0.40     0.650000       448709         2.86
        0.40     0.675000       448709         3.08
        0.40     0.700000       448709         3.33
        0.41     0.725000       505158         3.64
        0.41     0.750000       505158         4.00
        0.41     0.762500       505158         4.21
        0.41     0.775000       505158         4.44
        0.41     0.787500       505158         4.71
        0.41     0.800000       505158         5.00
        0.41     0.812500       505158         5.33
        0.41     0.825000       547236         5.71
        0.41     0.837500       547236         6.15
        0.41     0.850000       547236         6.67
        0.41     0.862500       547236         7.27
        0.41     0.875000       547236         8.00
        0.42     0.881250       576397         8.42
        0.42     0.887500       576397         8.89
        0.42     0.893750       576397         9.41
        0.42     0.900000       576397        10.00
        0.42     0.906250       576397        10.67
        0.42     0.912500       576397        11.43
        0.42     0.918750       576397        12.31
        0.42     0.925000       576397        13.33
        0.43     0.931250       595835        14.55
        0.43     0.937500       595835        16.00
        0.43     0.940625       595835        16.84
        0.43     0.943750       595835        17.78
        0.43     0.946875       595835        18.82
        0.43     0.950000       595835        20.00
        0.43     0.953125       595835        21.33
        0.43     0.956250       595835        22.86
        0.44     0.959375       607612        24.62
        0.44     0.962500       607612        26.67
        0.44     0.965625       607612        29.09
        0.44     0.968750       607612        32.00
        0.44     0.970313       607612        33.68
        0.44     0.971875       607612        35.56
        0.44     0.973437       607612        37.65
        0.44     0.975000       607612        40.00
        0.44     0.976562       607612        42.67
        0.45     0.978125       614217        45.71
        0.45     0.979688       614217        49.23
        0.45     0.981250       614217        53.33
        0.45     0.982812       614217        58.18
        0.45     0.984375       614217        64.00
        0.45     0.985156       614217        67.37
        0.45     0.985938       614217        71.11
        0.45     0.986719       614217        75.29
        0.45     0.987500       614217        80.00
        0.45     0.988281       614217        85.33
        0.46     0.989062       617706        91.43
        0.46     0.989844       617706        98.46
        0.46     0.990625       617706       106.67
        0.46     0.991406       617706       116.36
        0.46     0.992188       617706       128.00
        0.46     0.992578       617706       134.74
        0.46     0.992969       617706       142.22
        0.46     0.993359       617706       150.59
        0.46     0.993750       617706       160.00
        0.46     0.994141       619407       170.67
        0.46     0.994531       619407       182.86
        0.46     0.994922       619407       196.92
        0.46     0.995313       619407       213.33
        0.46     0.995703       619407       232.73
        0.46     0.996094       619407       256.00
        0.46     0.996289       619407       269.47
        0.46     0.996484       619407       284.44
        0.46     0.996680       619407       301.18
        0.47     0.996875       620186       320.00
        0.47     0.997070       620186       341.33
        0.47     0.997266       620186       365.71
        0.47     0.997461       620186       393.85
        0.47     0.997656       620186       426.67
        0.47     0.997852       620186       465.45
        0.47     0.998047       620186       512.00
        0.48     0.998145       620552       538.95
        0.48     0.998242       620552       568.89
        0.48     0.998340       620552       602.35
        0.48     0.998437       620552       640.00
        0.48     0.998535       620552       682.67
        0.48     0.998633       620552       731.43
        0.49     0.998730       620745       787.69
        0.49     0.998828       620745       853.33
        0.49     0.998926       620745       930.91
        0.49     0.999023       620845      1024.00
        0.49     0.999072       620845      1077.89
        0.49     0.999121       620845      1137.78
        0.50     0.999170       620899      1204.71
        0.50     0.999219       620899      1280.00
        0.51     0.999268       620930      1365.33
        0.53     0.999316       620974      1462.86
        0.54     0.999365       620989      1575.38
        0.55     0.999414       621027      1706.67
        0.57     0.999463       621052      1861.82
        0.59     0.999512       621078      2048.00
        0.61     0.999536       621096      2155.79
        0.62     0.999561       621108      2275.56
        0.66     0.999585       621131      2409.41
        0.68     0.999609       621142      2560.00
        0.69     0.999634       621154      2730.67
        0.71     0.999658       621172      2925.71
        0.72     0.999683       621184      3150.77
        0.73     0.999707       621207      3413.33
        0.74     0.999731       621217      3723.64
        0.76     0.999756       621237      4096.00
        0.76     0.999768       621237      4311.58
        0.78     0.999780       621246      4551.11
        0.79     0.999792       621253      4818.82
        0.82     0.999805       621261      5120.00
        0.85     0.999817       621268      5461.33
        0.88     0.999829       621290      5851.43
        0.88     0.999841       621290      6301.54
        0.88     0.999854       621290      6826.67
        0.89     0.999866       621302      7447.27
        0.90     0.999878       621314      8192.00
        0.90     0.999884       621314      8623.16
        0.90     0.999890       621314      9102.22
        0.90     0.999896       621323      9637.65
        0.90     0.999902       621323     10240.00
        0.91     0.999908       621333     10922.67
        0.91     0.999915       621333     11702.86
        0.91     0.999921       621333     12603.08
        0.92     0.999927       621344     13653.33
        0.92     0.999933       621344     14894.55
        0.92     0.999939       621344     16384.00
        0.93     0.999942       621350     17246.32
        0.93     0.999945       621350     18204.44
        0.93     0.999948       621350     19275.29
        0.94     0.999951       621352     20480.00
        0.94     0.999954       621356     21845.33
        0.94     0.999957       621356     23405.71
        0.95     0.999960       621360     25206.15
        0.95     0.999963       621360     27306.67
        0.96     0.999966       621363     29789.09
        0.96     0.999969       621363     32768.00
        0.96     0.999971       621363     34492.63
        0.97     0.999973       621366     36408.89
        0.97     0.999974       621366     38550.59
        0.97     0.999976       621366     40960.00
        0.97     0.999977       621368     43690.67
        0.97     0.999979       621368     46811.43
        0.98     0.999980       621370     50412.31
        0.98     0.999982       621370     54613.33
        0.99     0.999983       621374     59578.18
        0.99     0.999985       621374     65536.00
        0.99     0.999986       621374     68985.26
        0.99     0.999986       621374     72817.78
        0.99     0.999987       621374     77101.18
        0.99     0.999988       621374     81920.00
        0.99     0.999989       621374     87381.33
        1.00     0.999989       621375     93622.86
        1.00     0.999990       621375    100824.62
        1.01     0.999991       621378    109226.67
        1.01     0.999992       621378    119156.36
        1.01     0.999992       621378    131072.00
        1.01     0.999993       621378    137970.53
        1.01     0.999993       621378    145635.56
        1.01     0.999994       621378    154202.35
        1.01     0.999994       621378    163840.00
        1.01     0.999994       621378    174762.67
        1.01     0.999995       621378    187245.71
        1.01     0.999995       621378    201649.23
        1.01     0.999995       621380    218453.33
        1.01     0.999996       621380    238312.73
        1.01     0.999996       621380    262144.00
        1.01     0.999996       621380    275941.05
        1.01     0.999997       621380    291271.11
        1.01     0.999997       621380    308404.71
        1.01     0.999997       621380    327680.00
        1.01     0.999997       621380    349525.33
        1.01     0.999997       621380    374491.43
        1.01     0.999998       621380    403298.46
        1.01     0.999998       621380    436906.67
        1.01     0.999998       621380    476625.45
        1.01     0.999998       621380    524288.00
        1.01     0.999998       621380    551882.11
        1.01     0.999998       621380    582542.22
        1.01     0.999998       621380    616809.41
        1.17     0.999998       621381    655360.00
        1.17     1.000000       621381          inf
#[Mean    =        0.386, StdDeviation   =        0.029]
#[Max     =        1.167, Total count    =       621381]
#[Buckets =           20, SubBuckets     =          256]
