       Value   Percentile   TotalCount 1/(1-Percentile)

        0.17     0.000000            1         1.00
        0.27     0.050000        48910         1.05
        0.28     0.100000        70485         1.11
        0.31     0.150000        90685         1.18
        0.34     0.200000       129321         1.25
        0.34     0.250000       158428         1.33
        0.35     0.300000       188450         1.43
        0.36     0.350000       218240         1.54
        0.37     0.400000       243800         1.67
        0.39     0.450000       288341         1.82
        0.40     0.500000       316397         2.00
        0.41     0.525000       353380         2.11
        0.41     0.550000       353380         2.22
        0.41     0.575000       353380         2.35
        0.41     0.600000       393499         2.50
        0.41     0.625000       393499         2.67
        0.41     0.650000       393499         2.86
        0.42     0.675000       433842         3.08
        0.42     0.700000       433842         3.33
        0.43     0.725000       471183         3.64
        0.43     0.750000       471183         4.00
        0.43     0.762500       471183         4.21
        0.43     0.775000       471183         4.44
        0.44     0.787500       496765         4.71
        0.44     0.800000       496765         5.00
        0.44     0.812500       496765         5.33
        0.45     0.825000       508792         5.71
        0.45     0.837500       508792         6.15
        0.46     0.850000       512985         6.67
        0.54     0.862500       520646         7.27
        0.56     0.875000       531523         8.00
        0.56     0.881250       531523         8.42
        0.57     0.887500       543402         8.89
        0.57     0.893750       543402         9.41
        0.57     0.900000       543402        10.00
        0.57     0.906250       559198        10.67
        0.57     0.912500       559198        11.43
        0.57     0.918750       559198        12.31
        0.57     0.925000       559198        13.33
        0.58     0.931250       575720        14.55
        0.58     0.937500       575720        16.00
        0.58     0.940625       575720        16.84
        0.58     0.943750       575720        17.78
        0.58     0.946875       575720        18.82
        0.58     0.950000       575720        20.00
        0.58     0.953125       575720        21.33
        0.59     0.956250       588618        22.86
        0.59     0.959375       588618        24.62
        0.59     0.962500       588618        26.67
        0.59     0.965625       588618        29.09
        0.59     0.968750       588618        32.00
        0.59     0.970313       588618        33.68
        0.59     0.971875       588618        35.56
        0.59     0.973437       588618        37.65
        0.59     0.975000       588618        40.00
        0.60     0.976562       596528        42.67
        0.60     0.978125       596528        45.71
        0.60     0.979688       596528        49.23
        0.60     0.981250       596528        53.33
        0.60     0.982812       596528        58.18
        0.60     0.984375       596528        64.00
        0.60     0.985156       596528        67.37
        0.60     0.985938       596528        71.11
        0.60     0.986719       596528        75.29
        0.60     0.987500       596528        80.00
        0.60     0.988281       596528        85.33
        0.60     0.989062       596528        91.43
        0.61     0.989844       600299        98.46
        0.61     0.990625       600299       106.67
        0.61     0.991406       600299       116.36
        0.61     0.992188       600299       128.00
        0.61     0.992578       600299       134.74
        0.61     0.992969       600299       142.22
        0.61     0.993359       600299       150.59
        0.61     0.993750       600299       160.00
        0.61     0.994141       600299       170.67
        0.61     0.994531       600299       182.86
        0.61     0.994922       600299       196.92
        0.61     0.995313       600299       213.33
        0.61     0.995703       601719       232.73
        0.61     0.996094       601719       256.00
        0.61     0.996289       601719       269.47
        0.61     0.996484       601719       284.44
        0.61     0.996680       601719       301.18
        0.61     0.996875       601719       320.00
        0.61     0.997070       601719       341.33
        0.61     0.997266       601719       365.71
        0.61     0.997461       601719       393.85
        0.61     0.997656       601719       426.67
        0.62     0.997852       602169       465.45
        0.62     0.998047       602169       512.00
        0.62     0.998145       602169       538.95
        0.62     0.998242       602169       568.89
        0.62     0.998340       602169       602.35
        0.62     0.998437       602169       640.00
        0.63     0.998535       602311       682.67
        0.63     0.998633       602311       731.43
        0.63     0.998730       602311       787.69
        0.64     0.998828       602374       853.33
        0.66     0.998926       602442       930.91
        0.69     0.999023       602504      1024.00
        0.69     0.999072       602530      1077.89
        0.70     0.999121       602545      1137.78
        0.72     0.999170       602581      1204.71
        0.73     0.999219       602609      1280.00
        0.75     0.999268       602636      1365.33
        0.77     0.999316       602670      1462.86
        0.78     0.999365       602694      1575.38
        0.80     0.999414       602728      1706.67
        0.81     0.999463       602766      1861.82
        0.82     0.999512       602785      2048.00
        0.83     0.999536       602796      2155.79
        0.84     0.999561       602811      2275.56
        0.85     0.999585       602832      2409.41
        0.86     0.999609       602843      2560.00
        0.87     0.999634       602863      2730.67
        0.88     0.999658       602873      2925.71
        0.90     0.999683       602897      3150.77
        0.90     0.999707       602916      3413.33
        0.90     0.999731       602916      3723.64
        0.91     0.999756       602927      4096.00
        0.92     0.999768       602939      4311.58
        0.93     0.999780       602945      4551.11
        0.94     0.999792       602951      4818.82
        0.94     0.999805       602963      5120.00
        0.95     0.999817       602973      5461.33
        0.95     0.999829       602973      5851.43
        0.96     0.999841       602981      6301.54
        0.97     0.999854       602987      6826.67
        0.99     0.999866       602999      7447.27
        1.00     0.999878       603001      8192.00
        1.01     0.999884       603007      8623.16
        1.01     0.999890       603009      9102.22
        1.03     0.999896       603013      9637.65
        1.04     0.999902       603019     10240.00
        1.04     0.999908       603019     10922.67
        1.05     0.999915       603023     11702.86
        1.06     0.999921       603029     12603.08
        1.07     0.999927       603033     13653.33
        1.08     0.999933       603034     14894.55
        1.09     0.999939       603038     16384.00
        1.15     0.999942       603040     17246.32
        1.17     0.999945       603041     18204.44
        1.19     0.999948       603043     19275.29
        1.25     0.999951       603046     20480.00
        1.27     0.999954       603047     21845.33
        1.34     0.999957       603051     23405.71
        1.34     0.999960       603051     25206.15
        1.35     0.999963       603052     27306.67
        1.37     0.999966       603054     29789.09
        1.40     0.999969       603057     32768.00
        1.40     0.999971       603057     34492.63
        1.41     0.999973       603060     36408.89
        1.41     0.999974       603060     38550.59
        1.41     0.999976       603060     40960.00
        1.42     0.999977       603061     43690.67
        1.44     0.999979       603063     46811.43
        1.44     0.999980       603063     50412.31
        1.44     0.999982       603063     54613.33
        1.47     0.999983       603066     59578.18
        1.47     0.999985       603066     65536.00
        1.47     0.999986       603066     68985.26
        1.47     0.999986       603066     72817.78
        1.49     0.999987       603067     77101.18
        1.49     0.999988       603067     81920.00
        1.50     0.999989       603068     87381.33
        1.50     0.999989       603068     93622.86
        1.51     0.999990       603069    100824.62
        1.51     0.999991       603069    109226.67
        1.51     0.999992       603069    119156.36
        1.53     0.999992       603070    131072.00
        1.53     0.999993       603070    137970.53
        1.53     0.999993       603070    145635.56
        1.56     0.999994       603071    154202.35
        1.56     0.999994       603071    163840.00
        1.56     0.999994       603071    174762.67
        1.56     0.999995       603071    187245.71
        1.58     0.999995       603072    201649.23
        1.58     0.999995       603072    218453.33
        1.58     0.999996       603072    238312.73
        1.58     0.999996       603072    262144.00
        1.58     0.999996       603072    275941.05
        1.58     0.999997       603072    291271.11
        1.61     0.999997       603073    308404.71
        1.61     0.999997       603073    327680.00
        1.61     0.999997       603073    349525.33
        1.61     0.999997       603073    374491.43
        1.61     0.999998       603073    403298.46
        1.61     0.999998       603073    436906.67
        1.61     0.999998       603073    476625.45
        1.61     0.999998       603073    524288.00
        1.61     0.999998       603073    551882.11
        1.61     0.999998       603073    582542.22
        1.61     0.999998       603074    616809.41
        1.61     1.000000       603074          inf
#[Mean    =        0.398, StdDeviation   =        0.091]
#[Max     =        1.615, Total count    =       603074]
#[Buckets =           20, SubBuckets     =          256]
