       Value   Percentile   TotalCount 1/(1-Percentile)

        0.23     0.000000            1         1.00
        0.41     0.050000        23482         1.05
        0.44     0.100000        39839         1.11
        0.49     0.150000        60874         1.18
        0.51     0.200000        78056         1.25
        0.53     0.250000        98513         1.33
        0.54     0.300000       123351         1.43
        0.56     0.350000       145440         1.54
        0.57     0.400000       161819         1.67
        0.59     0.450000       175166         1.82
        0.61     0.500000       200999         2.00
        0.62     0.525000       212248         2.11
        0.63     0.550000       224675         2.22
        0.63     0.575000       224675         2.35
        0.64     0.600000       237692         2.50
        0.65     0.625000       250938         2.67
        0.66     0.650000       264420         2.86
        0.66     0.675000       264420         3.08
        0.66     0.700000       276894         3.33
        0.67     0.725000       288178         3.64
        0.68     0.750000       297958         4.00
        0.68     0.762500       297958         4.21
        0.69     0.775000       306156         4.44
        0.69     0.787500       312717         4.71
        0.69     0.800000       312717         5.00
        0.70     0.812500       317808         5.33
        0.71     0.825000       321745         5.71
        0.73     0.837500       326866         6.15
        0.75     0.850000       331046         6.67
        0.80     0.862500       336092         7.27
        0.82     0.875000       341268         8.00
        0.83     0.881250       344009         8.42
        0.84     0.887500       347163         8.89
        0.85     0.893750       351015         9.41
        0.85     0.900000       351015        10.00
        0.85     0.906250       355185        10.67
        0.85     0.912500       355185        11.43
        0.86     0.918750       359633        12.31
        0.87     0.925000       364159        13.33
        0.87     0.931250       364159        14.55
        0.88     0.937500       368591        16.00
        0.88     0.940625       368591        16.84
        0.88     0.943750       368591        17.78
        0.88     0.946875       368591        18.82
        0.89     0.950000       372673        20.00
        0.89     0.953125       372673        21.33
        0.89     0.956250       372673        22.86
        0.90     0.959375       376289        24.62
        0.90     0.962500       376289        26.67
        0.90     0.965625       376289        29.09
        0.90     0.968750       379269        32.00
        0.90     0.970313       379269        33.68
        0.90     0.971875       379269        35.56
        0.90     0.973437       379269        37.65
        0.90     0.975000       379269        40.00
        0.91     0.976562       381626        42.67
        0.91     0.978125       381626        45.71
        0.91     0.979688       381626        49.23
        0.91     0.981250       381626        53.33
        0.92     0.982812       383342        58.18
        0.92     0.984375       383342        64.00
        0.92     0.985156       383342        67.37
        0.93     0.985938       384585        71.11
        0.93     0.986719       384585        75.29
        0.93     0.987500       384585        80.00
        0.93     0.988281       384585        85.33
        0.94     0.989062       385554        91.43
        0.94     0.989844       385554        98.46
        0.94     0.990625       385554       106.67
        0.94     0.991406       386233       116.36
        0.94     0.992188       386233       128.00
        0.94     0.992578       386233       134.74
        0.94     0.992969       386233       142.22
        0.95     0.993359       386715       150.59
        0.95     0.993750       386715       160.00
        0.95     0.994141       386715       170.67
        0.96     0.994531       387099       182.86
        0.96     0.994922       387099       196.92
        0.96     0.995313       387099       213.33
        0.97     0.995703       387390       232.73
        0.97     0.996094       387609       256.00
        0.97     0.996289       387609       269.47
        0.97     0.996484       387609       284.44
        0.98     0.996680       387804       301.18
        0.98     0.996875       387804       320.00
        0.98     0.997070       387804       341.33
        0.99     0.997266       387977       365.71
        0.99     0.997461       387977       393.85
        1.00     0.997656       388106       426.67
        1.00     0.997852       388106       465.45
        1.01     0.998047       388224       512.00
        1.01     0.998145       388224       538.95
        1.01     0.998242       388330       568.89
        1.01     0.998340       388330       602.35
        1.01     0.998437       388330       640.00
        1.02     0.998535       388420       682.67
        1.02     0.998633       388420       731.43
        1.02     0.998730       388420       787.69
        1.03     0.998828       388488       853.33
        1.04     0.998926       388568       930.91
        1.04     0.999023       388568      1024.00
        1.04     0.999072       388568      1077.89
        1.05     0.999121       388630      1137.78
        1.05     0.999170       388630      1204.71
        1.05     0.999219       388630      1280.00
        1.05     0.999268       388630      1365.33
        1.05     0.999316       388673      1462.86
        1.05     0.999365       388673      1575.38
        1.06     0.999414       388720      1706.67
        1.06     0.999463       388720      1861.82
        1.07     0.999512       388748      2048.00
        1.07     0.999536       388748      2155.79
        1.07     0.999561       388748      2275.56
        1.08     0.999585       388766      2409.41
        1.08     0.999609       388766      2560.00
        1.09     0.999634       388784      2730.67
        1.09     0.999658       388784      2925.71
        1.09     0.999683       388799      3150.77
        1.09     0.999707       388799      3413.33
        1.10     0.999731       388809      3723.64
        1.11     0.999756       388818      4096.00
        1.12     0.999768       388823      4311.58
        1.14     0.999780       388830      4551.11
        1.14     0.999792       388830      4818.82
        1.18     0.999805       388838      5120.00
        1.18     0.999817       388840      5461.33
        1.20     0.999829       388845      5851.43
        1.21     0.999841       388849      6301.54
        1.25     0.999854       388854      6826.67
        2.30     0.999866       388858      7447.27
        3.65     0.999878       388863      8192.00
        3.66     0.999884       388865      8623.16
        3.69     0.999890       388868      9102.22
        3.77     0.999896       388870      9637.65
        3.82     0.999902       388873     10240.00
        3.84     0.999908       388876     10922.67
        3.85     0.999915       388877     11702.86
        3.92     0.999921       388880     12603.08
        4.00     0.999927       388882     13653.33
        4.08     0.999933       388884     14894.55
        4.29     0.999939       388887     16384.00
        4.35     0.999942       388888     17246.32
        4.38     0.999945       388889     18204.44
        4.42     0.999948       388890     19275.29
        4.48     0.999951       388892     20480.00
        4.54     0.999954       388893     21845.33
        4.58     0.999957       388894     23405.71
        4.64     0.999960       388895     25206.15
        4.70     0.999963       388896     27306.67
        4.86     0.999966       388897     29789.09
        6.40     0.999969       388900     32768.00
        6.40     0.999971       388900     34492.63
        6.40     0.999973       388900     36408.89
        6.40     0.999974       388900     38550.59
        6.43     0.999976       388901     40960.00
        6.59     0.999977       388902     43690.67
        6.59     0.999979       388902     46811.43
        6.62     0.999980       388903     50412.31
        6.62     0.999982       388903     54613.33
        6.66     0.999983       388904     59578.18
        6.69     0.999985       388905     65536.00
        6.69     0.999986       388905     68985.26
        6.69     0.999986       388905     72817.78
        6.69     0.999987       388905     77101.18
        6.72     0.999988       388906     81920.00
        6.72     0.999989       388906     87381.33
        6.72     0.999989       388906     93622.86
        6.82     0.999990       388908    100824.62
        6.82     0.999991       388908    109226.67
        6.82     0.999992       388908    119156.36
        6.82     0.999992       388908    131072.00
        6.82     0.999993       388908    137970.53
        6.82     0.999993       388908    145635.56
        6.82     0.999994       388908    154202.35
        6.82     0.999994       388908    163840.00
        6.82     0.999994       388908    174762.67
        6.82     0.999995       388908    187245.71
        6.91     0.999995       388909    201649.23
        6.91     0.999995       388909    218453.33
        6.91     0.999996       388909    238312.73
        6.91     0.999996       388909    262144.00
        6.91     0.999996       388909    275941.05
        6.91     0.999997       388909    291271.11
        6.91     0.999997       388909    308404.71
        6.91     0.999997       388909    327680.00
        6.91     0.999997       388909    349525.33
        6.91     0.999997       388909    374491.43
        7.01     0.999998       388910    403298.46
        7.01     1.000000       388910          inf
#[Mean    =        0.616, StdDeviation   =        0.143]
#[Max     =        7.007, Total count    =       388910]
#[Buckets =           20, SubBuckets     =          256]
