       Value   Percentile   TotalCount 1/(1-Percentile)

        0.12     0.000000           40         1.00
        0.26     0.050000       797120         1.05
        0.33     0.100000      1548650         1.11
        0.75     0.150000      2243410         1.18
        0.96     0.200000      2997430         1.25
        1.09     0.250000      3768300         1.33
        1.14     0.300000      4629770         1.43
        1.16     0.350000      5279480         1.54
        1.18     0.400000      6137110         1.67
        1.20     0.450000      6789070         1.82
        1.22     0.500000      7734990         2.00
        1.23     0.525000      8026580         2.11
        1.24     0.550000      8311850         2.22
        1.25     0.575000      8867090         2.35
        1.26     0.600000      9138570         2.50
        1.27     0.625000      9413050         2.67
        1.29     0.650000      9952000         2.86
        1.29     0.675000     10208810         3.08
        1.31     0.700000     10691210         3.33
        1.32     0.725000     10912960         3.64
        1.33     0.750000     11313400         4.00
        1.34     0.762500     11486140         4.21
        1.35     0.775000     11640340         4.44
        1.36     0.787500     11779420         4.71
        1.38     0.800000     12009950         5.00
        1.39     0.812500     12184480         5.33
        1.42     0.825000     12365240         5.71
        1.45     0.837500     12537870         6.15
        1.49     0.850000     12714990         6.67
        1.53     0.862500     12899180         7.27
        1.59     0.875000     13111530         8.00
        1.61     0.881250     13176170         8.42
        1.63     0.887500     13269060         8.89
        1.66     0.893750     13392550         9.41
        1.69     0.900000     13485360        10.00
        1.71     0.906250     13575130        10.67
        1.74     0.912500     13663660        11.43
        1.76     0.918750     13753000        12.31
        1.78     0.925000     13847840        13.33
        1.81     0.931250     13944770        14.55
        1.83     0.937500     14042090        16.00
        1.84     0.940625     14073440        16.84
        1.85     0.943750     14136260        17.78
        1.86     0.946875     14167150        18.82
        1.88     0.950000     14228580        20.00
        1.89     0.953125     14258950        21.33
        1.90     0.956250     14320080        22.86
        1.91     0.959375     14348420        24.62
        1.93     0.962500     14401030        26.67
        1.94     0.965625     14450070        29.09
        1.96     0.968750     14495220        32.00
        1.97     0.970313     14516190        33.68
        1.98     0.971875     14536060        35.56
        1.99     0.973437     14569620        37.65
        2.00     0.975000     14584200        40.00
        2.02     0.976562     14609410        42.67
        2.03     0.978125     14629940        45.71
        2.06     0.979688     14660030        49.23
        2.10     0.981250     14677940        53.33
        2.16     0.982812     14697610        58.18
        2.29     0.984375     14719490        64.00
        2.37     0.985156     14730050        67.37
        2.46     0.985938     14742010        71.11
        2.58     0.986719     14752840        75.29
        2.73     0.987500     14764710        80.00
        3.02     0.988281     14776300        85.33
        3.49     0.989062     14787570        91.43
        4.16     0.989844     14799690        98.46
        5.05     0.990625     14810920       106.67
        6.14     0.991406     14822710       116.36
        6.97     0.992188     14834250       128.00
        7.39     0.992578     14840530       134.74
        7.68     0.992969     14845930       142.22
        8.03     0.993359     14851990       150.59
        8.45     0.993750     14858190       160.00
        8.83     0.994141     14863770       170.67
        9.28     0.994531     14869870       182.86
        9.79     0.994922     14875230       196.92
       10.43     0.995313     14881290       213.33
       11.52     0.995703     14886930       232.73
       14.14     0.996094     14892750       256.00
       15.23     0.996289     14895610       269.47
       16.25     0.996484     14898560       284.44
       16.77     0.996680     14902110       301.18
       17.15     0.996875     14904720       320.00
       18.30     0.997070     14907520       341.33
       19.71     0.997266     14910280       365.71
       20.35     0.997461     14913330       393.85
       20.86     0.997656     14917290       426.67
       21.50     0.997852     14919140       465.45
       22.53     0.998047     14921980       512.00
       23.68     0.998145     14923350       538.95
       24.19     0.998242     14924770       568.89
       24.32     0.998340     14931590       602.35
       24.32     0.998437     14931590       640.00
       24.32     0.998535     14931590       682.67
       24.32     0.998633     14931590       731.43
       24.45     0.998730     14937580       787.69
       24.45     0.998828     14937580       853.33
       24.45     0.998926     14937580       930.91
       24.45     0.999023     14937580      1024.00
       24.45     0.999072     14937580      1077.89
       24.57     0.999121     14938290      1137.78
       24.70     0.999170     14938860      1204.71
       24.83     0.999219     14939870      1280.00
       24.96     0.999268     14940590      1365.33
       25.09     0.999316     14940980      1462.86
       25.47     0.999365     14941560      1575.38
       26.11     0.999414     14942280      1706.67
       27.14     0.999463     14943120      1861.82
       28.16     0.999512     14943920      2048.00
       28.29     0.999536     14944700      2155.79
       28.29     0.999561     14944700      2275.56
       28.41     0.999585     14945840      2409.41
       28.41     0.999609     14945840      2560.00
       28.41     0.999634     14945840      2730.67
       28.54     0.999658     14946200      2925.71
       28.67     0.999683     14946390      3150.77
       28.93     0.999707     14946830      3413.33
       29.44     0.999731     14947080      3723.64
       30.34     0.999756     14947410      4096.00
       30.85     0.999768     14947590      4311.58
       31.87     0.999780     14947780      4551.11
       32.26     0.999792     14948200      4818.82
       32.26     0.999805     14948200      5120.00
       32.38     0.999817     14949070      5461.33
       32.38     0.999829     14949070      5851.43
       32.38     0.999841     14949070      6301.54
       32.38     0.999854     14949070      6826.67
       32.38     0.999866     14949070      7447.27
       32.51     0.999878     14949440      8192.00
       32.51     0.999884     14949440      8623.16
       32.51     0.999890     14949440      9102.22
       32.64     0.999896     14949550      9637.65
       32.77     0.999902     14949580     10240.00
       33.02     0.999908     14949730     10922.67
       33.28     0.999915     14949790     11702.86
       33.79     0.999921     14949920     12603.08
       34.05     0.999927     14950010     13653.33
       34.56     0.999933     14950030     14894.55
       35.58     0.999939     14950130     16384.00
       36.35     0.999942     14950380     17246.32
       36.35     0.999945     14950380     18204.44
       36.35     0.999948     14950380     19275.29
       36.35     0.999951     14950380     20480.00
       36.35     0.999954     14950380     21845.33
       36.61     0.999957     14950500     23405.71
       36.61     0.999960     14950500     25206.15
       36.61     0.999963     14950500     27306.67
       36.86     0.999966     14950530     29789.09
       37.63     0.999969     14950590     32768.00
       37.89     0.999971     14950620     34492.63
       37.89     0.999973     14950620     36408.89
       38.91     0.999974     14950700     38550.59
       38.91     0.999976     14950700     40960.00
       38.91     0.999977     14950700     43690.67
       40.19     0.999979     14950720     46811.43
       40.45     0.999980     14950880     50412.31
       40.45     0.999982     14950880     54613.33
       40.45     0.999983     14950880     59578.18
       40.45     0.999985     14950880     65536.00
       40.45     0.999986     14950880     68985.26
       40.45     0.999986     14950880     72817.78
       40.45     0.999987     14950880     77101.18
       40.45     0.999988     14950880     81920.00
       40.45     0.999989     14950880     87381.33
       40.45     0.999989     14950880     93622.86
       40.96     0.999990     14950950    100824.62
       40.96     0.999991     14950950    109226.67
       40.96     0.999992     14950950    119156.36
       40.96     0.999992     14950950    131072.00
       40.96     0.999993     14950950    137970.53
       40.96     0.999993     14950950    145635.56
       40.96     0.999994     14950950    154202.35
       40.96     0.999994     14950950    163840.00
       40.96     0.999994     14950950    174762.67
       44.29     0.999995     14950980    187245.71
       44.29     0.999995     14950980    201649.23
       44.29     0.999995     14950980    218453.33
       44.29     0.999996     14950980    238312.73
       44.29     0.999996     14950980    262144.00
       44.29     0.999996     14950980    275941.05
       44.29     0.999997     14950980    291271.11
       44.54     0.999997     14951030    308404.71
       44.54     1.000000     14951030          inf
#[Mean    =        1.278, StdDeviation   =        1.523]
#[Max     =       44.543, Total count    =     14951030]
#[Buckets =           20, SubBuckets     =          256]
