       Value   Percentile   TotalCount 1/(1-Percentile)

        0.24     0.000000            1         1.00
        0.59     0.050000        17659         1.05
        0.62     0.100000        41137         1.11
        0.64     0.150000        60870         1.18
        0.65     0.200000        73106         1.25
        0.66     0.250000        86897         1.33
        0.67     0.300000       118882         1.43
        0.68     0.350000       136667         1.54
        0.69     0.400000       155105         1.67
        0.69     0.450000       155105         1.82
        0.69     0.500000       173838         2.00
        0.70     0.525000       192389         2.11
        0.70     0.550000       192389         2.22
        0.71     0.575000       210479         2.35
        0.71     0.600000       210479         2.50
        0.72     0.625000       227438         2.67
        0.72     0.650000       227438         2.86
        0.73     0.675000       243400         3.08
        0.73     0.700000       243400         3.33
        0.73     0.725000       258010         3.64
        0.74     0.750000       271179         4.00
        0.74     0.762500       271179         4.21
        0.74     0.775000       271179         4.44
        0.75     0.787500       282774         4.71
        0.75     0.800000       282774         5.00
        0.75     0.812500       282774         5.33
        0.76     0.825000       292886         5.71
        0.76     0.837500       292886         6.15
        0.76     0.850000       292886         6.67
        0.77     0.862500       301661         7.27
        0.77     0.875000       301661         8.00
        0.78     0.881250       309162         8.42
        0.78     0.887500       309162         8.89
        0.78     0.893750       309162         9.41
        0.78     0.900000       315536        10.00
        0.78     0.906250       315536        10.67
        0.78     0.912500       315536        11.43
        0.79     0.918750       320819        12.31
        0.79     0.925000       320819        13.33
        0.79     0.931250       320819        14.55
        0.80     0.937500       325229        16.00
        0.80     0.940625       325229        16.84
        0.80     0.943750       325229        17.78
        0.81     0.946875       328766        18.82
        0.81     0.950000       328766        20.00
        0.81     0.953125       328766        21.33
        0.81     0.956250       331698        22.86
        0.81     0.959375       331698        24.62
        0.81     0.962500       331698        26.67
        0.82     0.965625       334182        29.09
        0.82     0.968750       334182        32.00
        0.82     0.970313       334182        33.68
        0.83     0.971875       336183        35.56
        0.83     0.973437       336183        37.65
        0.83     0.975000       336183        40.00
        0.84     0.976562       337766        42.67
        0.84     0.978125       337766        45.71
        0.84     0.979688       337766        49.23
        0.85     0.981250       339057        53.33
        0.85     0.982812       339057        58.18
        0.85     0.984375       339057        64.00
        0.85     0.985156       340134        67.37
        0.85     0.985938       340134        71.11
        0.85     0.986719       340134        75.29
        0.85     0.987500       340134        80.00
        0.86     0.988281       341024        85.33
        0.86     0.989062       341024        91.43
        0.86     0.989844       341024        98.46
        0.87     0.990625       341680       106.67
        0.87     0.991406       341680       116.36
        0.87     0.992188       341680       128.00
        0.88     0.992578       342234       134.74
        0.88     0.992969       342234       142.22
        0.88     0.993359       342234       150.59
        0.88     0.993750       342234       160.00
        0.89     0.994141       342643       170.67
        0.89     0.994531       342643       182.86
        0.89     0.994922       342643       196.92
        0.90     0.995313       342992       213.33
        0.90     0.995703       342992       232.73
        0.90     0.996094       343258       256.00
        0.90     0.996289       343258       269.47
        0.90     0.996484       343258       284.44
        0.90     0.996680       343258       301.18
        0.91     0.996875       343458       320.00
        0.91     0.997070       343458       341.33
        0.91     0.997266       343458       365.71
        0.92     0.997461       343601       393.85
        0.92     0.997656       343601       426.67
        0.93     0.997852       343740       465.45
        0.93     0.998047       343740       512.00
        0.93     0.998145       343740       538.95
        0.94     0.998242       343828       568.89
        0.94     0.998340       343828       602.35
        0.94     0.998437       343828       640.00
        0.94     0.998535       343901       682.67
        0.94     0.998633       343901       731.43
        0.95     0.998730       343956       787.69
        0.96     0.998828       344018       853.33
        0.96     0.998926       344018       930.91
        0.97     0.999023       344047      1024.00
        0.97     0.999072       344047      1077.89
        0.97     0.999121       344076      1137.78
        0.98     0.999170       344097      1204.71
        0.98     0.999219       344097      1280.00
        0.99     0.999268       344113      1365.33
        1.01     0.999316       344138      1462.86
        1.02     0.999365       344157      1575.38
        1.03     0.999414       344167      1706.67
        1.04     0.999463       344183      1861.82
        1.06     0.999512       344201      2048.00
        1.07     0.999536       344209      2155.79
        1.08     0.999561       344214      2275.56
        1.09     0.999585       344235      2409.41
        1.09     0.999609       344235      2560.00
        1.10     0.999634       344248      2730.67
        1.10     0.999658       344248      2925.71
        1.12     0.999683       344257      3150.77
        1.14     0.999707       344267      3413.33
        1.15     0.999731       344275      3723.64
        1.17     0.999756       344284      4096.00
        1.18     0.999768       344287      4311.58
        1.18     0.999780       344295      4551.11
        1.18     0.999792       344295      4818.82
        1.20     0.999805       344304      5120.00
        1.20     0.999817       344304      5461.33
        1.21     0.999829       344308      5851.43
        1.22     0.999841       344311      6301.54
        1.22     0.999854       344315      6826.67
        1.24     0.999866       344319      7447.27
        1.25     0.999878       344323      8192.00
        1.29     0.999884       344327      8623.16
        1.30     0.999890       344329      9102.22
        1.31     0.999896       344330      9637.65
        1.32     0.999902       344334     10240.00
        1.32     0.999908       344334     10922.67
        1.33     0.999915       344336     11702.86
        1.41     0.999921       344338     12603.08
        1.72     0.999927       344340     13653.33
        2.27     0.999933       344342     14894.55
        2.93     0.999939       344345     16384.00
        3.04     0.999942       344346     17246.32
        3.12     0.999945       344347     18204.44
        3.20     0.999948       344348     19275.29
        3.34     0.999951       344350     20480.00
        3.34     0.999954       344350     21845.33
        3.57     0.999957       344351     23405.71
        3.58     0.999960       344352     25206.15
        3.60     0.999963       344353     27306.67
        4.05     0.999966       344354     29789.09
        4.06     0.999969       344355     32768.00
        4.16     0.999971       344356     34492.63
        4.16     0.999973       344356     36408.89
        4.25     0.999974       344357     38550.59
        4.25     0.999976       344357     40960.00
        4.32     0.999977       344358     43690.67
        4.32     0.999979       344358     46811.43
        4.38     0.999980       344359     50412.31
        4.38     0.999982       344359     54613.33
        4.51     0.999983       344361     59578.18
        4.51     0.999985       344361     65536.00
        4.51     0.999986       344361     68985.26
        4.51     0.999986       344361     72817.78
        4.51     0.999987       344361     77101.18
        4.51     0.999988       344361     81920.00
        4.54     0.999989       344362     87381.33
        4.54     0.999989       344362     93622.86
        4.54     0.999990       344362    100824.62
        4.54     0.999991       344362    109226.67
        4.67     0.999992       344364    119156.36
        4.67     0.999992       344364    131072.00
        4.67     0.999993       344364    137970.53
        4.67     0.999993       344364    145635.56
        4.67     0.999994       344364    154202.35
        4.67     0.999994       344364    163840.00
        4.67     0.999994       344364    174762.67
        4.67     0.999995       344364    187245.71
        4.67     0.999995       344364    201649.23
        4.67     0.999995       344364    218453.33
        4.67     0.999996       344364    238312.73
        4.67     0.999996       344364    262144.00
        4.67     0.999996       344364    275941.05
        4.67     0.999997       344364    291271.11
        4.67     0.999997       344364    308404.71
        4.67     0.999997       344364    327680.00
        4.70     0.999997       344365    349525.33
        4.70     1.000000       344365          inf
#[Mean    =        0.696, StdDeviation   =        0.073]
#[Max     =        4.703, Total count    =       344365]
#[Buckets =           20, SubBuckets     =          256]
