       Value   Percentile   TotalCount 1/(1-Percentile)

        0.21     0.000000            1         1.00
        0.40     0.050000        23251         1.05
        0.42     0.100000        40750         1.11
        0.46     0.150000        61330         1.18
        0.49     0.200000        84150         1.25
        0.51     0.250000       106163         1.33
        0.53     0.300000       132329         1.43
        0.54     0.350000       144552         1.54
        0.55     0.400000       164547         1.67
        0.57     0.450000       187297         1.82
        0.59     0.500000       205490         2.00
        0.60     0.525000       216648         2.11
        0.61     0.550000       229003         2.22
        0.61     0.575000       242211         2.35
        0.61     0.600000       242211         2.50
        0.62     0.625000       255656         2.67
        0.63     0.650000       268972         2.86
        0.64     0.675000       282206         3.08
        0.64     0.700000       282206         3.33
        0.65     0.725000       294364         3.64
        0.66     0.750000       305231         4.00
        0.66     0.762500       314427         4.21
        0.66     0.775000       314427         4.44
        0.67     0.787500       321952         4.71
        0.68     0.800000       327748         5.00
        0.68     0.812500       327748         5.33
        0.69     0.825000       335415         5.71
        0.70     0.837500       338017         6.15
        0.73     0.850000       342857         6.67
        0.77     0.862500       347969         7.27
        0.79     0.875000       352695         8.00
        0.80     0.881250       355033         8.42
        0.81     0.887500       357995         8.89
        0.81     0.893750       361537         9.41
        0.82     0.900000       365451        10.00
        0.82     0.906250       365451        10.67
        0.83     0.912500       369849        11.43
        0.84     0.918750       374478        12.31
        0.84     0.925000       374478        13.33
        0.85     0.931250       379298        14.55
        0.85     0.937500       379298        16.00
        0.85     0.940625       379298        16.84
        0.85     0.943750       383847        17.78
        0.85     0.946875       383847        18.82
        0.85     0.950000       383847        20.00
        0.86     0.953125       387958        21.33
        0.86     0.956250       387958        22.86
        0.86     0.959375       387958        24.62
        0.86     0.962500       387958        26.67
        0.87     0.965625       391432        29.09
        0.87     0.968750       391432        32.00
        0.87     0.970313       391432        33.68
        0.88     0.971875       394360        35.56
        0.88     0.973437       394360        37.65
        0.88     0.975000       394360        40.00
        0.88     0.976562       394360        42.67
        0.88     0.978125       394360        45.71
        0.89     0.979688       396511        49.23
        0.89     0.981250       396511        53.33
        0.89     0.982812       396511        58.18
        0.89     0.984375       396511        64.00
        0.90     0.985156       398039        67.37
        0.90     0.985938       398039        71.11
        0.90     0.986719       398039        75.29
        0.90     0.987500       398039        80.00
        0.90     0.988281       399149        85.33
        0.90     0.989062       399149        91.43
        0.90     0.989844       399149        98.46
        0.90     0.990625       399149       106.67
        0.91     0.991406       399918       116.36
        0.91     0.992188       399918       128.00
        0.91     0.992578       399918       134.74
        0.92     0.992969       400510       142.22
        0.92     0.993359       400510       150.59
        0.92     0.993750       400510       160.00
        0.92     0.994141       400510       170.67
        0.93     0.994531       400946       182.86
        0.93     0.994922       400946       196.92
        0.93     0.995313       400946       213.33
        0.94     0.995703       401262       232.73
        0.94     0.996094       401262       256.00
        0.94     0.996289       401474       269.47
        0.94     0.996484       401474       284.44
        0.94     0.996680       401474       301.18
        0.95     0.996875       401671       320.00
        0.95     0.997070       401671       341.33
        0.95     0.997266       401671       365.71
        0.96     0.997461       401843       393.85
        0.96     0.997656       401843       426.67
        0.97     0.997852       401970       465.45
        0.97     0.998047       402083       512.00
        0.97     0.998145       402083       538.95
        0.97     0.998242       402083       568.89
        0.98     0.998340       402194       602.35
        0.98     0.998437       402194       640.00
        0.98     0.998535       402194       682.67
        0.99     0.998633       402273       731.43
        0.99     0.998730       402273       787.69
        1.00     0.998828       402355       853.33
        1.00     0.998926       402355       930.91
        1.01     0.999023       402430      1024.00
        1.01     0.999072       402430      1077.89
        1.01     0.999121       402430      1137.78
        1.01     0.999170       402481      1204.71
        1.01     0.999219       402481      1280.00
        1.01     0.999268       402481      1365.33
        1.02     0.999316       402515      1462.86
        1.02     0.999365       402515      1575.38
        1.03     0.999414       402557      1706.67
        1.03     0.999463       402557      1861.82
        1.04     0.999512       402582      2048.00
        1.04     0.999536       402582      2155.79
        1.05     0.999561       402612      2275.56
        1.05     0.999585       402612      2409.41
        1.05     0.999609       402612      2560.00
        1.05     0.999634       402638      2730.67
        1.05     0.999658       402638      2925.71
        1.05     0.999683       402638      3150.77
        1.06     0.999707       402648      3413.33
        1.07     0.999731       402658      3723.64
        1.08     0.999756       402667      4096.00
        1.09     0.999768       402673      4311.58
        1.09     0.999780       402677      4551.11
        1.11     0.999792       402683      4818.82
        1.14     0.999805       402689      5120.00
        1.15     0.999817       402693      5461.33
        1.18     0.999829       402697      5851.43
        1.21     0.999841       402703      6301.54
        1.25     0.999854       402707      6826.67
        2.24     0.999866       402711      7447.27
        2.45     0.999878       402716      8192.00
        3.39     0.999884       402720      8623.16
        3.41     0.999890       402721      9102.22
        3.50     0.999896       402725      9637.65
        3.54     0.999902       402726     10240.00
        3.58     0.999908       402729     10922.67
        3.63     0.999915       402731     11702.86
        3.69     0.999921       402734     12603.08
        3.79     0.999927       402736     13653.33
        3.84     0.999933       402739     14894.55
        3.90     0.999939       402742     16384.00
        3.90     0.999942       402742     17246.32
        3.92     0.999945       402743     18204.44
        3.94     0.999948       402745     19275.29
        4.00     0.999951       402746     20480.00
        4.01     0.999954       402747     21845.33
        4.03     0.999957       402748     23405.71
        4.06     0.999960       402750     25206.15
        4.09     0.999963       402751     27306.67
        4.16     0.999966       402753     29789.09
        4.16     0.999969       402753     32768.00
        5.79     0.999971       402754     34492.63
        5.79     0.999973       402754     36408.89
        5.89     0.999974       402756     38550.59
        5.89     0.999976       402756     40960.00
        5.89     0.999977       402756     43690.67
        5.92     0.999979       402757     46811.43
        5.95     0.999980       402758     50412.31
        5.95     0.999982       402758     54613.33
        5.98     0.999983       402759     59578.18
        5.98     0.999985       402759     65536.00
        6.05     0.999986       402760     68985.26
        6.05     0.999986       402760     72817.78
        6.05     0.999987       402760     77101.18
        6.08     0.999988       402761     81920.00
        6.08     0.999989       402761     87381.33
        6.08     0.999989       402761     93622.86
        6.14     0.999990       402762    100824.62
        6.14     0.999991       402762    109226.67
        6.14     0.999992       402762    119156.36
        6.14     0.999992       402762    131072.00
        6.24     0.999993       402763    137970.53
        6.24     0.999993       402763    145635.56
        6.24     0.999994       402763    154202.35
        6.24     0.999994       402763    163840.00
        6.24     0.999994       402763    174762.67
        6.24     0.999995       402763    187245.71
        6.33     0.999995       402764    201649.23
        6.33     0.999995       402764    218453.33
        6.33     0.999996       402764    238312.73
        6.33     0.999996       402764    262144.00
        6.33     0.999996       402764    275941.05
        6.33     0.999997       402764    291271.11
        6.33     0.999997       402764    308404.71
        6.33     0.999997       402764    327680.00
        6.33     0.999997       402764    349525.33
        6.33     0.999997       402764    374491.43
        6.43     0.999998       402765    403298.46
        6.43     1.000000       402765          inf
#[Mean    =        0.595, StdDeviation   =        0.138]
#[Max     =        6.431, Total count    =       402765]
#[Buckets =           20, SubBuckets     =          256]
