       Value   Percentile   TotalCount 1/(1-Percentile)

        0.16     0.000000            1         1.00
        0.26     0.050000        31619         1.05
        0.28     0.100000        72132         1.11
        0.32     0.150000        96823         1.18
        0.34     0.200000       133632         1.25
        0.34     0.250000       160868         1.33
        0.35     0.300000       188215         1.43
        0.36     0.350000       215880         1.54
        0.38     0.400000       253649         1.67
        0.39     0.450000       287989         1.82
        0.40     0.500000       320122         2.00
        0.40     0.525000       320122         2.11
        0.41     0.550000       358703         2.22
        0.41     0.575000       358703         2.35
        0.41     0.600000       397908         2.50
        0.41     0.625000       397908         2.67
        0.41     0.650000       397908         2.86
        0.42     0.675000       435031         3.08
        0.42     0.700000       435031         3.33
        0.43     0.725000       467428         3.64
        0.43     0.750000       467428         4.00
        0.43     0.762500       467428         4.21
        0.43     0.775000       467428         4.44
        0.44     0.787500       489185         4.71
        0.44     0.800000       489185         5.00
        0.45     0.812500       500599         5.33
        0.45     0.825000       500599         5.71
        0.46     0.837500       506085         6.15
        0.48     0.850000       512656         6.67
        0.55     0.862500       523099         7.27
        0.56     0.875000       530313         8.00
        0.57     0.881250       542366         8.42
        0.57     0.887500       542366         8.89
        0.57     0.893750       542366         9.41
        0.57     0.900000       542366        10.00
        0.57     0.906250       557285        10.67
        0.57     0.912500       557285        11.43
        0.57     0.918750       557285        12.31
        0.57     0.925000       557285        13.33
        0.58     0.931250       572664        14.55
        0.58     0.937500       572664        16.00
        0.58     0.940625       572664        16.84
        0.58     0.943750       572664        17.78
        0.58     0.946875       572664        18.82
        0.58     0.950000       572664        20.00
        0.59     0.953125       584844        21.33
        0.59     0.956250       584844        22.86
        0.59     0.959375       584844        24.62
        0.59     0.962500       584844        26.67
        0.59     0.965625       584844        29.09
        0.59     0.968750       584844        32.00
        0.59     0.970313       584844        33.68
        0.60     0.971875       592249        35.56
        0.60     0.973437       592249        37.65
        0.60     0.975000       592249        40.00
        0.60     0.976562       592249        42.67
        0.60     0.978125       592249        45.71
        0.60     0.979688       592249        49.23
        0.60     0.981250       592249        53.33
        0.60     0.982812       592249        58.18
        0.61     0.984375       595946        64.00
        0.61     0.985156       595946        67.37
        0.61     0.985938       595946        71.11
        0.61     0.986719       595946        75.29
        0.61     0.987500       595946        80.00
        0.61     0.988281       595946        85.33
        0.61     0.989062       595946        91.43
        0.61     0.989844       597677        98.46
        0.61     0.990625       597677       106.67
        0.61     0.991406       597677       116.36
        0.61     0.992188       597677       128.00
        0.61     0.992578       597677       134.74
        0.62     0.992969       598631       142.22
        0.62     0.993359       598631       150.59
        0.62     0.993750       598631       160.00
        0.62     0.994141       598631       170.67
        0.63     0.994531       599227       182.86
        0.63     0.994922       599227       196.92
        0.64     0.995313       599728       213.33
        0.64     0.995703       599728       232.73
        0.65     0.996094       600138       256.00
        0.65     0.996289       600138       269.47
        0.65     0.996484       600138       284.44
        0.66     0.996680       600472       301.18
        0.66     0.996875       600472       320.00
        0.66     0.997070       600472       341.33
        0.66     0.997266       600776       365.71
        0.66     0.997461       600776       393.85
        0.66     0.997656       600776       426.67
        0.67     0.997852       601052       465.45
        0.67     0.998047       601052       512.00
        0.67     0.998145       601052       538.95
        0.68     0.998242       601317       568.89
        0.68     0.998340       601317       602.35
        0.68     0.998437       601317       640.00
        0.68     0.998535       601317       682.67
        0.69     0.998633       601513       731.43
        0.69     0.998730       601513       787.69
        0.69     0.998828       601513       853.33
        0.69     0.998926       601513       930.91
        0.69     0.999023       601657      1024.00
        0.69     0.999072       601657      1077.89
        0.69     0.999121       601657      1137.78
        0.69     0.999170       601657      1204.71
        0.70     0.999219       601780      1280.00
        0.70     0.999268       601780      1365.33
        0.70     0.999316       601780      1462.86
        0.70     0.999365       601780      1575.38
        0.71     0.999414       601867      1706.67
        0.71     0.999463       601867      1861.82
        0.71     0.999512       601867      2048.00
        0.71     0.999536       601867      2155.79
        0.72     0.999561       601918      2275.56
        0.72     0.999585       601918      2409.41
        0.72     0.999609       601918      2560.00
        0.73     0.999634       601953      2730.67
        0.73     0.999658       601953      2925.71
        0.73     0.999683       601953      3150.77
        0.73     0.999707       601970      3413.33
        0.75     0.999731       601985      3723.64
        0.78     0.999756       601999      4096.00
        0.78     0.999768       602007      4311.58
        0.80     0.999780       602018      4551.11
        0.81     0.999792       602022      4818.82
        0.81     0.999805       602028      5120.00
        0.82     0.999817       602034      5461.33
        0.84     0.999829       602044      5851.43
        0.85     0.999841       602061      6301.54
        0.85     0.999854       602061      6826.67
        0.86     0.999866       602064      7447.27
        0.88     0.999878       602071      8192.00
        0.91     0.999884       602076      8623.16
        0.93     0.999890       602081      9102.22
        0.94     0.999896       602082      9637.65
        0.99     0.999902       602086     10240.00
        1.25     0.999908       602089     10922.67
        1.46     0.999915       602093     11702.86
        1.92     0.999921       602097     12603.08
        2.17     0.999927       602100     13653.33
        2.22     0.999933       602106     14894.55
        2.24     0.999939       602110     16384.00
        2.24     0.999942       602110     17246.32
        2.25     0.999945       602111     18204.44
        2.32     0.999948       602113     19275.29
        2.33     0.999951       602116     20480.00
        2.46     0.999954       602118     21845.33
        2.48     0.999957       602120     23405.71
        2.50     0.999960       602121     25206.15
        2.61     0.999963       602122     27306.67
        2.67     0.999966       602124     29789.09
        2.69     0.999969       602126     32768.00
        2.70     0.999971       602129     34492.63
        2.70     0.999973       602129     36408.89
        2.70     0.999974       602129     38550.59
        2.80     0.999976       602130     40960.00
        2.83     0.999977       602131     43690.67
        2.91     0.999979       602132     46811.43
        3.33     0.999980       602133     50412.31
        3.33     0.999982       602133     54613.33
        3.34     0.999983       602136     59578.18
        3.34     0.999985       602136     65536.00
        3.34     0.999986       602136     68985.26
        3.34     0.999986       602136     72817.78
        3.36     0.999987       602137     77101.18
        3.36     0.999988       602137     81920.00
        3.39     0.999989       602139     87381.33
        3.39     0.999989       602139     93622.86
        3.39     0.999990       602139    100824.62
        3.39     0.999991       602139    109226.67
        3.39     0.999992       602139    119156.36
        3.49     0.999992       602142    131072.00
        3.49     0.999993       602142    137970.53
        3.49     0.999993       602142    145635.56
        3.49     0.999994       602142    154202.35
        3.49     0.999994       602142    163840.00
        3.49     0.999994       602142    174762.67
        3.49     0.999995       602142    187245.71
        3.49     0.999995       602142    201649.23
        3.49     0.999995       602142    218453.33
        3.49     0.999996       602142    238312.73
        3.49     0.999996       602142    262144.00
        3.49     0.999996       602142    275941.05
        3.49     0.999997       602142    291271.11
        3.62     0.999997       602144    308404.71
        3.62     1.000000       602144          inf
#[Mean    =        0.398, StdDeviation   =        0.094]
#[Max     =        3.615, Total count    =       602144]
#[Buckets =           20, SubBuckets     =          256]
