       Value   Percentile   TotalCount 1/(1-Percentile)

        0.25     0.000000            1         1.00
        0.57     0.050000        19382         1.05
        0.60     0.100000        37556         1.11
        0.61     0.150000        56999         1.18
        0.63     0.200000        83306         1.25
        0.64     0.250000        98762         1.33
        0.65     0.300000       115944         1.43
        0.66     0.350000       134584         1.54
        0.66     0.400000       153998         1.67
        0.67     0.450000       174044         1.82
        0.68     0.500000       194007         2.00
        0.68     0.525000       194007         2.11
        0.69     0.550000       213508         2.22
        0.69     0.575000       213508         2.35
        0.69     0.600000       213508         2.50
        0.69     0.625000       232036         2.67
        0.69     0.650000       232036         2.86
        0.70     0.675000       249013         3.08
        0.70     0.700000       249013         3.33
        0.71     0.725000       264600         3.64
        0.72     0.750000       278403         4.00
        0.72     0.762500       278403         4.21
        0.72     0.775000       278403         4.44
        0.73     0.787500       290839         4.71
        0.73     0.800000       290839         5.00
        0.73     0.812500       290839         5.33
        0.73     0.825000       301654         5.71
        0.73     0.837500       301654         6.15
        0.74     0.850000       311184         6.67
        0.74     0.862500       311184         7.27
        0.74     0.875000       311184         8.00
        0.75     0.881250       319069         8.42
        0.75     0.887500       319069         8.89
        0.75     0.893750       319069         9.41
        0.76     0.900000       325601        10.00
        0.76     0.906250       325601        10.67
        0.76     0.912500       325601        11.43
        0.77     0.918750       331013        12.31
        0.77     0.925000       331013        13.33
        0.77     0.931250       331013        14.55
        0.78     0.937500       335765        16.00
        0.78     0.940625       335765        16.84
        0.78     0.943750       335765        17.78
        0.78     0.946875       339453        18.82
        0.78     0.950000       339453        20.00
        0.78     0.953125       339453        21.33
        0.79     0.956250       342580        22.86
        0.79     0.959375       342580        24.62
        0.79     0.962500       342580        26.67
        0.80     0.965625       345049        29.09
        0.80     0.968750       345049        32.00
        0.80     0.970313       345049        33.68
        0.81     0.971875       347038        35.56
        0.81     0.973437       347038        37.65
        0.81     0.975000       347038        40.00
        0.81     0.976562       348686        42.67
        0.81     0.978125       348686        45.71
        0.81     0.979688       348686        49.23
        0.82     0.981250       350006        53.33
        0.82     0.982812       350006        58.18
        0.82     0.984375       350006        64.00
        0.83     0.985156       351109        67.37
        0.83     0.985938       351109        71.11
        0.83     0.986719       351109        75.29
        0.83     0.987500       351109        80.00
        0.84     0.988281       351974        85.33
        0.84     0.989062       351974        91.43
        0.84     0.989844       351974        98.46
        0.85     0.990625       352700       106.67
        0.85     0.991406       352700       116.36
        0.85     0.992188       352700       128.00
        0.85     0.992578       353236       134.74
        0.85     0.992969       353236       142.22
        0.85     0.993359       353236       150.59
        0.85     0.993750       353236       160.00
        0.86     0.994141       353677       170.67
        0.86     0.994531       353677       182.86
        0.86     0.994922       353677       196.92
        0.87     0.995313       353999       213.33
        0.87     0.995703       353999       232.73
        0.88     0.996094       354269       256.00
        0.88     0.996289       354269       269.47
        0.88     0.996484       354269       284.44
        0.88     0.996680       354269       301.18
        0.89     0.996875       354461       320.00
        0.89     0.997070       354461       341.33
        0.89     0.997266       354461       365.71
        0.90     0.997461       354604       393.85
        0.90     0.997656       354604       426.67
        0.90     0.997852       354734       465.45
        0.90     0.998047       354734       512.00
        0.91     0.998145       354834       538.95
        0.91     0.998242       354834       568.89
        0.91     0.998340       354834       602.35
        0.92     0.998437       354899       640.00
        0.92     0.998535       354899       682.67
        0.93     0.998633       354965       731.43
        0.93     0.998730       354965       787.69
        0.94     0.998828       355007       853.33
        0.94     0.998926       355042       930.91
        0.95     0.999023       355067      1024.00
        0.96     0.999072       355080      1077.89
        0.97     0.999121       355101      1137.78
        0.97     0.999170       355119      1204.71
        0.99     0.999219       355146      1280.00
        1.00     0.999268       355160      1365.33
        1.01     0.999316       355172      1462.86
        1.02     0.999365       355188      1575.38
        1.04     0.999414       355206      1706.67
        1.06     0.999463       355221      1861.82
        1.08     0.999512       355241      2048.00
        1.09     0.999536       355248      2155.79
        1.10     0.999561       355257      2275.56
        1.11     0.999585       355267      2409.41
        1.12     0.999609       355273      2560.00
        1.13     0.999634       355279      2730.67
        1.14     0.999658       355292      2925.71
        1.14     0.999683       355297      3150.77
        1.16     0.999707       355309      3413.33
        1.17     0.999731       355315      3723.64
        1.18     0.999756       355325      4096.00
        1.18     0.999768       355330      4311.58
        1.19     0.999780       355339      4551.11
        1.19     0.999792       355339      4818.82
        1.20     0.999805       355342      5120.00
        1.21     0.999817       355346      5461.33
        1.22     0.999829       355353      5851.43
        1.22     0.999841       355353      6301.54
        1.25     0.999854       355361      6826.67
        1.25     0.999866       355362      7447.27
        1.29     0.999878       355366      8192.00
        1.33     0.999884       355371      8623.16
        1.33     0.999890       355371      9102.22
        1.37     0.999896       355374      9637.65
        1.46     0.999902       355375     10240.00
        1.61     0.999908       355377     10922.67
        2.86     0.999915       355379     11702.86
        2.96     0.999921       355381     12603.08
        3.07     0.999927       355384     13653.33
        3.28     0.999933       355386     14894.55
        3.41     0.999939       355388     16384.00
        3.54     0.999942       355389     17246.32
        3.60     0.999945       355390     18204.44
        3.62     0.999948       355391     19275.29
        3.63     0.999951       355392     20480.00
        3.65     0.999954       355393     21845.33
        3.81     0.999957       355394     23405.71
        3.82     0.999960       355395     25206.15
        3.87     0.999963       355396     27306.67
        3.95     0.999966       355399     29789.09
        3.95     0.999969       355399     32768.00
        3.95     0.999971       355399     34492.63
        4.00     0.999973       355401     36408.89
        4.00     0.999974       355401     38550.59
        4.00     0.999976       355401     40960.00
        4.00     0.999977       355401     43690.67
        4.03     0.999979       355402     46811.43
        4.03     0.999980       355402     50412.31
        4.35     0.999982       355403     54613.33
        4.38     0.999983       355404     59578.18
        4.38     0.999985       355404     65536.00
        4.38     0.999986       355404     68985.26
        4.42     0.999986       355405     72817.78
        4.42     0.999987       355405     77101.18
        4.42     0.999988       355405     81920.00
        4.42     0.999989       355405     87381.33
        4.51     0.999989       355406     93622.86
        4.51     0.999990       355406    100824.62
        4.51     0.999991       355406    109226.67
        4.89     0.999992       355409    119156.36
        4.89     1.000000       355409          inf
#[Mean    =        0.674, StdDeviation   =        0.073]
#[Max     =        4.895, Total count    =       355409]
#[Buckets =           20, SubBuckets     =          256]
