       Value   Percentile   TotalCount 1/(1-Percentile)

        0.14     0.000000            2         1.00
        0.21     0.050000        68161         1.05
        0.22     0.100000       133219         1.11
        0.23     0.150000       228647         1.18
        0.23     0.200000       228647         1.25
        0.24     0.250000       374894         1.33
        0.24     0.300000       374894         1.43
        0.24     0.350000       374894         1.54
        0.25     0.400000       559170         1.67
        0.25     0.450000       559170         1.82
        0.25     0.500000       559170         2.00
        0.25     0.525000       559170         2.11
        0.25     0.550000       559170         2.22
        0.26     0.575000       732561         2.35
        0.26     0.600000       732561         2.50
        0.26     0.625000       732561         2.67
        0.26     0.650000       732561         2.86
        0.26     0.675000       732561         3.08
        0.26     0.700000       732561         3.33
        0.26     0.725000       732561         3.64
        0.26     0.750000       856395         4.00
        0.26     0.762500       856395         4.21
        0.26     0.775000       856395         4.44
        0.26     0.787500       856395         4.71
        0.26     0.800000       856395         5.00
        0.26     0.812500       856395         5.33
        0.26     0.825000       856395         5.71
        0.26     0.837500       856395         6.15
        0.26     0.850000       856395         6.67
        0.26     0.862500       856395         7.27
        0.27     0.875000       926183         8.00
        0.27     0.881250       926183         8.42
        0.27     0.887500       926183         8.89
        0.27     0.893750       926183         9.41
        0.27     0.900000       926183        10.00
        0.27     0.906250       926183        10.67
        0.27     0.912500       926183        11.43
        0.27     0.918750       926183        12.31
        0.27     0.925000       926183        13.33
        0.27     0.931250       926183        14.55
        0.27     0.937500       926183        16.00
        0.27     0.940625       926183        16.84
        0.28     0.943750       958612        17.78
        0.28     0.946875       958612        18.82
        0.28     0.950000       958612        20.00
        0.28     0.953125       958612        21.33
        0.28     0.956250       958612        22.86
        0.28     0.959375       958612        24.62
        0.28     0.962500       958612        26.67
        0.28     0.965625       958612        29.09
        0.28     0.968750       958612        32.00
        0.28     0.970313       958612        33.68
        0.28     0.971875       958612        35.56
        0.28     0.973437       958612        37.65
        0.28     0.975000       958612        40.00
        0.29     0.976562       972222        42.67
        0.29     0.978125       972222        45.71
        0.29     0.979688       972222        49.23
        0.29     0.981250       972222        53.33
        0.29     0.982812       972222        58.18
        0.29     0.984375       972222        64.00
        0.29     0.985156       972222        67.37
        0.29     0.985938       972222        71.11
        0.29     0.986719       972222        75.29
        0.29     0.987500       972222        80.00
        0.29     0.988281       972222        85.33
        0.29     0.989062       972222        91.43
        0.29     0.989844       977565        98.46
        0.29     0.990625       977565       106.67
        0.29     0.991406       977565       116.36
        0.29     0.992188       977565       128.00
        0.29     0.992578       977565       134.74
        0.29     0.992969       977565       142.22
        0.29     0.993359       977565       150.59
        0.29     0.993750       977565       160.00
        0.29     0.994141       977565       170.67
        0.29     0.994531       977565       182.86
        0.29     0.994922       977565       196.92
        0.30     0.995313       979753       213.33
        0.30     0.995703       979753       232.73
        0.30     0.996094       979753       256.00
        0.30     0.996289       979753       269.47
        0.30     0.996484       979753       284.44
        0.30     0.996680       979753       301.18
        0.30     0.996875       979753       320.00
        0.30     0.997070       979753       341.33
        0.31     0.997266       980691       365.71
        0.31     0.997461       980691       393.85
        0.31     0.997656       980691       426.67
        0.31     0.997852       980691       465.45
        0.31     0.998047       980691       512.00
        0.31     0.998145       980691       538.95
        0.32     0.998242       981099       568.89
        0.32     0.998340       981099       602.35
        0.32     0.998437       981099       640.00
        0.32     0.998535       981099       682.67
        0.33     0.998633       981334       731.43
        0.33     0.998730       981334       787.69
        0.34     0.998828       981538       853.33
        0.34     0.998926       981538       930.91
        0.34     0.999023       981710      1024.00
        0.34     0.999072       981710      1077.89
        0.34     0.999121       981710      1137.78
        0.34     0.999170       981710      1204.71
        0.35     0.999219       981862      1280.00
        0.35     0.999268       981862      1365.33
        0.35     0.999316       981862      1462.86
        0.36     0.999365       981994      1575.38
        0.36     0.999414       981994      1706.67
        0.36     0.999463       981994      1861.82
        0.37     0.999512       982098      2048.00
        0.37     0.999536       982098      2155.79
        0.37     0.999561       982098      2275.56
        0.37     0.999585       982098      2409.41
        0.38     0.999609       982175      2560.00
        0.38     0.999634       982175      2730.67
        0.38     0.999658       982175      2925.71
        0.38     0.999683       982228      3150.77
        0.38     0.999707       982228      3413.33
        0.39     0.999731       982258      3723.64
        0.40     0.999756       982281      4096.00
        0.40     0.999768       982281      4311.58
        0.41     0.999780       982300      4551.11
        0.41     0.999792       982300      4818.82
        0.41     0.999805       982316      5120.00
        0.42     0.999817       982333      5461.33
        0.42     0.999829       982333      5851.43
        0.43     0.999841       982366      6301.54
        0.43     0.999854       982366      6826.67
        0.44     0.999866       982393      7447.27
        0.44     0.999878       982393      8192.00
        0.44     0.999884       982393      8623.16
        0.44     0.999890       982393      9102.22
        0.45     0.999896       982412      9637.65
        0.45     0.999902       982412     10240.00
        0.45     0.999908       982412     10922.67
        0.46     0.999915       982436     11702.86
        0.46     0.999921       982436     12603.08
        0.46     0.999927       982436     13653.33
        0.46     0.999933       982436     14894.55
        0.46     0.999939       982457     16384.00
        0.46     0.999942       982457     17246.32
        0.46     0.999945       982457     18204.44
        0.46     0.999948       982457     19275.29
        0.46     0.999951       982457     20480.00
        0.46     0.999954       982457     21845.33
        0.47     0.999957       982471     23405.71
        0.47     0.999960       982471     25206.15
        0.47     0.999963       982471     27306.67
        0.47     0.999966       982471     29789.09
        0.47     0.999969       982471     32768.00
        0.47     0.999971       982471     34492.63
        0.48     0.999973       982477     36408.89
        0.48     0.999974       982477     38550.59
        0.48     0.999976       982477     40960.00
        0.48     0.999977       982477     43690.67
        0.49     0.999979       982480     46811.43
        0.49     0.999980       982480     50412.31
        0.49     0.999982       982483     54613.33
        0.49     0.999983       982483     59578.18
        0.50     0.999985       982486     65536.00
        0.50     0.999986       982486     68985.26
        0.50     0.999986       982486     72817.78
        0.51     0.999987       982489     77101.18
        0.51     0.999988       982489     81920.00
        0.51     0.999989       982489     87381.33
        0.51     0.999989       982489     93622.86
        0.52     0.999990       982491    100824.62
        0.52     0.999991       982491    109226.67
        0.52     0.999992       982491    119156.36
        0.53     0.999992       982493    131072.00
        0.53     0.999993       982493    137970.53
        0.53     0.999993       982493    145635.56
        0.53     0.999994       982493    154202.35
        0.54     0.999994       982494    163840.00
        0.54     0.999994       982494    174762.67
        0.54     0.999995       982494    187245.71
        0.57     0.999995       982495    201649.23
        0.57     0.999995       982495    218453.33
        0.57     0.999996       982495    238312.73
        1.46     0.999996       982496    262144.00
        1.46     0.999996       982496    275941.05
        1.46     0.999997       982496    291271.11
        1.46     0.999997       982496    308404.71
        1.50     0.999997       982497    327680.00
        1.50     0.999997       982497    349525.33
        1.50     0.999997       982497    374491.43
        1.50     0.999998       982497    403298.46
        1.50     0.999998       982497    436906.67
        1.50     0.999998       982497    476625.45
        1.52     0.999998       982498    524288.00
        1.52     0.999998       982498    551882.11
        1.52     0.999998       982498    582542.22
        1.52     0.999998       982498    616809.41
        1.52     0.999998       982498    655360.00
        1.52     0.999999       982498    699050.67
        1.52     0.999999       982498    748982.86
        1.52     0.999999       982498    806596.92
        1.52     0.999999       982498    873813.33
        1.52     0.999999       982498    953250.91
        1.53     0.999999       982499   1048576.00
        1.53     1.000000       982499          inf
#[Mean    =        0.244, StdDeviation   =        0.020]
#[Max     =        1.535, Total count    =       982499]
#[Buckets =           20, SubBuckets     =          256]
