       Value   Percentile   TotalCount 1/(1-Percentile)

        0.21     0.000000            1         1.00
        0.44     0.050000        23545         1.05
        0.46     0.100000        38601         1.11
        0.51     0.150000        57894         1.18
        0.54     0.200000        78646         1.25
        0.56     0.250000        98256         1.33
        0.57     0.300000       121339         1.43
        0.58     0.350000       132305         1.54
        0.60     0.400000       150045         1.67
        0.62     0.450000       168760         1.82
        0.65     0.500000       189792         2.00
        0.66     0.525000       199148         2.11
        0.66     0.550000       209800         2.22
        0.67     0.575000       221004         2.35
        0.68     0.600000       233085         2.50
        0.68     0.625000       233085         2.67
        0.69     0.650000       245279         2.86
        0.69     0.675000       256873         3.08
        0.70     0.700000       268184         3.33
        0.70     0.725000       268184         3.64
        0.71     0.750000       278247         4.00
        0.72     0.762500       287090         4.21
        0.72     0.775000       287090         4.44
        0.73     0.787500       294370         4.71
        0.73     0.800000       300103         5.00
        0.74     0.812500       304559         5.33
        0.75     0.825000       307856         5.71
        0.76     0.837500       310256         6.15
        0.78     0.850000       314437         6.67
        0.84     0.862500       319017         7.27
        0.87     0.875000       324958         8.00
        0.88     0.881250       327451         8.42
        0.89     0.887500       330573         8.89
        0.89     0.893750       330573         9.41
        0.90     0.900000       334158        10.00
        0.90     0.906250       338160        10.67
        0.90     0.912500       338160        11.43
        0.91     0.918750       342434        12.31
        0.91     0.925000       342434        13.33
        0.92     0.931250       346781        14.55
        0.92     0.937500       346781        16.00
        0.93     0.940625       351092        16.84
        0.93     0.943750       351092        17.78
        0.93     0.946875       351092        18.82
        0.94     0.950000       355047        20.00
        0.94     0.953125       355047        21.33
        0.94     0.956250       355047        22.86
        0.94     0.959375       355047        24.62
        0.94     0.962500       358497        26.67
        0.94     0.965625       358497        29.09
        0.94     0.968750       358497        32.00
        0.95     0.970313       361393        33.68
        0.95     0.971875       361393        35.56
        0.95     0.973437       361393        37.65
        0.95     0.975000       361393        40.00
        0.95     0.976562       361393        42.67
        0.96     0.978125       363629        45.71
        0.96     0.979688       363629        49.23
        0.96     0.981250       363629        53.33
        0.96     0.982812       363629        58.18
        0.97     0.984375       365323        64.00
        0.97     0.985156       365323        67.37
        0.97     0.985938       365323        71.11
        0.97     0.986719       365323        75.29
        0.97     0.987500       365323        80.00
        0.97     0.988281       365323        85.33
        0.97     0.989062       366544        91.43
        0.97     0.989844       366544        98.46
        0.97     0.990625       366544       106.67
        0.97     0.991406       366544       116.36
        0.98     0.992188       367370       128.00
        0.98     0.992578       367370       134.74
        0.98     0.992969       367370       142.22
        0.98     0.993359       367370       150.59
        0.98     0.993750       367370       160.00
        0.99     0.994141       367924       170.67
        0.99     0.994531       367924       182.86
        0.99     0.994922       367924       196.92
        0.99     0.995313       367924       213.33
        1.00     0.995703       368294       232.73
        1.00     0.996094       368294       256.00
        1.00     0.996289       368294       269.47
        1.01     0.996484       368553       284.44
        1.01     0.996680       368553       301.18
        1.01     0.996875       368553       320.00
        1.01     0.997070       368761       341.33
        1.01     0.997266       368761       365.71
        1.01     0.997461       368761       393.85
        1.02     0.997656       368886       426.67
        1.02     0.997852       368886       465.45
        1.03     0.998047       368960       512.00
        1.03     0.998145       368960       538.95
        1.04     0.998242       369016       568.89
        1.05     0.998340       369061       602.35
        1.05     0.998437       369102       640.00
        1.05     0.998535       369102       682.67
        1.06     0.998633       369138       731.43
        1.08     0.998730       369193       787.69
        1.09     0.998828       369224       853.33
        1.09     0.998926       369250       930.91
        1.11     0.999023       369290      1024.00
        1.12     0.999072       369308      1077.89
        1.13     0.999121       369324      1137.78
        1.14     0.999170       369345      1204.71
        1.15     0.999219       369356      1280.00
        1.16     0.999268       369372      1365.33
        1.17     0.999316       369391      1462.86
        1.18     0.999365       369418      1575.38
        1.19     0.999414       369427      1706.67
        1.20     0.999463       369444      1861.82
        1.22     0.999512       369465      2048.00
        1.22     0.999536       369477      2155.79
        1.23     0.999561       369484      2275.56
        1.24     0.999585       369494      2409.41
        1.25     0.999609       369502      2560.00
        1.26     0.999634       369513      2730.67
        1.27     0.999658       369520      2925.71
        1.28     0.999683       369534      3150.77
        1.28     0.999707       369534      3413.33
        1.29     0.999731       369543      3723.64
        1.29     0.999756       369554      4096.00
        1.31     0.999768       369559      4311.58
        1.32     0.999780       369565      4551.11
        1.33     0.999792       369571      4818.82
        1.33     0.999805       369571      5120.00
        1.34     0.999817       369576      5461.33
        1.36     0.999829       369586      5851.43
        1.36     0.999841       369586      6301.54
        1.37     0.999854       369589      6826.67
        1.38     0.999866       369597      7447.27
        1.38     0.999878       369597      8192.00
        1.40     0.999884       369601      8623.16
        1.41     0.999890       369602      9102.22
        1.42     0.999896       369605      9637.65
        1.42     0.999902       369607     10240.00
        1.43     0.999908       369611     10922.67
        1.43     0.999915       369611     11702.86
        1.44     0.999921       369613     12603.08
        1.46     0.999927       369615     13653.33
        1.47     0.999933       369618     14894.55
        1.51     0.999939       369620     16384.00
        1.52     0.999942       369621     17246.32
        1.53     0.999945       369623     18204.44
        1.53     0.999948       369623     19275.29
        1.53     0.999951       369625     20480.00
        1.54     0.999954       369626     21845.33
        1.55     0.999957       369627     23405.71
        1.56     0.999960       369630     25206.15
        1.56     0.999963       369630     27306.67
        1.56     0.999966       369630     29789.09
        1.57     0.999969       369631     32768.00
        1.58     0.999971       369633     34492.63
        1.58     0.999973       369633     36408.89
        1.58     0.999974       369633     38550.59
        1.58     0.999976       369633     40960.00
        1.59     0.999977       369634     43690.67
        1.60     0.999979       369635     46811.43
        1.60     0.999980       369635     50412.31
        1.67     0.999982       369636     54613.33
        1.67     0.999983       369636     59578.18
        1.71     0.999985       369637     65536.00
        1.71     0.999986       369637     68985.26
        1.71     0.999986       369637     72817.78
        1.78     0.999987       369638     77101.18
        1.78     0.999988       369638     81920.00
        1.78     0.999989       369638     87381.33
       15.29     0.999989       369639     93622.86
       15.29     0.999990       369639    100824.62
       15.29     0.999991       369639    109226.67
       15.29     0.999992       369639    119156.36
       15.42     0.999992       369640    131072.00
       15.42     0.999993       369640    137970.53
       15.42     0.999993       369640    145635.56
       15.42     0.999994       369640    154202.35
       15.42     0.999994       369640    163840.00
       15.42     0.999994       369640    174762.67
       15.62     0.999995       369641    187245.71
       15.62     0.999995       369641    201649.23
       15.62     0.999995       369641    218453.33
       15.62     0.999996       369641    238312.73
       15.62     0.999996       369641    262144.00
       15.62     0.999996       369641    275941.05
       15.62     0.999997       369641    291271.11
       15.62     0.999997       369641    308404.71
       15.62     0.999997       369641    327680.00
       15.62     0.999997       369641    349525.33
       15.68     0.999997       369642    374491.43
       15.68     1.000000       369642          inf
#[Mean    =        0.649, StdDeviation   =        0.150]
#[Max     =       15.679, Total count    =       369642]
#[Buckets =           20, SubBuckets     =          256]
