       Value   Percentile   TotalCount 1/(1-Percentile)

        0.14     0.000000            1         1.00
        0.20     0.050000        53011         1.05
        0.21     0.100000       120051         1.11
        0.21     0.150000       239779         1.18
        0.21     0.200000       239779         1.25
        0.22     0.250000       395557         1.33
        0.22     0.300000       395557         1.43
        0.22     0.350000       395557         1.54
        0.23     0.400000       564805         1.67
        0.23     0.450000       564805         1.82
        0.23     0.500000       564805         2.00
        0.23     0.525000       564805         2.11
        0.24     0.550000       727842         2.22
        0.24     0.575000       727842         2.35
        0.24     0.600000       727842         2.50
        0.24     0.625000       727842         2.67
        0.24     0.650000       727842         2.86
        0.24     0.675000       727842         3.08
        0.25     0.700000       853815         3.33
        0.25     0.725000       853815         3.64
        0.25     0.750000       853815         4.00
        0.25     0.762500       853815         4.21
        0.25     0.775000       853815         4.44
        0.25     0.787500       853815         4.71
        0.25     0.800000       853815         5.00
        0.25     0.812500       853815         5.33
        0.26     0.825000       938988         5.71
        0.26     0.837500       938988         6.15
        0.26     0.850000       938988         6.67
        0.26     0.862500       938988         7.27
        0.26     0.875000       938988         8.00
        0.26     0.881250       938988         8.42
        0.26     0.887500       938988         8.89
        0.26     0.893750       938988         9.41
        0.26     0.900000       938988        10.00
        0.26     0.906250       991998        10.67
        0.26     0.912500       991998        11.43
        0.26     0.918750       991998        12.31
        0.26     0.925000       991998        13.33
        0.26     0.931250       991998        14.55
        0.26     0.937500       991998        16.00
        0.26     0.940625       991998        16.84
        0.26     0.943750       991998        17.78
        0.26     0.946875       991998        18.82
        0.26     0.950000       991998        20.00
        0.27     0.953125      1019882        21.33
        0.27     0.956250      1019882        22.86
        0.27     0.959375      1019882        24.62
        0.27     0.962500      1019882        26.67
        0.27     0.965625      1019882        29.09
        0.27     0.968750      1019882        32.00
        0.27     0.970313      1019882        33.68
        0.27     0.971875      1019882        35.56
        0.27     0.973437      1019882        37.65
        0.27     0.975000      1019882        40.00
        0.27     0.976562      1019882        42.67
        0.27     0.978125      1019882        45.71
        0.27     0.979688      1019882        49.23
        0.28     0.981250      1032445        53.33
        0.28     0.982812      1032445        58.18
        0.28     0.984375      1032445        64.00
        0.28     0.985156      1032445        67.37
        0.28     0.985938      1032445        71.11
        0.28     0.986719      1032445        75.29
        0.28     0.987500      1032445        80.00
        0.28     0.988281      1032445        85.33
        0.28     0.989062      1032445        91.43
        0.28     0.989844      1032445        98.46
        0.28     0.990625      1032445       106.67
        0.28     0.991406      1032445       116.36
        0.29     0.992188      1037694       128.00
        0.29     0.992578      1037694       134.74
        0.29     0.992969      1037694       142.22
        0.29     0.993359      1037694       150.59
        0.29     0.993750      1037694       160.00
        0.29     0.994141      1037694       170.67
        0.29     0.994531      1037694       182.86
        0.29     0.994922      1037694       196.92
        0.29     0.995313      1037694       213.33
        0.29     0.995703      1037694       232.73
        0.29     0.996094      1037694       256.00
        0.29     0.996289      1037694       269.47
        0.29     0.996484      1037694       284.44
        0.29     0.996680      1037694       301.18
        0.29     0.996875      1037694       320.00
        0.29     0.997070      1039572       341.33
        0.29     0.997266      1039572       365.71
        0.29     0.997461      1039572       393.85
        0.29     0.997656      1039572       426.67
        0.29     0.997852      1039572       465.45
        0.29     0.998047      1039572       512.00
        0.29     0.998145      1039572       538.95
        0.29     0.998242      1039572       568.89
        0.29     0.998340      1039572       602.35
        0.29     0.998437      1039572       640.00
        0.29     0.998535      1039572       682.67
        0.29     0.998633      1039572       731.43
        0.29     0.998730      1039572       787.69
        0.30     0.998828      1040251       853.33
        0.30     0.998926      1040251       930.91
        0.30     0.999023      1040251      1024.00
        0.30     0.999072      1040251      1077.89
        0.30     0.999121      1040251      1137.78
        0.30     0.999170      1040251      1204.71
        0.30     0.999219      1040251      1280.00
        0.30     0.999268      1040251      1365.33
        0.30     0.999316      1040251      1462.86
        0.30     0.999365      1040251      1575.38
        0.31     0.999414      1040488      1706.67
        0.31     0.999463      1040488      1861.82
        0.31     0.999512      1040488      2048.00
        0.31     0.999536      1040488      2155.79
        0.31     0.999561      1040488      2275.56
        0.31     0.999585      1040488      2409.41
        0.31     0.999609      1040488      2560.00
        0.32     0.999634      1040592      2730.67
        0.32     0.999658      1040592      2925.71
        0.32     0.999683      1040592      3150.77
        0.32     0.999707      1040592      3413.33
        0.33     0.999731      1040630      3723.64
        0.34     0.999756      1040644      4096.00
        0.34     0.999768      1040662      4311.58
        0.34     0.999780      1040662      4551.11
        0.35     0.999792      1040684      4818.82
        0.36     0.999805      1040703      5120.00
        0.36     0.999817      1040703      5461.33
        0.37     0.999829      1040716      5851.43
        0.38     0.999841      1040729      6301.54
        0.38     0.999854      1040742      6826.67
        0.39     0.999866      1040755      7447.27
        0.40     0.999878      1040762      8192.00
        0.41     0.999884      1040781      8623.16
        0.41     0.999890      1040781      9102.22
        0.41     0.999896      1040781      9637.65
        0.41     0.999902      1040808     10240.00
        0.41     0.999908      1040808     10922.67
        0.41     0.999915      1040808     11702.86
        0.41     0.999921      1040808     12603.08
        0.42     0.999927      1040836     13653.33
        0.42     0.999933      1040836     14894.55
        0.42     0.999939      1040836     16384.00
        0.42     0.999942      1040836     17246.32
        0.42     0.999945      1040836     18204.44
        0.42     0.999948      1040836     19275.29
        0.43     0.999951      1040854     20480.00
        0.43     0.999954      1040854     21845.33
        0.43     0.999957      1040854     23405.71
        0.43     0.999960      1040854     25206.15
        0.43     0.999963      1040854     27306.67
        0.43     0.999966      1040854     29789.09
        0.44     0.999969      1040862     32768.00
        0.44     0.999971      1040862     34492.63
        0.44     0.999973      1040862     36408.89
        0.44     0.999974      1040862     38550.59
        0.45     0.999976      1040872     40960.00
        0.45     0.999977      1040872     43690.67
        0.45     0.999979      1040872     46811.43
        0.45     0.999980      1040872     50412.31
        0.45     0.999982      1040872     54613.33
        0.45     0.999983      1040872     59578.18
        0.46     0.999985      1040876     65536.00
        0.46     0.999986      1040876     68985.26
        0.46     0.999986      1040876     72817.78
        0.46     0.999987      1040876     77101.18
        0.46     0.999988      1040876     81920.00
        0.46     0.999989      1040879     87381.33
        0.46     0.999989      1040879     93622.86
        0.46     0.999990      1040879    100824.62
        0.46     0.999991      1040879    109226.67
        0.47     0.999992      1040880    119156.36
        0.48     0.999992      1040881    131072.00
        0.48     0.999993      1040881    137970.53
        0.48     0.999993      1040881    145635.56
        0.49     0.999994      1040883    154202.35
        0.49     0.999994      1040883    163840.00
        0.49     0.999994      1040883    174762.67
        0.49     0.999995      1040883    187245.71
        0.49     0.999995      1040883    201649.23
        0.49     0.999995      1040887    218453.33
        0.49     0.999996      1040887    238312.73
        0.49     0.999996      1040887    262144.00
        0.49     0.999996      1040887    275941.05
        0.49     0.999997      1040887    291271.11
        0.49     0.999997      1040887    308404.71
        0.49     0.999997      1040887    327680.00
        0.49     0.999997      1040887    349525.33
        0.49     0.999997      1040887    374491.43
        0.49     0.999998      1040887    403298.46
        0.49     0.999998      1040887    436906.67
        0.49     0.999998      1040887    476625.45
        0.49     0.999998      1040887    524288.00
        0.49     0.999998      1040887    551882.11
        0.49     0.999998      1040887    582542.22
        0.49     0.999998      1040887    616809.41
        0.49     0.999998      1040887    655360.00
        0.49     0.999999      1040887    699050.67
        0.49     0.999999      1040887    748982.86
        0.49     0.999999      1040887    806596.92
        0.49     0.999999      1040887    873813.33
        0.49     0.999999      1040887    953250.91
        0.51     0.999999      1040888   1048576.00
        0.51     1.000000      1040888          inf
#[Mean    =        0.231, StdDeviation   =        0.020]
#[Max     =        0.511, Total count    =      1040888]
#[Buckets =           20, SubBuckets     =          256]
