       Value   Percentile   TotalCount 1/(1-Percentile)

        0.21     0.000000            1         1.00
        0.46     0.050000        21857         1.05
        0.49     0.100000        38151         1.11
        0.53     0.150000        55075         1.18
        0.56     0.200000        73795         1.25
        0.57     0.250000        89327         1.33
        0.59     0.300000       108059         1.43
        0.61     0.350000       126471         1.54
        0.62     0.400000       141526         1.67
        0.65     0.450000       159954         1.82
        0.67     0.500000       181123         2.00
        0.68     0.525000       189562         2.11
        0.69     0.550000       198550         2.22
        0.69     0.575000       207904         2.35
        0.70     0.600000       217331         2.50
        0.71     0.625000       227101         2.67
        0.72     0.650000       236664         2.86
        0.73     0.675000       245773         3.08
        0.73     0.700000       254273         3.33
        0.74     0.725000       261843         3.64
        0.75     0.750000       268577         4.00
        0.76     0.762500       274194         4.21
        0.76     0.775000       274194         4.44
        0.77     0.787500       278921         4.71
        0.78     0.800000       282897         5.00
        0.79     0.812500       288540         5.33
        0.81     0.825000       292501         5.71
        0.83     0.837500       296801         6.15
        0.86     0.850000       301459         6.67
        0.89     0.862500       305833         7.27
        0.90     0.875000       309826         8.00
        0.91     0.881250       312320         8.42
        0.92     0.887500       315102         8.89
        0.93     0.893750       318187         9.41
        0.93     0.900000       318187        10.00
        0.94     0.906250       321503        10.67
        0.94     0.912500       324935        11.43
        0.94     0.918750       324935        12.31
        0.95     0.925000       328381        13.33
        0.96     0.931250       331869        14.55
        0.96     0.937500       331869        16.00
        0.97     0.940625       335160        16.84
        0.97     0.943750       335160        17.78
        0.97     0.946875       335160        18.82
        0.97     0.950000       338177        20.00
        0.97     0.953125       338177        21.33
        0.97     0.956250       338177        22.86
        0.98     0.959375       340777        24.62
        0.98     0.962500       340777        26.67
        0.99     0.965625       343018        29.09
        0.99     0.968750       343018        32.00
        0.99     0.970313       343018        33.68
        1.00     0.971875       344880        35.56
        1.00     0.973437       344880        37.65
        1.00     0.975000       344880        40.00
        1.01     0.976562       346385        42.67
        1.01     0.978125       346385        45.71
        1.01     0.979688       346385        49.23
        1.01     0.981250       347554        53.33
        1.01     0.982812       347554        58.18
        1.02     0.984375       348437        64.00
        1.02     0.985156       348437        67.37
        1.03     0.985938       349099        71.11
        1.03     0.986719       349099        75.29
        1.03     0.987500       349099        80.00
        1.04     0.988281       349669        85.33
        1.04     0.989062       349669        91.43
        1.05     0.989844       350061        98.46
        1.05     0.990625       350395       106.67
        1.06     0.991406       350686       116.36
        1.07     0.992188       350939       128.00
        1.07     0.992578       350939       134.74
        1.08     0.992969       351177       142.22
        1.08     0.993359       351177       150.59
        1.09     0.993750       351349       160.00
        1.09     0.994141       351522       170.67
        1.10     0.994531       351682       182.86
        1.11     0.994922       351830       196.92
        1.12     0.995313       351973       213.33
        1.13     0.995703       352097       232.73
        1.14     0.996094       352228       256.00
        1.14     0.996289       352228       269.47
        1.14     0.996484       352328       284.44
        1.14     0.996680       352328       301.18
        1.15     0.996875       352433       320.00
        1.16     0.997070       352527       341.33
        1.17     0.997266       352602       365.71
        1.17     0.997461       352602       393.85
        1.18     0.997656       352682       426.67
        1.18     0.997852       352756       465.45
        1.20     0.998047       352859       512.00
        1.20     0.998145       352859       538.95
        1.21     0.998242       352907       568.89
        1.22     0.998340       352956       602.35
        1.22     0.998437       352956       640.00
        1.22     0.998535       352999       682.67
        1.23     0.998633       353025       731.43
        1.24     0.998730       353053       787.69
        1.25     0.998828       353087       853.33
        1.26     0.998926       353146       930.91
        1.27     0.999023       353164      1024.00
        1.28     0.999072       353186      1077.89
        1.28     0.999121       353186      1137.78
        1.29     0.999170       353211      1204.71
        1.29     0.999219       353242      1280.00
        1.29     0.999268       353242      1365.33
        1.30     0.999316       353257      1462.86
        1.31     0.999365       353276      1575.38
        1.32     0.999414       353290      1706.67
        1.33     0.999463       353311      1861.82
        1.34     0.999512       353326      2048.00
        1.35     0.999536       353340      2155.79
        1.35     0.999561       353340      2275.56
        1.36     0.999585       353350      2409.41
        1.37     0.999609       353361      2560.00
        1.38     0.999634       353370      2730.67
        1.38     0.999658       353378      2925.71
        1.39     0.999683       353389      3150.77
        1.40     0.999707       353397      3413.33
        1.41     0.999731       353401      3723.64
        1.42     0.999756       353416      4096.00
        1.42     0.999768       353416      4311.58
        1.43     0.999780       353423      4551.11
        1.43     0.999792       353423      4818.82
        1.44     0.999805       353426      5120.00
        1.46     0.999817       353433      5461.33
        1.47     0.999829       353437      5851.43
        1.49     0.999841       353443      6301.54
        1.50     0.999854       353445      6826.67
        1.53     0.999866       353449      7447.27
        1.53     0.999878       353452      8192.00
        1.56     0.999884       353455      8623.16
        1.59     0.999890       353457      9102.22
        1.62     0.999896       353460      9637.65
        1.63     0.999902       353461     10240.00
        1.66     0.999908       353463     10922.67
        1.74     0.999915       353465     11702.86
        1.94     0.999921       353467     12603.08
        4.01     0.999927       353470     13653.33
        4.38     0.999933       353472     14894.55
        4.42     0.999939       353474     16384.00
        4.45     0.999942       353475     17246.32
        4.48     0.999945       353476     18204.44
        4.54     0.999948       353477     19275.29
        4.67     0.999951       353478     20480.00
        4.70     0.999954       353479     21845.33
        4.77     0.999957       353480     23405.71
        4.96     0.999960       353481     25206.15
        4.99     0.999963       353483     27306.67
        6.85     0.999966       353485     29789.09
        6.85     0.999969       353485     32768.00
        6.85     0.999971       353485     34492.63
        6.88     0.999973       353486     36408.89
        6.88     0.999974       353486     38550.59
        7.10     0.999976       353487     40960.00
        7.10     0.999977       353487     43690.67
        7.13     0.999979       353488     46811.43
        7.13     0.999980       353488     50412.31
        7.17     0.999982       353489     54613.33
        7.20     0.999983       353490     59578.18
        7.20     0.999985       353490     65536.00
        7.20     0.999986       353490     68985.26
        7.33     0.999986       353491     72817.78
        7.33     0.999987       353491     77101.18
        7.33     0.999988       353491     81920.00
        7.33     0.999989       353491     87381.33
        7.55     0.999989       353494     93622.86
        7.55     0.999990       353494    100824.62
        7.55     0.999991       353494    109226.67
        7.55     0.999992       353494    119156.36
        7.55     0.999992       353494    131072.00
        7.55     0.999993       353494    137970.53
        7.55     0.999993       353494    145635.56
        7.55     0.999994       353494    154202.35
        7.55     0.999994       353494    163840.00
        7.55     0.999994       353494    174762.67
        7.55     0.999995       353494    187245.71
        7.55     0.999995       353494    201649.23
        7.55     0.999995       353494    218453.33
        7.55     0.999996       353494    238312.73
        7.55     0.999996       353494    262144.00
        7.55     0.999996       353494    275941.05
        7.55     0.999997       353494    291271.11
        7.55     0.999997       353494    308404.71
        7.55     0.999997       353494    327680.00
        7.55     0.999997       353494    349525.33
        7.78     0.999997       353495    374491.43
        7.78     1.000000       353495          inf
#[Mean    =        0.678, StdDeviation   =        0.161]
#[Max     =        7.775, Total count    =       353495]
#[Buckets =           20, SubBuckets     =          256]
