       Value   Percentile   TotalCount 1/(1-Percentile)

        0.22     0.000000            1         1.00
        0.41     0.050000        19819         1.05
        0.45     0.100000        40493         1.11
        0.49     0.150000        58617         1.18
        0.52     0.200000        81591         1.25
        0.54     0.250000       103741         1.33
        0.54     0.300000       116480         1.43
        0.56     0.350000       140152         1.54
        0.57     0.400000       157653         1.67
        0.60     0.450000       178170         1.82
        0.61     0.500000       195233         2.00
        0.62     0.525000       205754         2.11
        0.63     0.550000       217354         2.22
        0.64     0.575000       229690         2.35
        0.65     0.600000       242342         2.50
        0.65     0.625000       242342         2.67
        0.66     0.650000       255060         2.86
        0.66     0.675000       267596         3.08
        0.67     0.700000       279222         3.33
        0.68     0.725000       289584         3.64
        0.69     0.750000       298449         4.00
        0.69     0.762500       298449         4.21
        0.69     0.775000       305896         4.44
        0.69     0.787500       305896         4.71
        0.70     0.800000       311972         5.00
        0.71     0.812500       316839         5.33
        0.72     0.825000       320467         5.71
        0.73     0.837500       325366         6.15
        0.76     0.850000       329161         6.67
        0.80     0.862500       333293         7.27
        0.82     0.875000       338015         8.00
        0.83     0.881250       340496         8.42
        0.84     0.887500       343626         8.89
        0.85     0.893750       347116         9.41
        0.85     0.900000       351041        10.00
        0.85     0.906250       351041        10.67
        0.86     0.912500       355086        11.43
        0.86     0.918750       355086        12.31
        0.87     0.925000       359387        13.33
        0.88     0.931250       363749        14.55
        0.88     0.937500       363749        16.00
        0.88     0.940625       363749        16.84
        0.89     0.943750       367913        17.78
        0.89     0.946875       367913        18.82
        0.89     0.950000       367913        20.00
        0.90     0.953125       371653        21.33
        0.90     0.956250       371653        22.86
        0.90     0.959375       371653        24.62
        0.90     0.962500       374859        26.67
        0.90     0.965625       374859        29.09
        0.90     0.968750       374859        32.00
        0.90     0.970313       374859        33.68
        0.91     0.971875       377449        35.56
        0.91     0.973437       377449        37.65
        0.91     0.975000       377449        40.00
        0.91     0.976562       377449        42.67
        0.92     0.978125       379544        45.71
        0.92     0.979688       379544        49.23
        0.92     0.981250       379544        53.33
        0.93     0.982812       381052        58.18
        0.93     0.984375       381052        64.00
        0.93     0.985156       381052        67.37
        0.93     0.985938       381052        71.11
        0.94     0.986719       382246        75.29
        0.94     0.987500       382246        80.00
        0.94     0.988281       382246        85.33
        0.94     0.989062       382246        91.43
        0.94     0.989844       383077        98.46
        0.94     0.990625       383077       106.67
        0.94     0.991406       383077       116.36
        0.95     0.992188       383719       128.00
        0.95     0.992578       383719       134.74
        0.95     0.992969       383719       142.22
        0.95     0.993359       383719       150.59
        0.96     0.993750       384218       160.00
        0.96     0.994141       384218       170.67
        0.96     0.994531       384218       182.86
        0.97     0.994922       384570       196.92
        0.97     0.995313       384570       213.33
        0.97     0.995703       384570       232.73
        0.97     0.996094       384854       256.00
        0.97     0.996289       384854       269.47
        0.98     0.996484       385092       284.44
        0.98     0.996680       385092       301.18
        0.98     0.996875       385092       320.00
        0.98     0.997070       385092       341.33
        0.99     0.997266       385265       365.71
        0.99     0.997461       385265       393.85
        1.00     0.997656       385420       426.67
        1.00     0.997852       385420       465.45
        1.01     0.998047       385522       512.00
        1.01     0.998145       385522       538.95
        1.01     0.998242       385634       568.89
        1.01     0.998340       385634       602.35
        1.01     0.998437       385634       640.00
        1.02     0.998535       385712       682.67
        1.02     0.998633       385712       731.43
        1.03     0.998730       385787       787.69
        1.03     0.998828       385787       853.33
        1.04     0.998926       385862       930.91
        1.04     0.999023       385862      1024.00
        1.05     0.999072       385910      1077.89
        1.05     0.999121       385910      1137.78
        1.05     0.999170       385910      1204.71
        1.05     0.999219       385947      1280.00
        1.05     0.999268       385947      1365.33
        1.06     0.999316       385993      1462.86
        1.06     0.999365       385993      1575.38
        1.07     0.999414       386033      1706.67
        1.07     0.999463       386033      1861.82
        1.08     0.999512       386064      2048.00
        1.08     0.999536       386064      2155.79
        1.08     0.999561       386064      2275.56
        1.08     0.999585       386064      2409.41
        1.09     0.999609       386079      2560.00
        1.09     0.999634       386093      2730.67
        1.09     0.999658       386093      2925.71
        1.11     0.999683       386103      3150.77
        1.12     0.999707       386112      3413.33
        1.13     0.999731       386121      3723.64
        1.14     0.999756       386130      4096.00
        1.15     0.999768       386134      4311.58
        1.17     0.999780       386140      4551.11
        1.18     0.999792       386143      4818.82
        1.20     0.999805       386148      5120.00
        1.23     0.999817       386154      5461.33
        1.27     0.999829       386157      5851.43
        1.37     0.999841       386163      6301.54
        1.47     0.999854       386167      6826.67
        2.32     0.999866       386172      7447.27
        2.91     0.999878       386176      8192.00
        3.23     0.999884       386179      8623.16
        3.57     0.999890       386182      9102.22
        3.58     0.999896       386184      9637.65
        3.65     0.999902       386186     10240.00
        3.68     0.999908       386188     10922.67
        3.73     0.999915       386190     11702.86
        3.84     0.999921       386194     12603.08
        3.85     0.999927       386195     13653.33
        3.95     0.999933       386199     14894.55
        4.00     0.999939       386200     16384.00
        4.01     0.999942       386201     17246.32
        4.03     0.999945       386202     18204.44
        4.08     0.999948       386203     19275.29
        4.13     0.999951       386207     20480.00
        4.13     0.999954       386207     21845.33
        4.13     0.999957       386207     23405.71
        4.16     0.999960       386209     25206.15
        4.16     0.999963       386209     27306.67
        4.32     0.999966       386211     29789.09
        5.73     0.999969       386212     32768.00
        5.73     0.999971       386212     34492.63
        5.79     0.999973       386214     36408.89
        5.79     0.999974       386214     38550.59
        5.79     0.999976       386214     40960.00
        5.82     0.999977       386216     43690.67
        5.82     0.999979       386216     46811.43
        5.82     0.999980       386216     50412.31
        5.82     0.999982       386216     54613.33
        5.86     0.999983       386217     59578.18
        6.01     0.999985       386219     65536.00
        6.01     0.999986       386219     68985.26
        6.01     0.999986       386219     72817.78
        6.01     0.999987       386219     77101.18
        6.01     0.999988       386219     81920.00
        6.01     0.999989       386219     87381.33
        6.01     0.999989       386219     93622.86
        6.05     0.999990       386220    100824.62
        6.05     0.999991       386220    109226.67
        6.05     0.999992       386220    119156.36
        6.08     0.999992       386221    131072.00
        6.08     0.999993       386221    137970.53
        6.08     0.999993       386221    145635.56
        6.08     0.999994       386221    154202.35
        6.08     0.999994       386221    163840.00
        6.08     0.999994       386221    174762.67
        6.08     0.999995       386221    187245.71
        6.11     0.999995       386222    201649.23
        6.11     0.999995       386222    218453.33
        6.11     0.999996       386222    238312.73
        6.11     0.999996       386222    262144.00
        6.11     0.999996       386222    275941.05
        6.11     0.999997       386222    291271.11
        6.11     0.999997       386222    308404.71
        6.11     0.999997       386222    327680.00
        6.11     0.999997       386222    349525.33
        6.11     0.999997       386222    374491.43
        6.21     0.999998       386223    403298.46
        6.21     1.000000       386223          inf
#[Mean    =        0.621, StdDeviation   =        0.141]
#[Max     =        6.207, Total count    =       386223]
#[Buckets =           20, SubBuckets     =          256]
