       Value   Percentile   TotalCount 1/(1-Percentile)

        0.17     0.000000            2         1.00
        0.27     0.050000        40861         1.05
        0.28     0.100000        64393         1.11
        0.32     0.150000        91223         1.18
        0.34     0.200000       142372         1.25
        0.35     0.250000       172111         1.33
        0.36     0.300000       201199         1.43
        0.37     0.350000       228826         1.54
        0.38     0.400000       249031         1.67
        0.39     0.450000       273781         1.82
        0.41     0.500000       329723         2.00
        0.41     0.525000       329723         2.11
        0.41     0.550000       329723         2.22
        0.41     0.575000       369328         2.35
        0.41     0.600000       369328         2.50
        0.42     0.625000       409340         2.67
        0.42     0.650000       409340         2.86
        0.42     0.675000       409340         3.08
        0.43     0.700000       447929         3.33
        0.43     0.725000       447929         3.64
        0.43     0.750000       447929         4.00
        0.44     0.762500       480098         4.21
        0.44     0.775000       480098         4.44
        0.44     0.787500       480098         4.71
        0.44     0.800000       480098         5.00
        0.45     0.812500       499467         5.33
        0.45     0.825000       499467         5.71
        0.46     0.837500       507449         6.15
        0.46     0.850000       507449         6.67
        0.55     0.862500       515029         7.27
        0.57     0.875000       526764         8.00
        0.57     0.881250       526764         8.42
        0.57     0.887500       539483         8.89
        0.57     0.893750       539483         9.41
        0.57     0.900000       539483        10.00
        0.58     0.906250       555412        10.67
        0.58     0.912500       555412        11.43
        0.58     0.918750       555412        12.31
        0.58     0.925000       555412        13.33
        0.59     0.931250       571402        14.55
        0.59     0.937500       571402        16.00
        0.59     0.940625       571402        16.84
        0.59     0.943750       571402        17.78
        0.59     0.946875       571402        18.82
        0.59     0.950000       571402        20.00
        0.59     0.953125       571402        21.33
        0.59     0.956250       571402        22.86
        0.60     0.959375       583986        24.62
        0.60     0.962500       583986        26.67
        0.60     0.965625       583986        29.09
        0.60     0.968750       583986        32.00
        0.60     0.970313       583986        33.68
        0.60     0.971875       583986        35.56
        0.60     0.973437       583986        37.65
        0.60     0.975000       583986        40.00
        0.60     0.976562       583986        42.67
        0.60     0.978125       583986        45.71
        0.61     0.979688       591454        49.23
        0.61     0.981250       591454        53.33
        0.61     0.982812       591454        58.18
        0.61     0.984375       591454        64.00
        0.61     0.985156       591454        67.37
        0.61     0.985938       591454        71.11
        0.61     0.986719       591454        75.29
        0.61     0.987500       591454        80.00
        0.61     0.988281       591454        85.33
        0.61     0.989062       591454        91.43
        0.61     0.989844       591454        98.46
        0.61     0.990625       591454       106.67
        0.61     0.991406       594939       116.36
        0.61     0.992188       594939       128.00
        0.61     0.992578       594939       134.74
        0.61     0.992969       594939       142.22
        0.61     0.993359       594939       150.59
        0.61     0.993750       594939       160.00
        0.61     0.994141       594939       170.67
        0.61     0.994531       594939       182.86
        0.61     0.994922       594939       196.92
        0.61     0.995313       594939       213.33
        0.61     0.995703       594939       232.73
        0.61     0.996094       594939       256.00
        0.61     0.996289       594939       269.47
        0.61     0.996484       594939       284.44
        0.61     0.996680       594939       301.18
        0.62     0.996875       596182       320.00
        0.62     0.997070       596182       341.33
        0.62     0.997266       596182       365.71
        0.62     0.997461       596182       393.85
        0.62     0.997656       596182       426.67
        0.62     0.997852       596182       465.45
        0.62     0.998047       596182       512.00
        0.62     0.998145       596182       538.95
        0.62     0.998242       596182       568.89
        0.62     0.998340       596182       602.35
        0.62     0.998437       596182       640.00
        0.62     0.998535       596182       682.67
        0.62     0.998633       596182       731.43
        0.62     0.998730       596182       787.69
        0.62     0.998828       596182       853.33
        0.62     0.998926       596182       930.91
        0.63     0.999023       596555      1024.00
        0.63     0.999072       596555      1077.89
        0.63     0.999121       596555      1137.78
        0.63     0.999170       596555      1204.71
        0.63     0.999219       596555      1280.00
        0.63     0.999268       596555      1365.33
        0.63     0.999316       596555      1462.86
        0.63     0.999365       596555      1575.38
        0.63     0.999414       596555      1706.67
        0.63     0.999463       596555      1861.82
        0.63     0.999512       596555      2048.00
        0.63     0.999536       596555      2155.79
        0.63     0.999561       596555      2275.56
        0.64     0.999585       596674      2409.41
        0.64     0.999609       596674      2560.00
        0.64     0.999634       596674      2730.67
        0.64     0.999658       596674      2925.71
        0.64     0.999683       596674      3150.77
        0.64     0.999707       596674      3413.33
        0.64     0.999731       596674      3723.64
        0.64     0.999756       596674      4096.00
        0.65     0.999768       596720      4311.58
        0.65     0.999780       596720      4551.11
        0.65     0.999792       596720      4818.82
        0.65     0.999805       596720      5120.00
        0.65     0.999817       596720      5461.33
        0.65     0.999829       596720      5851.43
        0.66     0.999841       596739      6301.54
        0.66     0.999854       596739      6826.67
        0.66     0.999866       596739      7447.27
        0.66     0.999878       596749      8192.00
        0.66     0.999884       596749      8623.16
        0.67     0.999890       596755      9102.22
        0.67     0.999896       596755      9637.65
        0.68     0.999902       596764     10240.00
        0.68     0.999908       596764     10922.67
        0.69     0.999915       596767     11702.86
        0.70     0.999921       596769     12603.08
        0.72     0.999927       596773     13653.33
        0.74     0.999933       596777     14894.55
        0.75     0.999939       596780     16384.00
        0.77     0.999942       596783     17246.32
        0.78     0.999945       596785     18204.44
        0.78     0.999948       596786     19275.29
        0.79     0.999951       596787     20480.00
        0.83     0.999954       596789     21845.33
        0.90     0.999957       596792     23405.71
        0.92     0.999960       596793     25206.15
        1.08     0.999963       596795     27306.67
        1.15     0.999966       596796     29789.09
        1.61     0.999969       596798     32768.00
        1.75     0.999971       596799     34492.63
        1.78     0.999973       596800     36408.89
        2.32     0.999974       596801     38550.59
        2.46     0.999976       596802     40960.00
        2.56     0.999977       596803     43690.67
        2.72     0.999979       596804     46811.43
        6.21     0.999980       596805     50412.31
        6.37     0.999982       596807     54613.33
        6.37     0.999983       596807     59578.18
        6.37     0.999985       596807     65536.00
        6.40     0.999986       596808     68985.26
        6.40     0.999986       596808     72817.78
        7.01     0.999987       596809     77101.18
        7.01     0.999988       596809     81920.00
        7.23     0.999989       596810     87381.33
        7.23     0.999989       596810     93622.86
        7.26     0.999990       596811    100824.62
        7.26     0.999991       596811    109226.67
        7.26     0.999992       596811    119156.36
        7.39     0.999992       596812    131072.00
        7.39     0.999993       596812    137970.53
        7.39     0.999993       596812    145635.56
       10.75     0.999994       596813    154202.35
       10.75     0.999994       596813    163840.00
       10.75     0.999994       596813    174762.67
       10.75     0.999995       596813    187245.71
       10.88     0.999995       596814    201649.23
       10.88     0.999995       596814    218453.33
       10.88     0.999996       596814    238312.73
       10.88     0.999996       596814    262144.00
       10.88     0.999996       596814    275941.05
       10.88     0.999997       596814    291271.11
       11.01     0.999997       596816    308404.71
       11.01     1.000000       596816          inf
#[Mean    =        0.402, StdDeviation   =        0.098]
#[Max     =       11.007, Total count    =       596816]
#[Buckets =           20, SubBuckets     =          256]
