       Value   Percentile   TotalCount 1/(1-Percentile)

        0.17     0.000000            1         1.00
        0.26     0.050000        34767         1.05
        0.27     0.100000        80586         1.11
        0.30     0.150000        98325         1.18
        0.32     0.200000       130133         1.25
        0.33     0.250000       161090         1.33
        0.34     0.300000       194614         1.43
        0.34     0.350000       226501         1.54
        0.35     0.400000       254916         1.67
        0.37     0.450000       286788         1.82
        0.38     0.500000       340989         2.00
        0.38     0.525000       340989         2.11
        0.39     0.550000       382691         2.22
        0.39     0.575000       382691         2.35
        0.39     0.600000       382691         2.50
        0.40     0.625000       426939         2.67
        0.40     0.650000       426939         2.86
        0.40     0.675000       426939         3.08
        0.41     0.700000       470251         3.33
        0.41     0.725000       470251         3.64
        0.41     0.750000       507239         4.00
        0.41     0.762500       507239         4.21
        0.41     0.775000       507239         4.44
        0.41     0.787500       507239         4.71
        0.41     0.800000       507239         5.00
        0.42     0.812500       529194         5.33
        0.42     0.825000       529194         5.71
        0.42     0.837500       529194         6.15
        0.43     0.850000       537406         6.67
        0.52     0.862500       546213         7.27
        0.54     0.875000       557024         8.00
        0.54     0.881250       557024         8.42
        0.54     0.887500       569255         8.89
        0.54     0.893750       569255         9.41
        0.54     0.900000       569255        10.00
        0.55     0.906250       585808        10.67
        0.55     0.912500       585808        11.43
        0.55     0.918750       585808        12.31
        0.55     0.925000       585808        13.33
        0.56     0.931250       603429        14.55
        0.56     0.937500       603429        16.00
        0.56     0.940625       603429        16.84
        0.56     0.943750       603429        17.78
        0.56     0.946875       603429        18.82
        0.56     0.950000       603429        20.00
        0.56     0.953125       603429        21.33
        0.57     0.956250       617338        22.86
        0.57     0.959375       617338        24.62
        0.57     0.962500       617338        26.67
        0.57     0.965625       617338        29.09
        0.57     0.968750       617338        32.00
        0.57     0.970313       617338        33.68
        0.57     0.971875       617338        35.56
        0.57     0.973437       617338        37.65
        0.57     0.975000       617338        40.00
        0.57     0.976562       617338        42.67
        0.57     0.978125       625751        45.71
        0.57     0.979688       625751        49.23
        0.57     0.981250       625751        53.33
        0.57     0.982812       625751        58.18
        0.57     0.984375       625751        64.00
        0.57     0.985156       625751        67.37
        0.57     0.985938       625751        71.11
        0.57     0.986719       625751        75.29
        0.57     0.987500       625751        80.00
        0.57     0.988281       625751        85.33
        0.57     0.989062       625751        91.43
        0.57     0.989844       625751        98.46
        0.57     0.990625       625751       106.67
        0.58     0.991406       629579       116.36
        0.58     0.992188       629579       128.00
        0.58     0.992578       629579       134.74
        0.58     0.992969       629579       142.22
        0.58     0.993359       629579       150.59
        0.58     0.993750       629579       160.00
        0.58     0.994141       629579       170.67
        0.58     0.994531       629579       182.86
        0.58     0.994922       629579       196.92
        0.58     0.995313       629579       213.33
        0.58     0.995703       629579       232.73
        0.58     0.996094       629579       256.00
        0.58     0.996289       629579       269.47
        0.58     0.996484       629579       284.44
        0.58     0.996680       629579       301.18
        0.58     0.996875       629579       320.00
        0.58     0.997070       629579       341.33
        0.59     0.997266       630863       365.71
        0.59     0.997461       630863       393.85
        0.59     0.997656       630863       426.67
        0.59     0.997852       630863       465.45
        0.59     0.998047       630863       512.00
        0.59     0.998145       630863       538.95
        0.59     0.998242       630863       568.89
        0.59     0.998340       630863       602.35
        0.59     0.998437       630863       640.00
        0.59     0.998535       630863       682.67
        0.59     0.998633       630863       731.43
        0.59     0.998730       630863       787.69
        0.59     0.998828       630863       853.33
        0.59     0.998926       630863       930.91
        0.59     0.999023       630863      1024.00
        0.59     0.999072       630863      1077.89
        0.59     0.999121       630863      1137.78
        0.60     0.999170       631228      1204.71
        0.60     0.999219       631228      1280.00
        0.60     0.999268       631228      1365.33
        0.60     0.999316       631228      1462.86
        0.60     0.999365       631228      1575.38
        0.60     0.999414       631228      1706.67
        0.60     0.999463       631228      1861.82
        0.60     0.999512       631228      2048.00
        0.60     0.999536       631228      2155.79
        0.60     0.999561       631228      2275.56
        0.60     0.999585       631228      2409.41
        0.60     0.999609       631228      2560.00
        0.60     0.999634       631228      2730.67
        0.60     0.999658       631228      2925.71
        0.60     0.999683       631228      3150.77
        0.60     0.999707       631228      3413.33
        0.61     0.999731       631323      3723.64
        0.61     0.999756       631323      4096.00
        0.61     0.999768       631323      4311.58
        0.61     0.999780       631323      4551.11
        0.61     0.999792       631323      4818.82
        0.61     0.999805       631323      5120.00
        0.61     0.999817       631323      5461.33
        0.61     0.999829       631323      5851.43
        0.61     0.999841       631323      6301.54
        0.61     0.999854       631323      6826.67
        0.61     0.999866       631323      7447.27
        0.61     0.999878       631349      8192.00
        0.61     0.999884       631349      8623.16
        0.61     0.999890       631349      9102.22
        0.61     0.999896       631349      9637.65
        0.61     0.999902       631349     10240.00
        0.61     0.999908       631349     10922.67
        0.61     0.999915       631349     11702.86
        0.62     0.999921       631358     12603.08
        0.62     0.999927       631358     13653.33
        0.63     0.999933       631361     14894.55
        0.64     0.999939       631368     16384.00
        0.64     0.999942       631368     17246.32
        0.64     0.999945       631368     18204.44
        0.65     0.999948       631375     19275.29
        0.65     0.999951       631375     20480.00
        0.65     0.999954       631375     21845.33
        0.66     0.999957       631383     23405.71
        0.66     0.999960       631383     25206.15
        0.66     0.999963       631383     27306.67
        0.66     0.999966       631383     29789.09
        0.66     0.999969       631383     32768.00
        0.66     0.999971       631389     34492.63
        0.66     0.999973       631389     36408.89
        0.66     0.999974       631389     38550.59
        0.66     0.999976       631389     40960.00
        0.66     0.999977       631389     43690.67
        0.66     0.999979       631389     46811.43
        0.67     0.999980       631390     50412.31
        0.68     0.999982       631392     54613.33
        0.68     0.999983       631392     59578.18
        0.69     0.999985       631394     65536.00
        0.69     0.999986       631394     68985.26
        0.69     0.999986       631394     72817.78
        0.69     0.999987       631394     77101.18
        0.70     0.999988       631395     81920.00
        0.70     0.999989       631395     87381.33
        0.71     0.999989       631396     93622.86
        0.71     0.999990       631396    100824.62
        0.73     0.999991       631397    109226.67
        0.73     0.999992       631397    119156.36
        0.75     0.999992       631398    131072.00
        0.75     0.999993       631398    137970.53
        0.75     0.999993       631398    145635.56
        0.75     0.999994       631398    154202.35
        0.78     0.999994       631399    163840.00
        0.78     0.999994       631399    174762.67
        0.78     0.999995       631399    187245.71
        0.78     0.999995       631399    201649.23
        0.81     0.999995       631400    218453.33
        0.81     0.999996       631400    238312.73
        0.81     0.999996       631400    262144.00
        0.81     0.999996       631400    275941.05
        0.81     0.999997       631400    291271.11
        0.81     0.999997       631400    308404.71
        0.89     0.999997       631401    327680.00
        0.89     0.999997       631401    349525.33
        0.89     0.999997       631401    374491.43
        0.89     0.999998       631401    403298.46
        0.89     0.999998       631401    436906.67
        0.89     0.999998       631401    476625.45
        0.89     0.999998       631401    524288.00
        0.89     0.999998       631401    551882.11
        0.89     0.999998       631401    582542.22
        0.89     0.999998       631401    616809.41
        0.94     0.999998       631402    655360.00
        0.94     1.000000       631402          inf
#[Mean    =        0.380, StdDeviation   =        0.086]
#[Max     =        0.943, Total count    =       631402]
#[Buckets =           20, SubBuckets     =          256]
