       Value   Percentile   TotalCount 1/(1-Percentile)

        0.03     0.000000            2         1.00
        0.06     0.050000        25777         1.05
        0.07     0.100000        68925         1.11
        0.07     0.150000        68925         1.18
        0.08     0.200000        94505         1.25
        0.08     0.250000        94505         1.33
        0.09     0.300000       181471         1.43
        0.09     0.350000       181471         1.54
        0.09     0.400000       181471         1.67
        0.09     0.450000       181471         1.82
        0.09     0.500000       181471         2.00
        0.10     0.525000       228515         2.11
        0.10     0.550000       228515         2.22
        0.10     0.575000       228515         2.35
        0.10     0.600000       228515         2.50
        0.10     0.625000       228515         2.67
        0.10     0.650000       254378         2.86
        0.10     0.675000       254378         3.08
        0.10     0.700000       254378         3.33
        0.11     0.725000       288199         3.64
        0.11     0.750000       288199         4.00
        0.11     0.762500       288199         4.21
        0.11     0.775000       288199         4.44
        0.11     0.787500       288199         4.71
        0.11     0.800000       288199         5.00
        0.12     0.812500       309621         5.33
        0.12     0.825000       309621         5.71
        0.12     0.837500       309621         6.15
        0.12     0.850000       309621         6.67
        0.12     0.862500       309621         7.27
        0.13     0.875000       322182         8.00
        0.13     0.881250       322182         8.42
        0.13     0.887500       322182         8.89
        0.13     0.893750       322182         9.41
        0.14     0.900000       332881        10.00
        0.14     0.906250       332881        10.67
        0.14     0.912500       332881        11.43
        0.14     0.918750       332881        12.31
        0.14     0.925000       332881        13.33
        0.14     0.931250       339511        14.55
        0.14     0.937500       339511        16.00
        0.14     0.940625       339511        16.84
        0.14     0.943750       339511        17.78
        0.15     0.946875       344178        18.82
        0.15     0.950000       344178        20.00
        0.15     0.953125       344178        21.33
        0.15     0.956250       344178        22.86
        0.16     0.959375       347535        24.62
        0.16     0.962500       347535        26.67
        0.16     0.965625       347535        29.09
        0.17     0.968750       349437        32.00
        0.17     0.970313       349437        33.68
        0.17     0.971875       349437        35.56
        0.17     0.973437       349437        37.65
        0.17     0.975000       350954        40.00
        0.17     0.976562       350954        42.67
        0.18     0.978125       352081        45.71
        0.18     0.979688       352081        49.23
        0.19     0.981250       352801        53.33
        0.19     0.982812       352801        58.18
        0.20     0.984375       353373        64.00
        0.21     0.985156       353754        67.37
        0.21     0.985938       354081        71.11
        0.22     0.986719       354336        75.29
        0.23     0.987500       354514        80.00
        0.25     0.988281       354817        85.33
        0.26     0.989062       354999        91.43
        0.94     0.989844       355277        98.46
        0.97     0.990625       355562       106.67
        0.99     0.991406       355836       116.36
        1.01     0.992188       356245       128.00
        1.01     0.992578       356485       134.74
        1.01     0.992969       356485       142.22
        1.02     0.993359       356730       150.59
        1.02     0.993750       356730       160.00
        1.03     0.994141       356972       170.67
        1.03     0.994531       356972       182.86
        1.04     0.994922       357217       196.92
        1.05     0.995313       357402       213.33
        1.05     0.995703       357402       232.73
        1.05     0.996094       357586       256.00
        1.05     0.996289       357586       269.47
        1.06     0.996484       357757       284.44
        1.06     0.996680       357757       301.18
        1.07     0.996875       357898       320.00
        1.07     0.997070       357898       341.33
        1.08     0.997266       358011       365.71
        1.08     0.997461       358011       393.85
        1.09     0.997656       358117       426.67
        1.09     0.997852       358195       465.45
        1.10     0.998047       358266       512.00
        1.10     0.998145       358266       538.95
        1.11     0.998242       358327       568.89
        1.11     0.998340       358327       602.35
        1.12     0.998437       358360       640.00
        1.13     0.998535       358389       682.67
        1.14     0.998633       358439       731.43
        1.16     0.998730       358463       787.69
        1.19     0.998828       358490       853.33
        1.85     0.998926       358525       930.91
        3.29     0.999023       358561      1024.00
        3.82     0.999072       358578      1077.89
        3.90     0.999121       358595      1137.78
        3.97     0.999170       358613      1204.71
        4.00     0.999219       358631      1280.00
        4.03     0.999268       358657      1365.33
        4.05     0.999316       358665      1462.86
        4.08     0.999365       358689      1575.38
        4.09     0.999414       358702      1706.67
        4.13     0.999463       358743      1861.82
        4.13     0.999512       358743      2048.00
        4.16     0.999536       358766      2155.79
        4.16     0.999561       358766      2275.56
        4.16     0.999585       358766      2409.41
        4.19     0.999609       358791      2560.00
        4.19     0.999634       358791      2730.67
        4.19     0.999658       358791      2925.71
        4.22     0.999683       358821      3150.77
        4.22     0.999707       358821      3413.33
        4.22     0.999731       358821      3723.64
        4.25     0.999756       358840      4096.00
        4.25     0.999768       358840      4311.58
        4.25     0.999780       358840      4551.11
        4.25     0.999792       358840      4818.82
        4.25     0.999805       358840      5120.00
        4.29     0.999817       358848      5461.33
        4.32     0.999829       358854      5851.43
        4.32     0.999841       358854      6301.54
        4.35     0.999854       358859      6826.67
        4.38     0.999866       358863      7447.27
        4.45     0.999878       358867      8192.00
        4.48     0.999884       358870      8623.16
        4.51     0.999890       358871      9102.22
        4.54     0.999896       358873      9637.65
        4.58     0.999902       358875     10240.00
        4.64     0.999908       358878     10922.67
        4.70     0.999915       358880     11702.86
        4.74     0.999921       358882     12603.08
        4.77     0.999927       358886     13653.33
        4.77     0.999933       358886     14894.55
        4.83     0.999939       358890     16384.00
        4.83     0.999942       358890     17246.32
        4.86     0.999945       358893     18204.44
        4.86     0.999948       358893     19275.29
        4.86     0.999951       358893     20480.00
        4.93     0.999954       358896     21845.33
        4.93     0.999957       358896     23405.71
        4.93     0.999960       358896     25206.15
        4.96     0.999963       358898     27306.67
        4.96     0.999966       358898     29789.09
        4.99     0.999969       358900     32768.00
        4.99     0.999971       358900     34492.63
        5.02     0.999973       358902     36408.89
        5.02     0.999974       358902     38550.59
        5.02     0.999976       358902     40960.00
        5.02     0.999977       358902     43690.67
        5.05     0.999979       358903     46811.43
        5.05     0.999980       358903     50412.31
        5.15     0.999982       358904     54613.33
        5.15     0.999983       358904     59578.18
        5.44     0.999985       358906     65536.00
        5.44     0.999986       358906     68985.26
        5.44     0.999986       358906     72817.78
        5.44     0.999987       358906     77101.18
        5.44     0.999988       358906     81920.00
        5.44     0.999989       358906     87381.33
        5.63     0.999989       358907     93622.86
        5.63     0.999990       358907    100824.62
        5.63     0.999991       358907    109226.67
        5.63     0.999992       358907    119156.36
        5.70     0.999992       358908    131072.00
        5.70     0.999993       358908    137970.53
        5.70     0.999993       358908    145635.56
        5.70     0.999994       358908    154202.35
        5.70     0.999994       358908    163840.00
        5.70     0.999994       358908    174762.67
        5.86     0.999995       358909    187245.71
        5.86     0.999995       358909    201649.23
        5.86     0.999995       358909    218453.33
        5.86     0.999996       358909    238312.73
        5.86     0.999996       358909    262144.00
        5.86     0.999996       358909    275941.05
        5.86     0.999997       358909    291271.11
        5.86     0.999997       358909    308404.71
        5.86     0.999997       358909    327680.00
        5.86     0.999997       358909    349525.33
        5.92     0.999997       358910    374491.43
        5.92     1.000000       358910          inf
#[Mean    =        0.107, StdDeviation   =        0.160]
#[Max     =        5.919, Total count    =       358910]
#[Buckets =           20, SubBuckets     =          256]
