       Value   Percentile   TotalCount 1/(1-Percentile)

        0.07     0.000000           60         1.00
        0.17     0.050000      1426300         1.05
        0.46     0.100000      2964760         1.11
        0.56     0.150000      4396800         1.18
        0.59     0.200000      6098780         1.25
        0.60     0.250000      7269390         1.33
        0.61     0.300000      8955500         1.43
        0.61     0.350000     10672380         1.54
        0.62     0.400000     12080290         1.67
        0.63     0.450000     13263950         1.82
        0.64     0.500000     14342410         2.00
        0.65     0.525000     15398450         2.11
        0.66     0.550000     16492330         2.22
        0.66     0.575000     16492330         2.35
        0.66     0.600000     17643930         2.50
        0.67     0.625000     18807520         2.67
        0.67     0.650000     18807520         2.86
        0.68     0.675000     19933830         3.08
        0.68     0.700000     19933830         3.33
        0.69     0.725000     20957770         3.64
        0.69     0.750000     21830310         4.00
        0.69     0.762500     21830310         4.21
        0.70     0.775000     22534470         4.44
        0.70     0.787500     22534470         4.71
        0.71     0.800000     23057700         5.00
        0.72     0.812500     23439590         5.33
        0.73     0.825000     23711610         5.71
        0.73     0.837500     23914620         6.15
        0.75     0.850000     24215030         6.67
        0.78     0.862500     24569880         7.27
        0.81     0.875000     24921610         8.00
        0.82     0.881250     25086910         8.42
        0.85     0.887500     25324620         8.89
        0.86     0.893750     25484590         9.41
        0.88     0.900000     25645760        10.00
        0.90     0.906250     25824320        10.67
        0.91     0.912500     26022110        11.43
        0.93     0.918750     26244780        12.31
        0.94     0.925000     26361300        13.33
        0.95     0.931250     26616230        14.55
        0.96     0.937500     26751600        16.00
        0.97     0.940625     26889690        16.84
        0.97     0.943750     26889690        17.78
        0.97     0.946875     27027910        18.82
        0.98     0.950000     27167390        20.00
        0.98     0.953125     27167390        21.33
        0.99     0.956250     27302410        22.86
        1.00     0.959375     27432230        24.62
        1.00     0.962500     27432230        26.67
        1.01     0.965625     27555880        29.09
        1.01     0.968750     27668930        32.00
        1.01     0.970313     27668930        33.68
        1.01     0.971875     27668930        35.56
        1.02     0.973437     27769430        37.65
        1.02     0.975000     27769430        40.00
        1.03     0.976562     27856250        42.67
        1.03     0.978125     27856250        45.71
        1.04     0.979688     27930500        49.23
        1.05     0.981250     27990410        53.33
        1.05     0.982812     27990410        58.18
        1.05     0.984375     28038820        64.00
        1.06     0.985156     28077040        67.37
        1.06     0.985938     28077040        71.11
        1.07     0.986719     28106690        75.29
        1.08     0.987500     28128880        80.00
        1.09     0.988281     28147120        85.33
        1.09     0.989062     28161910        91.43
        1.11     0.989844     28182360        98.46
        1.14     0.990625     28201220       106.67
        1.18     0.991406     28222710       116.36
        1.22     0.992188     28244220       128.00
        1.26     0.992578     28256480       134.74
        1.29     0.992969     28266150       142.22
        1.34     0.993359     28277300       150.59
        1.39     0.993750     28288390       160.00
        1.45     0.994141     28300090       170.67
        1.50     0.994531     28310320       182.86
        1.61     0.994922     28321660       196.92
        1.85     0.995313     28332430       213.33
        2.16     0.995703     28343930       232.73
        2.56     0.996094     28354660       256.00
        2.80     0.996289     28360180       269.47
        3.04     0.996484     28365900       284.44
        3.42     0.996680     28371340       301.18
        3.79     0.996875     28376800       320.00
        4.29     0.997070     28382830       341.33
        4.89     0.997266     28388180       365.71
        5.54     0.997461     28393560       393.85
        6.14     0.997656     28399210       426.67
        6.72     0.997852     28404910       465.45
        7.33     0.998047     28410160       512.00
        7.62     0.998145     28413190       538.95
        7.87     0.998242     28415760       568.89
        8.19     0.998340     28418870       602.35
        8.45     0.998437     28421260       640.00
        8.89     0.998535     28424110       682.67
        9.28     0.998633     28426890       731.43
        9.86     0.998730     28429630       787.69
       10.62     0.998828     28432460       853.33
       12.16     0.998926     28435350       930.91
       13.18     0.999023     28437950      1024.00
       13.89     0.999072     28439350      1077.89
       14.78     0.999121     28440740      1137.78
       15.62     0.999170     28442220      1204.71
       16.19     0.999219     28443850      1280.00
       16.51     0.999268     28445170      1365.33
       17.15     0.999316     28446550      1462.86
       18.30     0.999365     28447700      1575.38
       19.07     0.999414     28449260      1706.67
       20.22     0.999463     28451430      1861.82
       20.35     0.999512     28451850      2048.00
       20.48     0.999536     28452750      2155.79
       20.73     0.999561     28453330      2275.56
       21.38     0.999585     28454090      2409.41
       21.89     0.999609     28454660      2560.00
       22.53     0.999634     28455490      2730.67
       23.04     0.999658     28456080      2925.71
       23.55     0.999683     28456820      3150.77
       24.19     0.999707     28460140      3413.33
       24.19     0.999731     28460140      3723.64
       24.19     0.999756     28460140      4096.00
       24.19     0.999768     28460140      4311.58
       24.19     0.999780     28460140      4551.11
       24.19     0.999792     28460140      4818.82
       24.32     0.999805     28461410      5120.00
       24.32     0.999817     28461410      5461.33
       24.32     0.999829     28461410      5851.43
       24.32     0.999841     28461410      6301.54
       24.57     0.999854     28461610      6826.67
       25.09     0.999866     28461930      7447.27
       25.47     0.999878     28462350      8192.00
       25.60     0.999884     28462420      8623.16
       26.37     0.999890     28462630      9102.22
       26.75     0.999896     28462810      9637.65
       27.14     0.999902     28462960     10240.00
       28.16     0.999908     28463670     10922.67
       28.16     0.999915     28463670     11702.86
       28.16     0.999921     28463670     12603.08
       28.16     0.999927     28463670     13653.33
       28.29     0.999933     28464330     14894.55
       28.29     0.999939     28464330     16384.00
       28.29     0.999942     28464330     17246.32
       28.29     0.999945     28464330     18204.44
       28.29     0.999948     28464330     19275.29
       28.41     0.999951     28464440     20480.00
       28.41     0.999954     28464440     21845.33
       28.54     0.999957     28464550     23405.71
       28.67     0.999960     28464690     25206.15
       28.67     0.999963     28464690     27306.67
       28.80     0.999966     28464790     29789.09
       28.93     0.999969     28464880     32768.00
       29.05     0.999971     28464930     34492.63
       29.18     0.999973     28464990     36408.89
       29.18     0.999974     28464990     38550.59
       30.46     0.999976     28465030     40960.00
       30.59     0.999977     28465080     43690.67
       32.13     0.999979     28465170     46811.43
       32.13     0.999980     28465170     50412.31
       32.26     0.999982     28465480     54613.33
       32.26     0.999983     28465480     59578.18
       32.26     0.999985     28465480     65536.00
       32.26     0.999986     28465480     68985.26
       32.26     0.999986     28465480     72817.78
       32.26     0.999987     28465480     77101.18
       32.26     0.999988     28465480     81920.00
       32.26     0.999989     28465480     87381.33
       32.26     0.999989     28465480     93622.86
       32.26     0.999990     28465480    100824.62
       32.26     0.999991     28465480    109226.67
       32.64     0.999992     28465510    119156.36
       32.64     0.999992     28465510    131072.00
       32.77     0.999993     28465550    137970.53
       32.77     0.999993     28465550    145635.56
       32.77     0.999994     28465550    154202.35
       32.77     0.999994     28465550    163840.00
       33.02     0.999994     28465560    174762.67
       34.30     0.999995     28465590    187245.71
       34.30     0.999995     28465590    201649.23
       34.30     0.999995     28465590    218453.33
       34.56     0.999996     28465640    238312.73
       34.56     0.999996     28465640    262144.00
       34.56     0.999996     28465640    275941.05
       34.56     0.999997     28465640    291271.11
       34.56     0.999997     28465640    308404.71
       34.56     0.999997     28465640    327680.00
       34.56     0.999997     28465640    349525.33
       40.19     0.999997     28465680    374491.43
       40.19     0.999998     28465680    403298.46
       40.19     0.999998     28465680    436906.67
       40.19     0.999998     28465680    476625.45
       40.19     0.999998     28465680    524288.00
       40.19     0.999998     28465680    551882.11
       40.19     0.999998     28465680    582542.22
       40.19     0.999998     28465680    616809.41
       40.19     0.999998     28465680    655360.00
       40.19     0.999999     28465680    699050.67
       40.45     0.999999     28465720    748982.86
       40.45     1.000000     28465720          inf
#[Mean    =        0.673, StdDeviation   =        0.746]
#[Max     =       40.447, Total count    =     28465720]
#[Buckets =           20, SubBuckets     =          256]
