       Value   Percentile   TotalCount 1/(1-Percentile)

        0.17     0.000000            1         1.00
        0.47     0.050000        21634         1.05
        0.49     0.100000        34942         1.11
        0.54     0.150000        52365         1.18
        0.58     0.200000        72906         1.25
        0.60     0.250000        90309         1.33
        0.61     0.300000       111216         1.43
        0.62     0.350000       121226         1.54
        0.65     0.400000       143608         1.67
        0.67     0.450000       158673         1.82
        0.69     0.500000       178249         2.00
        0.70     0.525000       186913         2.11
        0.71     0.550000       196492         2.22
        0.72     0.575000       206928         2.35
        0.72     0.600000       206928         2.50
        0.73     0.625000       217581         2.67
        0.73     0.650000       228449         2.86
        0.74     0.675000       239136         3.08
        0.75     0.700000       249367         3.33
        0.76     0.725000       258801         3.64
        0.76     0.750000       258801         4.00
        0.77     0.762500       267051         4.21
        0.78     0.775000       274089         4.44
        0.78     0.787500       274089         4.71
        0.78     0.800000       279863         5.00
        0.79     0.812500       284556         5.33
        0.79     0.825000       284556         5.71
        0.81     0.837500       290462         6.15
        0.82     0.850000       293376         6.67
        0.90     0.862500       297579         7.27
        0.94     0.875000       303093         8.00
        0.94     0.881250       305671         8.42
        0.95     0.887500       308666         8.89
        0.95     0.893750       308666         9.41
        0.96     0.900000       312109        10.00
        0.97     0.906250       315783        10.67
        0.97     0.912500       315783        11.43
        0.97     0.918750       319781        12.31
        0.97     0.925000       319781        13.33
        0.98     0.931250       323776        14.55
        0.98     0.937500       323776        16.00
        0.99     0.940625       327699        16.84
        0.99     0.943750       327699        17.78
        0.99     0.946875       327699        18.82
        0.99     0.950000       327699        20.00
        1.00     0.953125       331442        21.33
        1.00     0.956250       331442        22.86
        1.00     0.959375       331442        24.62
        1.01     0.962500       334594        26.67
        1.01     0.965625       334594        29.09
        1.01     0.968750       334594        32.00
        1.01     0.970313       334594        33.68
        1.01     0.971875       337333        35.56
        1.01     0.973437       337333        37.65
        1.01     0.975000       337333        40.00
        1.01     0.976562       337333        42.67
        1.01     0.978125       337333        45.71
        1.02     0.979688       339430        49.23
        1.02     0.981250       339430        53.33
        1.02     0.982812       339430        58.18
        1.02     0.984375       339430        64.00
        1.03     0.985156       340976        67.37
        1.03     0.985938       340976        71.11
        1.03     0.986719       340976        75.29
        1.03     0.987500       340976        80.00
        1.03     0.988281       340976        85.33
        1.04     0.989062       342218        91.43
        1.04     0.989844       342218        98.46
        1.04     0.990625       342218       106.67
        1.04     0.991406       342218       116.36
        1.04     0.992188       342218       128.00
        1.05     0.992578       343007       134.74
        1.05     0.992969       343007       142.22
        1.05     0.993359       343007       150.59
        1.05     0.993750       343007       160.00
        1.05     0.994141       343007       170.67
        1.05     0.994531       343007       182.86
        1.05     0.994922       343527       196.92
        1.05     0.995313       343527       213.33
        1.05     0.995703       343527       232.73
        1.05     0.996094       343527       256.00
        1.05     0.996289       343527       269.47
        1.06     0.996484       343867       284.44
        1.06     0.996680       343867       301.18
        1.06     0.996875       343867       320.00
        1.06     0.997070       343867       341.33
        1.06     0.997266       343867       365.71
        1.07     0.997461       344101       393.85
        1.07     0.997656       344101       426.67
        1.07     0.997852       344101       465.45
        1.08     0.998047       344249       512.00
        1.08     0.998145       344249       538.95
        1.08     0.998242       344249       568.89
        1.08     0.998340       344249       602.35
        1.08     0.998437       344249       640.00
        1.09     0.998535       344327       682.67
        1.09     0.998633       344327       731.43
        1.09     0.998730       344373       787.69
        1.10     0.998828       344421       853.33
        1.10     0.998926       344421       930.91
        1.12     0.999023       344449      1024.00
        1.14     0.999072       344476      1077.89
        1.14     0.999121       344483      1137.78
        1.16     0.999170       344497      1204.71
        1.18     0.999219       344514      1280.00
        1.21     0.999268       344534      1365.33
        1.22     0.999316       344548      1462.86
        1.25     0.999365       344564      1575.38
        1.27     0.999414       344586      1706.67
        1.29     0.999463       344596      1861.82
        1.35     0.999512       344616      2048.00
        1.37     0.999536       344622      2155.79
        1.41     0.999561       344630      2275.56
        1.45     0.999585       344641      2409.41
        1.47     0.999609       344647      2560.00
        1.51     0.999634       344655      2730.67
        1.58     0.999658       344664      2925.71
        1.65     0.999683       344673      3150.77
        1.74     0.999707       344680      3413.33
        1.85     0.999731       344690      3723.64
        2.16     0.999756       344697      4096.00
        2.25     0.999768       344702      4311.58
        2.69     0.999780       344706      4551.11
        2.85     0.999792       344710      4818.82
        3.36     0.999805       344714      5120.00
        4.25     0.999817       344718      5461.33
        4.48     0.999829       344723      5851.43
        4.58     0.999841       344727      6301.54
        4.67     0.999854       344731      6826.67
        4.83     0.999866       344735      7447.27
        4.96     0.999878       344739      8192.00
        5.12     0.999884       344742      8623.16
        5.25     0.999890       344744      9102.22
        8.10     0.999896       344746      9637.65
        8.38     0.999902       344748     10240.00
       10.05     0.999908       344750     10922.67
       10.56     0.999915       344752     11702.86
       10.62     0.999921       344754     12603.08
       10.94     0.999927       344756     13653.33
       11.97     0.999933       344758     14894.55
       12.03     0.999939       344760     16384.00
       12.22     0.999942       344762     17246.32
       12.35     0.999945       344763     18204.44
       12.61     0.999948       344764     19275.29
       12.93     0.999951       344765     20480.00
       16.25     0.999954       344766     21845.33
       16.32     0.999957       344768     23405.71
       16.32     0.999960       344768     25206.15
       16.51     0.999963       344770     27306.67
       16.51     0.999966       344770     29789.09
       16.64     0.999969       344773     32768.00
       16.64     0.999971       344773     34492.63
       16.64     0.999973       344773     36408.89
       16.64     0.999974       344773     38550.59
       16.64     0.999976       344773     40960.00
       16.77     0.999977       344778     43690.67
       16.77     0.999979       344778     46811.43
       16.77     0.999980       344778     50412.31
       16.77     0.999982       344778     54613.33
       16.77     0.999983       344778     59578.18
       16.77     0.999985       344778     65536.00
       16.77     0.999986       344778     68985.26
       16.77     0.999986       344778     72817.78
       16.77     0.999987       344778     77101.18
       16.77     0.999988       344778     81920.00
       16.77     0.999989       344778     87381.33
       16.77     0.999989       344778     93622.86
       16.77     0.999990       344778    100824.62
       16.77     0.999991       344778    109226.67
       16.89     0.999992       344780    119156.36
       16.89     0.999992       344780    131072.00
       16.89     0.999993       344780    137970.53
       16.89     0.999993       344780    145635.56
       16.89     0.999994       344780    154202.35
       16.89     0.999994       344780    163840.00
       16.89     0.999994       344780    174762.67
       16.89     0.999995       344780    187245.71
       16.89     0.999995       344780    201649.23
       16.89     0.999995       344780    218453.33
       16.89     0.999996       344780    238312.73
       16.89     0.999996       344780    262144.00
       16.89     0.999996       344780    275941.05
       16.89     0.999997       344780    291271.11
       16.89     0.999997       344780    308404.71
       16.89     0.999997       344780    327680.00
       17.02     0.999997       344781    349525.33
       17.02     1.000000       344781          inf
#[Mean    =        0.695, StdDeviation   =        0.205]
#[Max     =       17.023, Total count    =       344781]
#[Buckets =           20, SubBuckets     =          256]
