       Value   Percentile   TotalCount 1/(1-Percentile)

        0.26     0.000000            1         1.00
        0.60     0.050000        16893         1.05
        0.63     0.100000        37059         1.11
        0.65     0.150000        54051         1.18
        0.66     0.200000        76146         1.25
        0.67     0.250000        89698         1.33
        0.68     0.300000       104362         1.43
        0.69     0.350000       119933         1.54
        0.69     0.400000       136610         1.67
        0.70     0.450000       153889         1.82
        0.71     0.500000       171351         2.00
        0.72     0.525000       188687         2.11
        0.72     0.550000       188687         2.22
        0.73     0.575000       205493         2.35
        0.73     0.600000       205493         2.50
        0.73     0.625000       221294         2.67
        0.73     0.650000       221294         2.86
        0.74     0.675000       236108         3.08
        0.74     0.700000       236108         3.33
        0.75     0.725000       249777         3.64
        0.76     0.750000       262188         4.00
        0.76     0.762500       262188         4.21
        0.76     0.775000       262188         4.44
        0.77     0.787500       273229         4.71
        0.77     0.800000       273229         5.00
        0.78     0.812500       283092         5.33
        0.78     0.825000       283092         5.71
        0.78     0.837500       283092         6.15
        0.78     0.850000       291466         6.67
        0.78     0.862500       291466         7.27
        0.79     0.875000       298884         8.00
        0.79     0.881250       298884         8.42
        0.80     0.887500       305276         8.89
        0.80     0.893750       305276         9.41
        0.80     0.900000       305276        10.00
        0.81     0.906250       310657        10.67
        0.81     0.912500       310657        11.43
        0.81     0.918750       310657        12.31
        0.81     0.925000       315227        13.33
        0.81     0.931250       315227        14.55
        0.82     0.937500       319098        16.00
        0.82     0.940625       319098        16.84
        0.82     0.943750       319098        17.78
        0.83     0.946875       322328        18.82
        0.83     0.950000       322328        20.00
        0.83     0.953125       322328        21.33
        0.84     0.956250       325013        22.86
        0.84     0.959375       325013        24.62
        0.84     0.962500       325013        26.67
        0.85     0.965625       327244        29.09
        0.85     0.968750       327244        32.00
        0.85     0.970313       327244        33.68
        0.85     0.971875       329112        35.56
        0.85     0.973437       329112        37.65
        0.85     0.975000       329112        40.00
        0.86     0.976562       330609        42.67
        0.86     0.978125       330609        45.71
        0.86     0.979688       330609        49.23
        0.87     0.981250       331854        53.33
        0.87     0.982812       331854        58.18
        0.87     0.984375       331854        64.00
        0.88     0.985156       332821        67.37
        0.88     0.985938       332821        71.11
        0.88     0.986719       332821        75.29
        0.89     0.987500       333705        80.00
        0.89     0.988281       333705        85.33
        0.89     0.989062       333705        91.43
        0.89     0.989844       333705        98.46
        0.90     0.990625       334379       106.67
        0.90     0.991406       334379       116.36
        0.90     0.992188       334903       128.00
        0.90     0.992578       334903       134.74
        0.90     0.992969       334903       142.22
        0.90     0.993359       334903       150.59
        0.91     0.993750       335310       160.00
        0.91     0.994141       335310       170.67
        0.91     0.994531       335310       182.86
        0.92     0.994922       335672       196.92
        0.92     0.995313       335672       213.33
        0.92     0.995703       335672       232.73
        0.93     0.996094       335923       256.00
        0.93     0.996289       335923       269.47
        0.93     0.996484       335923       284.44
        0.94     0.996680       336121       301.18
        0.94     0.996875       336121       320.00
        0.94     0.997070       336121       341.33
        0.94     0.997266       336312       365.71
        0.94     0.997461       336312       393.85
        0.95     0.997656       336431       426.67
        0.95     0.997852       336431       465.45
        0.96     0.998047       336526       512.00
        0.96     0.998145       336526       538.95
        0.96     0.998242       336526       568.89
        0.97     0.998340       336598       602.35
        0.97     0.998437       336598       640.00
        0.97     0.998535       336657       682.67
        0.97     0.998633       336657       731.43
        0.98     0.998730       336699       787.69
        0.99     0.998828       336736       853.33
        1.00     0.998926       336761       930.91
        1.01     0.999023       336789      1024.00
        1.01     0.999072       336806      1077.89
        1.02     0.999121       336822      1137.78
        1.03     0.999170       336836      1204.71
        1.04     0.999219       336847      1280.00
        1.05     0.999268       336862      1365.33
        1.06     0.999316       336879      1462.86
        1.08     0.999365       336894      1575.38
        1.09     0.999414       336916      1706.67
        1.11     0.999463       336935      1861.82
        1.14     0.999512       336950      2048.00
        1.14     0.999536       336957      2155.79
        1.15     0.999561       336959      2275.56
        1.16     0.999585       336973      2409.41
        1.17     0.999609       336981      2560.00
        1.18     0.999634       336989      2730.67
        1.18     0.999658       336993      2925.71
        1.20     0.999683       337006      3150.77
        1.21     0.999707       337013      3413.33
        1.22     0.999731       337022      3723.64
        1.22     0.999756       337026      4096.00
        1.23     0.999768       337031      4311.58
        1.24     0.999780       337036      4551.11
        1.25     0.999792       337040      4818.82
        1.25     0.999805       337042      5120.00
        1.26     0.999817       337047      5461.33
        1.27     0.999829       337050      5851.43
        1.28     0.999841       337054      6301.54
        1.29     0.999854       337060      6826.67
        1.29     0.999866       337062      7447.27
        1.32     0.999878       337067      8192.00
        1.33     0.999884       337069      8623.16
        1.33     0.999890       337071      9102.22
        1.36     0.999896       337074      9637.65
        1.37     0.999902       337075     10240.00
        1.38     0.999908       337078     10922.67
        1.40     0.999915       337079     11702.86
        1.42     0.999921       337081     12603.08
        1.57     0.999927       337083     13653.33
        2.62     0.999933       337085     14894.55
        2.85     0.999939       337087     16384.00
        2.96     0.999942       337089     17246.32
        2.96     0.999945       337089     18204.44
        3.06     0.999948       337090     19275.29
        3.23     0.999951       337091     20480.00
        3.25     0.999954       337092     21845.33
        3.26     0.999957       337093     23405.71
        3.28     0.999960       337094     25206.15
        3.31     0.999963       337095     27306.67
        3.62     0.999966       337096     29789.09
        4.13     0.999969       337097     32768.00
        4.29     0.999971       337099     34492.63
        4.29     0.999973       337099     36408.89
        4.29     0.999974       337099     38550.59
        4.29     0.999976       337099     40960.00
        4.32     0.999977       337100     43690.67
        4.32     0.999979       337100     46811.43
        4.35     0.999980       337101     50412.31
        4.35     0.999982       337101     54613.33
        4.83     0.999983       337103     59578.18
        4.83     0.999985       337103     65536.00
        4.83     0.999986       337103     68985.26
        4.83     0.999986       337103     72817.78
        4.83     0.999987       337103     77101.18
        4.83     0.999988       337103     81920.00
        4.86     0.999989       337105     87381.33
        4.86     0.999989       337105     93622.86
        4.86     0.999990       337105    100824.62
        4.86     0.999991       337105    109226.67
        4.86     0.999992       337105    119156.36
        4.86     0.999992       337105    131072.00
        4.86     0.999993       337105    137970.53
        4.86     0.999993       337105    145635.56
        4.86     0.999994       337105    154202.35
        4.86     0.999994       337105    163840.00
        4.89     0.999994       337106    174762.67
        4.89     0.999995       337106    187245.71
        4.89     0.999995       337106    201649.23
        4.89     0.999995       337106    218453.33
        4.89     0.999996       337106    238312.73
        4.89     0.999996       337106    262144.00
        4.89     0.999996       337106    275941.05
        4.89     0.999997       337106    291271.11
        4.89     0.999997       337106    308404.71
        4.89     0.999997       337106    327680.00
        4.93     0.999997       337107    349525.33
        4.93     1.000000       337107          inf
#[Mean    =        0.711, StdDeviation   =        0.078]
#[Max     =        4.927, Total count    =       337107]
#[Buckets =           20, SubBuckets     =          256]
