       Value   Percentile   TotalCount 1/(1-Percentile)

        0.21     0.000000            3         1.00
        0.30     0.050000        26524         1.05
        0.32     0.100000        57970         1.11
        0.36     0.150000        78664         1.18
        0.38     0.200000       109773         1.25
        0.40     0.250000       149427         1.33
        0.41     0.300000       169943         1.43
        0.41     0.350000       190156         1.54
        0.43     0.400000       218697         1.67
        0.45     0.450000       242275         1.82
        0.46     0.500000       261453         2.00
        0.46     0.525000       286502         2.11
        0.47     0.550000       314913         2.22
        0.47     0.575000       314913         2.35
        0.47     0.600000       314913         2.50
        0.48     0.625000       344059         2.67
        0.48     0.650000       344059         2.86
        0.49     0.675000       372563         3.08
        0.49     0.700000       372563         3.33
        0.49     0.725000       398655         3.64
        0.49     0.750000       398655         4.00
        0.49     0.762500       398655         4.21
        0.50     0.775000       417804         4.44
        0.50     0.787500       417804         4.71
        0.51     0.800000       429622         5.00
        0.51     0.812500       429622         5.33
        0.52     0.825000       436009         5.71
        0.53     0.837500       439601         6.15
        0.55     0.850000       444897         6.67
        0.62     0.862500       451570         7.27
        0.64     0.875000       459644         8.00
        0.65     0.881250       467720         8.42
        0.65     0.887500       467720         8.89
        0.65     0.893750       467720         9.41
        0.66     0.900000       478123        10.00
        0.66     0.906250       478123        10.67
        0.66     0.912500       478123        11.43
        0.66     0.918750       489536        12.31
        0.66     0.925000       489536        13.33
        0.66     0.931250       489536        14.55
        0.67     0.937500       499792        16.00
        0.67     0.940625       499792        16.84
        0.67     0.943750       499792        17.78
        0.67     0.946875       499792        18.82
        0.67     0.950000       499792        20.00
        0.67     0.953125       499792        21.33
        0.68     0.956250       507694        22.86
        0.68     0.959375       507694        24.62
        0.68     0.962500       507694        26.67
        0.68     0.965625       507694        29.09
        0.68     0.968750       507694        32.00
        0.68     0.970313       507694        33.68
        0.69     0.971875       512947        35.56
        0.69     0.973437       512947        37.65
        0.69     0.975000       512947        40.00
        0.69     0.976562       512947        42.67
        0.69     0.978125       512947        45.71
        0.69     0.979688       512947        49.23
        0.69     0.981250       512947        53.33
        0.69     0.982812       516042        58.18
        0.69     0.984375       516042        64.00
        0.69     0.985156       516042        67.37
        0.69     0.985938       516042        71.11
        0.69     0.986719       516042        75.29
        0.70     0.987500       517809        80.00
        0.70     0.988281       517809        85.33
        0.70     0.989062       517809        91.43
        0.70     0.989844       517809        98.46
        0.70     0.990625       517809       106.67
        0.71     0.991406       518824       116.36
        0.71     0.992188       518824       128.00
        0.71     0.992578       518824       134.74
        0.72     0.992969       519577       142.22
        0.72     0.993359       519577       150.59
        0.72     0.993750       519577       160.00
        0.73     0.994141       520120       170.67
        0.73     0.994531       520120       182.86
        0.73     0.994922       520120       196.92
        0.73     0.995313       520569       213.33
        0.73     0.995703       520569       232.73
        0.74     0.996094       520921       256.00
        0.74     0.996289       520921       269.47
        0.74     0.996484       520921       284.44
        0.75     0.996680       521239       301.18
        0.75     0.996875       521239       320.00
        0.75     0.997070       521239       341.33
        0.76     0.997266       521515       365.71
        0.76     0.997461       521515       393.85
        0.76     0.997656       521515       426.67
        0.77     0.997852       521752       465.45
        0.77     0.998047       521752       512.00
        0.77     0.998145       521752       538.95
        0.78     0.998242       521946       568.89
        0.78     0.998340       521946       602.35
        0.78     0.998437       521946       640.00
        0.78     0.998535       521946       682.67
        0.78     0.998633       522103       731.43
        0.78     0.998730       522103       787.69
        0.78     0.998828       522103       853.33
        0.79     0.998926       522245       930.91
        0.79     0.999023       522245      1024.00
        0.79     0.999072       522245      1077.89
        0.79     0.999121       522245      1137.78
        0.80     0.999170       522348      1204.71
        0.80     0.999219       522348      1280.00
        0.80     0.999268       522348      1365.33
        0.80     0.999316       522348      1462.86
        0.81     0.999365       522429      1575.38
        0.81     0.999414       522429      1706.67
        0.81     0.999463       522429      1861.82
        0.81     0.999512       522429      2048.00
        0.81     0.999536       522471      2155.79
        0.81     0.999561       522471      2275.56
        0.81     0.999585       522471      2409.41
        0.82     0.999609       522508      2560.00
        0.82     0.999634       522508      2730.67
        0.82     0.999658       522508      2925.71
        0.83     0.999683       522532      3150.77
        0.83     0.999707       522532      3413.33
        0.84     0.999731       522544      3723.64
        0.85     0.999756       522561      4096.00
        0.86     0.999768       522565      4311.58
        0.89     0.999780       522573      4551.11
        0.90     0.999792       522576      4818.82
        0.94     0.999805       522586      5120.00
        0.95     0.999817       522590      5461.33
        0.97     0.999829       522595      5851.43
        1.01     0.999841       522604      6301.54
        1.02     0.999854       522609      6826.67
        1.05     0.999866       522615      7447.27
        1.11     0.999878       522621      8192.00
        1.18     0.999884       522624      8623.16
        1.50     0.999890       522627      9102.22
        1.61     0.999896       522630      9637.65
        1.66     0.999902       522633     10240.00
        1.75     0.999908       522637     10922.67
        2.03     0.999915       522640     11702.86
        2.53     0.999921       522643     12603.08
        2.59     0.999927       522646     13653.33
        2.64     0.999933       522649     14894.55
        2.72     0.999939       522654     16384.00
        2.72     0.999942       522654     17246.32
        2.80     0.999945       522656     18204.44
        2.81     0.999948       522657     19275.29
        2.91     0.999951       522659     20480.00
        3.07     0.999954       522661     21845.33
        3.12     0.999957       522662     23405.71
        3.25     0.999960       522666     25206.15
        3.25     0.999963       522666     27306.67
        3.26     0.999966       522667     29789.09
        3.34     0.999969       522670     32768.00
        3.34     0.999971       522670     34492.63
        3.34     0.999973       522670     36408.89
        3.50     0.999974       522672     38550.59
        3.50     0.999976       522672     40960.00
        3.87     0.999977       522673     43690.67
        3.87     0.999979       522673     46811.43
        4.03     0.999980       522674     50412.31
        4.05     0.999982       522675     54613.33
        4.08     0.999983       522676     59578.18
        4.09     0.999985       522678     65536.00
        4.09     0.999986       522678     68985.26
        4.09     0.999986       522678     72817.78
        4.09     0.999987       522678     77101.18
        4.09     0.999988       522678     81920.00
        4.13     0.999989       522679     87381.33
        4.13     0.999989       522679     93622.86
        4.13     0.999990       522679    100824.62
        4.16     0.999991       522680    109226.67
        4.16     0.999992       522680    119156.36
        4.19     0.999992       522681    131072.00
        4.19     0.999993       522681    137970.53
        4.19     0.999993       522681    145635.56
        4.19     0.999994       522681    154202.35
        4.19     0.999994       522681    163840.00
        4.29     0.999994       522682    174762.67
        4.29     0.999995       522682    187245.71
        4.29     0.999995       522682    201649.23
        4.29     0.999995       522682    218453.33
        4.29     0.999996       522682    238312.73
        4.35     0.999996       522683    262144.00
        4.35     0.999996       522683    275941.05
        4.35     0.999997       522683    291271.11
        4.35     0.999997       522683    308404.71
        4.35     0.999997       522683    327680.00
        4.35     0.999997       522683    349525.33
        4.35     0.999997       522683    374491.43
        4.35     0.999998       522683    403298.46
        4.35     0.999998       522683    436906.67
        4.35     0.999998       522683    476625.45
        4.38     0.999998       522684    524288.00
        4.38     1.000000       522684          inf
#[Mean    =        0.459, StdDeviation   =        0.108]
#[Max     =        4.383, Total count    =       522684]
#[Buckets =           20, SubBuckets     =          256]
