       Value   Percentile   TotalCount 1/(1-Percentile)

        0.03     0.000000          116         1.00
        0.07     0.050000       268868         1.05
        0.07     0.100000       268868         1.11
        0.08     0.150000       549579         1.18
        0.08     0.200000       549579         1.25
        0.08     0.250000       549579         1.33
        0.09     0.300000       884479         1.43
        0.09     0.350000       884479         1.54
        0.09     0.400000       884479         1.67
        0.10     0.450000      1193126         1.82
        0.10     0.500000      1193126         2.00
        0.10     0.525000      1193126         2.11
        0.10     0.550000      1193126         2.22
        0.10     0.575000      1193126         2.35
        0.10     0.600000      1433917         2.50
        0.10     0.625000      1433917         2.67
        0.10     0.650000      1433917         2.86
        0.10     0.675000      1433917         3.08
        0.10     0.700000      1433917         3.33
        0.11     0.725000      1594672         3.64
        0.11     0.750000      1594672         4.00
        0.11     0.762500      1594672         4.21
        0.11     0.775000      1594672         4.44
        0.11     0.787500      1594672         4.71
        0.12     0.800000      1710969         5.00
        0.12     0.812500      1710969         5.33
        0.12     0.825000      1710969         5.71
        0.12     0.837500      1710969         6.15
        0.12     0.850000      1710969         6.67
        0.13     0.862500      1801980         7.27
        0.13     0.875000      1801980         8.00
        0.13     0.881250      1801980         8.42
        0.13     0.887500      1801980         8.89
        0.13     0.893750      1801980         9.41
        0.14     0.900000      1880926        10.00
        0.14     0.906250      1880926        10.67
        0.14     0.912500      1880926        11.43
        0.14     0.918750      1880926        12.31
        0.14     0.925000      1880926        13.33
        0.14     0.931250      1880926        14.55
        0.14     0.937500      1880926        16.00
        0.14     0.940625      1938528        16.84
        0.14     0.943750      1938528        17.78
        0.14     0.946875      1938528        18.82
        0.14     0.950000      1938528        20.00
        0.14     0.953125      1938528        21.33
        0.14     0.956250      1938528        22.86
        0.14     0.959375      1938528        24.62
        0.14     0.962500      1938528        26.67
        0.14     0.965625      1938528        29.09
        0.15     0.968750      1969049        32.00
        0.15     0.970313      1969049        33.68
        0.15     0.971875      1969049        35.56
        0.15     0.973437      1969049        37.65
        0.15     0.975000      1969049        40.00
        0.15     0.976562      1969049        42.67
        0.15     0.978125      1969049        45.71
        0.15     0.979688      1969049        49.23
        0.15     0.981250      1969049        53.33
        0.16     0.982812      1983834        58.18
        0.16     0.984375      1983834        64.00
        0.16     0.985156      1983834        67.37
        0.16     0.985938      1983834        71.11
        0.16     0.986719      1983834        75.29
        0.16     0.987500      1983834        80.00
        0.16     0.988281      1983834        85.33
        0.16     0.989062      1983834        91.43
        0.17     0.989844      1990140        98.46
        0.17     0.990625      1990140       106.67
        0.17     0.991406      1990140       116.36
        0.17     0.992188      1990140       128.00
        0.17     0.992578      1990140       134.74
        0.17     0.992969      1994053       142.22
        0.17     0.993359      1994053       150.59
        0.17     0.993750      1994053       160.00
        0.17     0.994141      1994053       170.67
        0.17     0.994531      1994053       182.86
        0.18     0.994922      1996887       196.92
        0.18     0.995313      1996887       213.33
        0.18     0.995703      1996887       232.73
        0.18     0.996094      1996887       256.00
        0.19     0.996289      1998891       269.47
        0.19     0.996484      1998891       284.44
        0.19     0.996680      1998891       301.18
        0.19     0.996875      1998891       320.00
        0.19     0.997070      1998891       341.33
        0.20     0.997266      2000066       365.71
        0.20     0.997461      2000066       393.85
        0.20     0.997656      2000066       426.67
        0.21     0.997852      2000718       465.45
        0.21     0.998047      2000718       512.00
        0.21     0.998145      2001051       538.95
        0.21     0.998242      2001051       568.89
        0.22     0.998340      2001254       602.35
        0.23     0.998437      2001398       640.00
        0.26     0.998535      2001658       682.67
        0.29     0.998633      2001782       731.43
        1.88     0.998730      2001979       787.69
        4.67     0.998828      2002181       853.33
        5.05     0.998926      2002369       930.91
        5.15     0.999023      2002644      1024.00
        5.18     0.999072      2002827      1077.89
        5.18     0.999121      2002827      1137.78
        5.21     0.999170      2003066      1204.71
        5.21     0.999219      2003066      1280.00
        5.21     0.999268      2003066      1365.33
        5.25     0.999316      2003329      1462.86
        5.25     0.999365      2003329      1575.38
        5.28     0.999414      2003583      1706.67
        5.28     0.999463      2003583      1861.82
        5.28     0.999512      2003583      2048.00
        5.31     0.999536      2003821      2155.79
        5.31     0.999561      2003821      2275.56
        5.31     0.999585      2003821      2409.41
        5.31     0.999609      2003821      2560.00
        5.31     0.999634      2003821      2730.67
        5.34     0.999658      2004051      2925.71
        5.34     0.999683      2004051      3150.77
        5.34     0.999707      2004051      3413.33
        5.34     0.999731      2004051      3723.64
        5.34     0.999756      2004051      4096.00
        5.38     0.999768      2004206      4311.58
        5.38     0.999780      2004206      4551.11
        5.38     0.999792      2004206      4818.82
        5.38     0.999805      2004206      5120.00
        5.38     0.999817      2004206      5461.33
        5.38     0.999829      2004206      5851.43
        5.38     0.999841      2004206      6301.54
        5.41     0.999854      2004317      6826.67
        5.41     0.999866      2004317      7447.27
        5.41     0.999878      2004317      8192.00
        5.41     0.999884      2004317      8623.16
        5.41     0.999890      2004317      9102.22
        5.41     0.999896      2004317      9637.65
        5.44     0.999902      2004386     10240.00
        5.44     0.999908      2004386     10922.67
        5.44     0.999915      2004386     11702.86
        5.44     0.999921      2004386     12603.08
        5.44     0.999927      2004386     13653.33
        5.47     0.999933      2004414     14894.55
        5.47     0.999939      2004414     16384.00
        5.47     0.999942      2004414     17246.32
        5.47     0.999945      2004414     18204.44
        5.50     0.999948      2004427     19275.29
        5.50     0.999951      2004427     20480.00
        5.54     0.999954      2004440     21845.33
        5.54     0.999957      2004440     23405.71
        5.57     0.999960      2004451     25206.15
        5.57     0.999963      2004451     27306.67
        5.60     0.999966      2004465     29789.09
        5.60     0.999969      2004465     32768.00
        5.60     0.999971      2004465     34492.63
        5.63     0.999973      2004471     36408.89
        5.63     0.999974      2004471     38550.59
        5.66     0.999976      2004480     40960.00
        5.66     0.999977      2004480     43690.67
        5.66     0.999979      2004480     46811.43
        5.70     0.999980      2004488     50412.31
        5.70     0.999982      2004488     54613.33
        5.73     0.999983      2004492     59578.18
        5.73     0.999985      2004492     65536.00
        5.76     0.999986      2004495     68985.26
        5.76     0.999986      2004495     72817.78
        5.82     0.999987      2004499     77101.18
        5.82     0.999988      2004499     81920.00
        5.89     0.999989      2004501     87381.33
        5.89     0.999989      2004501     93622.86
        5.92     0.999990      2004503    100824.62
        5.98     0.999991      2004505    109226.67
        6.46     0.999992      2004506    119156.36
        6.50     0.999992      2004507    131072.00
        6.88     0.999993      2004508    137970.53
        6.94     0.999993      2004509    145635.56
        6.97     0.999994      2004510    154202.35
        6.97     0.999994      2004510    163840.00
        7.07     0.999994      2004511    174762.67
        7.10     0.999995      2004513    187245.71
        7.10     0.999995      2004513    201649.23
        7.10     0.999995      2004513    218453.33
        7.13     0.999996      2004515    238312.73
        7.13     0.999996      2004515    262144.00
        7.13     0.999996      2004515    275941.05
        7.17     0.999997      2004516    291271.11
        7.17     0.999997      2004516    308404.71
        7.17     0.999997      2004516    327680.00
        7.23     0.999997      2004517    349525.33
        7.23     0.999997      2004517    374491.43
        7.26     0.999998      2004518    403298.46
        7.26     0.999998      2004518    436906.67
        7.26     0.999998      2004518    476625.45
        7.29     0.999998      2004519    524288.00
        7.29     0.999998      2004519    551882.11
        7.29     0.999998      2004519    582542.22
        7.29     0.999998      2004519    616809.41
        7.29     0.999998      2004519    655360.00
        7.36     0.999999      2004522    699050.67
        7.36     1.000000      2004522          inf
#[Mean    =        0.101, StdDeviation   =        0.181]
#[Max     =        7.359, Total count    =      2004522]
#[Buckets =           20, SubBuckets     =          256]
