       Value   Percentile   TotalCount 1/(1-Percentile)

        0.18     0.000000            1         1.00
        0.46     0.050000        22462         1.05
        0.49     0.100000        36138         1.11
        0.54     0.150000        53653         1.18
        0.57     0.200000        75973         1.25
        0.59     0.250000        94369         1.33
        0.61     0.300000       115724         1.43
        0.61     0.350000       125608         1.54
        0.63     0.400000       142050         1.67
        0.66     0.450000       158833         1.82
        0.68     0.500000       176772         2.00
        0.69     0.525000       184863         2.11
        0.69     0.550000       194116         2.22
        0.70     0.575000       204051         2.35
        0.71     0.600000       214616         2.50
        0.72     0.625000       225653         2.67
        0.73     0.650000       236572         2.86
        0.73     0.675000       247217         3.08
        0.73     0.700000       247217         3.33
        0.74     0.725000       257462         3.64
        0.75     0.750000       266861         4.00
        0.76     0.762500       274955         4.21
        0.76     0.775000       274955         4.44
        0.77     0.787500       281666         4.71
        0.77     0.800000       281666         5.00
        0.78     0.812500       287083         5.33
        0.78     0.825000       291293         5.71
        0.79     0.837500       294471         6.15
        0.81     0.850000       299321         6.67
        0.88     0.862500       303029         7.27
        0.92     0.875000       309120         8.00
        0.93     0.881250       311490         8.42
        0.94     0.887500       314413         8.89
        0.94     0.893750       314413         9.41
        0.94     0.900000       317831        10.00
        0.95     0.906250       321511        10.67
        0.95     0.912500       321511        11.43
        0.96     0.918750       325460        12.31
        0.96     0.925000       325460        13.33
        0.97     0.931250       329525        14.55
        0.97     0.937500       329525        16.00
        0.97     0.940625       333415        16.84
        0.97     0.943750       333415        17.78
        0.97     0.946875       333415        18.82
        0.98     0.950000       337131        20.00
        0.98     0.953125       337131        21.33
        0.98     0.956250       337131        22.86
        0.98     0.959375       337131        24.62
        0.99     0.962500       340449        26.67
        0.99     0.965625       340449        29.09
        0.99     0.968750       340449        32.00
        1.00     0.970313       343320        33.68
        1.00     0.971875       343320        35.56
        1.00     0.973437       343320        37.65
        1.00     0.975000       343320        40.00
        1.00     0.976562       343320        42.67
        1.01     0.978125       345630        45.71
        1.01     0.979688       345630        49.23
        1.01     0.981250       345630        53.33
        1.01     0.982812       345630        58.18
        1.01     0.984375       347356        64.00
        1.01     0.985156       347356        67.37
        1.01     0.985938       347356        71.11
        1.01     0.986719       347356        75.29
        1.01     0.987500       347356        80.00
        1.01     0.988281       347356        85.33
        1.01     0.989062       347356        91.43
        1.02     0.989844       348606        98.46
        1.02     0.990625       348606       106.67
        1.02     0.991406       348606       116.36
        1.02     0.992188       348606       128.00
        1.02     0.992578       348606       134.74
        1.03     0.992969       349409       142.22
        1.03     0.993359       349409       150.59
        1.03     0.993750       349409       160.00
        1.03     0.994141       349409       170.67
        1.03     0.994531       349409       182.86
        1.03     0.994922       349409       196.92
        1.04     0.995313       350082       213.33
        1.04     0.995703       350082       232.73
        1.04     0.996094       350082       256.00
        1.04     0.996289       350082       269.47
        1.04     0.996484       350082       284.44
        1.04     0.996680       350082       301.18
        1.04     0.996875       350082       320.00
        1.05     0.997070       350469       341.33
        1.05     0.997266       350469       365.71
        1.05     0.997461       350469       393.85
        1.05     0.997656       350469       426.67
        1.05     0.997852       350469       465.45
        1.05     0.998047       350697       512.00
        1.05     0.998145       350697       538.95
        1.05     0.998242       350697       568.89
        1.05     0.998340       350697       602.35
        1.05     0.998437       350697       640.00
        1.05     0.998535       350697       682.67
        1.05     0.998633       350697       731.43
        1.06     0.998730       350853       787.69
        1.06     0.998828       350853       853.33
        1.06     0.998926       350853       930.91
        1.06     0.999023       350853      1024.00
        1.06     0.999072       350853      1077.89
        1.07     0.999121       350954      1137.78
        1.07     0.999170       350954      1204.71
        1.07     0.999219       350954      1280.00
        1.07     0.999268       350954      1365.33
        1.07     0.999316       350954      1462.86
        1.07     0.999365       350954      1575.38
        1.08     0.999414       351017      1706.67
        1.08     0.999463       351017      1861.82
        1.08     0.999512       351017      2048.00
        1.08     0.999536       351017      2155.79
        1.08     0.999561       351017      2275.56
        1.09     0.999585       351048      2409.41
        1.09     0.999609       351048      2560.00
        1.09     0.999634       351048      2730.67
        1.09     0.999658       351048      2925.71
        1.09     0.999683       351062      3150.77
        1.10     0.999707       351081      3413.33
        1.10     0.999731       351081      3723.64
        1.11     0.999756       351089      4096.00
        1.11     0.999768       351089      4311.58
        1.12     0.999780       351091      4551.11
        1.14     0.999792       351098      4818.82
        1.14     0.999805       351103      5120.00
        1.14     0.999817       351103      5461.33
        1.15     0.999829       351108      5851.43
        1.17     0.999841       351118      6301.54
        1.17     0.999854       351118      6826.67
        1.18     0.999866       351122      7447.27
        1.20     0.999878       351129      8192.00
        1.20     0.999884       351129      8623.16
        1.20     0.999890       351129      9102.22
        1.22     0.999896       351132      9637.65
        1.22     0.999902       351137     10240.00
        1.22     0.999908       351137     10922.67
        1.22     0.999915       351137     11702.86
        1.24     0.999921       351140     12603.08
        1.25     0.999927       351143     13653.33
        1.26     0.999933       351146     14894.55
        1.26     0.999939       351146     16384.00
        1.27     0.999942       351147     17246.32
        1.29     0.999945       351148     18204.44
        1.33     0.999948       351149     19275.29
        1.33     0.999951       351150     20480.00
        1.34     0.999954       351152     21845.33
        1.34     0.999957       351152     23405.71
        1.35     0.999960       351154     25206.15
        1.36     0.999963       351156     27306.67
        1.36     0.999966       351156     29789.09
        1.37     0.999969       351158     32768.00
        1.37     0.999971       351158     34492.63
        1.37     0.999973       351158     36408.89
        1.37     0.999974       351158     38550.59
        1.38     0.999976       351159     40960.00
        1.38     0.999977       351159     43690.67
        1.42     0.999979       351160     46811.43
        1.45     0.999980       351162     50412.31
        1.45     0.999982       351162     54613.33
        1.45     0.999983       351162     59578.18
        1.45     0.999985       351162     65536.00
        1.45     0.999986       351162     68985.26
        1.46     0.999986       351163     72817.78
        1.46     0.999987       351163     77101.18
        1.46     0.999988       351163     81920.00
        1.46     0.999989       351163     87381.33
        1.50     0.999989       351164     93622.86
        1.50     0.999990       351164    100824.62
        1.50     0.999991       351164    109226.67
        1.51     0.999992       351165    119156.36
        1.51     0.999992       351165    131072.00
        1.51     0.999993       351165    137970.53
        1.51     0.999993       351165    145635.56
        1.51     0.999994       351165    154202.35
        1.51     0.999994       351165    163840.00
        1.51     0.999994       351165    174762.67
        1.56     0.999995       351166    187245.71
        1.56     0.999995       351166    201649.23
        1.56     0.999995       351166    218453.33
        1.56     0.999996       351166    238312.73
        1.56     0.999996       351166    262144.00
        1.56     0.999996       351166    275941.05
        1.56     0.999997       351166    291271.11
        1.56     0.999997       351166    308404.71
        1.56     0.999997       351166    327680.00
        1.56     0.999997       351166    349525.33
        1.66     0.999997       351167    374491.43
        1.66     1.000000       351167          inf
#[Mean    =        0.683, StdDeviation   =        0.147]
#[Max     =        1.663, Total count    =       351167]
#[Buckets =           20, SubBuckets     =          256]
