       Value   Percentile   TotalCount 1/(1-Percentile)

        0.22     0.000000            1         1.00
        1.22     0.050000         8267         1.05
        1.26     0.100000        17696         1.11
        1.29     0.150000        25750         1.18
        1.31     0.200000        35588         1.25
        1.33     0.250000        43456         1.33
        1.34     0.300000        52160         1.43
        1.36     0.350000        61608         1.54
        1.37     0.400000        66390         1.67
        1.38     0.450000        76402         1.82
        1.40     0.500000        85766         2.00
        1.41     0.525000        90259         2.11
        1.42     0.550000        94617         2.22
        1.42     0.575000        94617         2.35
        1.42     0.600000        98808         2.50
        1.43     0.625000       102863         2.67
        1.45     0.650000       110483         2.86
        1.46     0.675000       113985         3.08
        1.46     0.700000       117333         3.33
        1.47     0.725000       120535         3.64
        1.48     0.750000       123370         4.00
        1.49     0.762500       126025         4.21
        1.50     0.775000       128433         4.44
        1.50     0.787500       130503         4.71
        1.51     0.800000       132442         5.00
        1.52     0.812500       134135         5.33
        1.53     0.825000       136654         5.71
        1.55     0.837500       138421         6.15
        1.57     0.850000       140104         6.67
        1.65     0.862500       141793         7.27
        1.83     0.875000       143943         8.00
        1.86     0.881250       145232         8.42
        1.88     0.887500       146149         8.89
        1.90     0.893750       147172         9.41
        1.91     0.900000       148274        10.00
        1.93     0.906250       149418        10.67
        1.94     0.912500       150513        11.43
        1.96     0.918750       151485        12.31
        1.98     0.925000       152377        13.33
        1.99     0.931250       153110        14.55
        2.02     0.937500       154293        16.00
        2.04     0.940625       154876        16.84
        2.05     0.943750       155217        17.78
        2.06     0.946875       155970        18.82
        2.08     0.950000       156857        20.00
        2.08     0.953125       156857        21.33
        2.10     0.956250       157768        22.86
        2.10     0.959375       157768        24.62
        2.11     0.962500       158869        26.67
        2.11     0.965625       158869        29.09
        2.13     0.968750       159888        32.00
        2.13     0.970313       159888        33.68
        2.13     0.971875       159888        35.56
        2.14     0.973437       160872        37.65
        2.14     0.975000       160872        40.00
        2.14     0.976562       160872        42.67
        2.14     0.978125       160872        45.71
        2.16     0.979688       161764        49.23
        2.16     0.981250       161764        53.33
        2.16     0.982812       161764        58.18
        2.17     0.984375       162437        64.00
        2.17     0.985156       162437        67.37
        2.17     0.985938       162437        71.11
        2.17     0.986719       162437        75.29
        2.17     0.987500       162437        80.00
        2.19     0.988281       162946        85.33
        2.19     0.989062       162946        91.43
        2.19     0.989844       162946        98.46
        2.19     0.990625       162946       106.67
        2.21     0.991406       163285       116.36
        2.21     0.992188       163285       128.00
        2.21     0.992578       163285       134.74
        2.21     0.992969       163285       142.22
        2.22     0.993359       163499       150.59
        2.22     0.993750       163499       160.00
        2.22     0.994141       163499       170.67
        2.22     0.994531       163499       182.86
        2.24     0.994922       163671       196.92
        2.24     0.995313       163671       213.33
        2.25     0.995703       163767       232.73
        2.25     0.996094       163767       256.00
        2.27     0.996289       163832       269.47
        2.27     0.996484       163832       284.44
        2.29     0.996680       163885       301.18
        2.29     0.996875       163885       320.00
        2.30     0.997070       163927       341.33
        2.32     0.997266       163944       365.71
        2.35     0.997461       163991       393.85
        2.37     0.997656       164002       426.67
        2.42     0.997852       164039       465.45
        2.45     0.998047       164067       512.00
        2.48     0.998145       164083       538.95
        2.51     0.998242       164100       568.89
        2.54     0.998340       164113       602.35
        2.59     0.998437       164130       640.00
        2.67     0.998535       164150       682.67
        2.72     0.998633       164161       731.43
        2.78     0.998730       164178       787.69
        2.83     0.998828       164194       853.33
        2.88     0.998926       164209       930.91
        2.94     0.999023       164229      1024.00
        2.96     0.999072       164233      1077.89
        3.01     0.999121       164243      1137.78
        3.06     0.999170       164252      1204.71
        3.10     0.999219       164261      1280.00
        3.12     0.999268       164266      1365.33
        3.20     0.999316       164273      1462.86
        3.25     0.999365       164286      1575.38
        3.26     0.999414       164289      1706.67
        3.31     0.999463       164297      1861.82
        3.36     0.999512       164307      2048.00
        3.38     0.999536       164311      2155.79
        3.39     0.999561       164316      2275.56
        3.41     0.999585       164318      2409.41
        3.44     0.999609       164323      2560.00
        3.46     0.999634       164326      2730.67
        3.49     0.999658       164331      2925.71
        3.50     0.999683       164334      3150.77
        3.52     0.999707       164338      3413.33
        3.55     0.999731       164342      3723.64
        3.62     0.999756       164346      4096.00
        3.63     0.999768       164348      4311.58
        3.68     0.999780       164349      4551.11
        3.69     0.999792       164352      4818.82
        3.73     0.999805       164353      5120.00
        3.79     0.999817       164355      5461.33
        3.84     0.999829       164359      5851.43
        3.84     0.999841       164359      6301.54
        3.85     0.999854       164361      6826.67
        3.92     0.999866       164364      7447.27
        3.94     0.999878       164365      8192.00
        4.00     0.999884       164366      8623.16
        4.01     0.999890       164367      9102.22
        4.03     0.999896       164368      9637.65
        4.05     0.999902       164369     10240.00
        4.08     0.999908       164370     10922.67
        4.25     0.999915       164371     11702.86
        4.61     0.999921       164372     12603.08
        4.77     0.999927       164373     13653.33
        4.83     0.999933       164374     14894.55
        4.93     0.999939       164376     16384.00
        4.93     0.999942       164376     17246.32
        4.93     0.999945       164376     18204.44
        5.18     0.999948       164377     19275.29
        5.18     0.999951       164377     20480.00
        7.93     0.999954       164378     21845.33
        7.93     0.999957       164378     23405.71
        8.03     0.999960       164379     25206.15
        8.03     0.999963       164379     27306.67
        8.06     0.999966       164380     29789.09
        8.06     0.999969       164380     32768.00
        8.10     0.999971       164381     34492.63
        8.10     0.999973       164381     36408.89
        8.10     0.999974       164381     38550.59
        8.10     0.999976       164381     40960.00
       12.29     0.999977       164383     43690.67
       12.29     0.999979       164383     46811.43
       12.29     0.999980       164383     50412.31
       12.29     0.999982       164383     54613.33
       12.29     0.999983       164383     59578.18
       12.29     0.999985       164383     65536.00
       12.29     0.999986       164383     68985.26
       12.29     0.999986       164383     72817.78
       12.29     0.999987       164383     77101.18
       12.29     0.999988       164383     81920.00
       12.54     0.999989       164384     87381.33
       12.54     0.999989       164384     93622.86
       12.54     0.999990       164384    100824.62
       12.54     0.999991       164384    109226.67
       12.54     0.999992       164384    119156.36
       12.54     0.999992       164384    131072.00
       12.54     0.999993       164384    137970.53
       12.54     0.999993       164384    145635.56
       12.54     0.999994       164384    154202.35
       12.54     0.999994       164384    163840.00
       13.12     0.999994       164385    174762.67
       13.12     1.000000       164385          inf
#[Mean    =        1.459, StdDeviation   =        0.260]
#[Max     =       13.119, Total count    =       164385]
#[Buckets =           20, SubBuckets     =          256]
