       Value   Percentile   TotalCount 1/(1-Percentile)

        0.07     0.000000           15         1.00
        0.17     0.050000       686945         1.05
        0.32     0.100000      1201575         1.11
        0.61     0.150000      1848760         1.18
        0.65     0.200000      2448475         1.25
        0.68     0.250000      3102675         1.33
        0.71     0.300000      3679065         1.43
        0.75     0.350000      4162375         1.54
        0.79     0.400000      4763710         1.67
        0.81     0.450000      5428620         1.82
        0.83     0.500000      6061005         2.00
        0.84     0.525000      6443305         2.11
        0.85     0.550000      6862255         2.22
        0.85     0.575000      6862255         2.35
        0.85     0.600000      7317385         2.50
        0.86     0.625000      7794925         2.67
        0.86     0.650000      7794925         2.86
        0.87     0.675000      8276190         3.08
        0.88     0.700000      8740575         3.33
        0.88     0.725000      8740575         3.64
        0.89     0.750000      9175870         4.00
        0.89     0.762500      9175870         4.21
        0.90     0.775000      9561215         4.44
        0.90     0.787500      9561215         4.71
        0.90     0.800000      9561215         5.00
        0.90     0.812500      9883980         5.33
        0.90     0.825000      9883980         5.71
        0.91     0.837500     10144140         6.15
        0.91     0.850000     10144140         6.67
        0.92     0.862500     10347025         7.27
        0.93     0.875000     10496480         8.00
        0.93     0.881250     10496480         8.42
        0.94     0.887500     10609665         8.89
        0.94     0.893750     10609665         9.41
        0.94     0.900000     10693240        10.00
        0.95     0.906250     10755590        10.67
        0.97     0.912500     10844540        11.43
        0.98     0.918750     10910035        12.31
        1.01     0.925000     10993285        13.33
        1.03     0.931250     11061645        14.55
        1.06     0.937500     11127380        16.00
        1.09     0.940625     11164415        16.84
        1.12     0.943750     11204710        17.78
        1.15     0.946875     11241650        18.82
        1.18     0.950000     11275370        20.00
        1.20     0.953125     11318370        21.33
        1.22     0.956250     11352665        22.86
        1.23     0.959375     11390835        24.62
        1.25     0.962500     11433410        26.67
        1.25     0.965625     11455925        29.09
        1.27     0.968750     11502575        32.00
        1.28     0.970313     11526200        33.68
        1.29     0.971875     11549900        35.56
        1.29     0.973437     11549900        37.65
        1.29     0.975000     11573160        40.00
        1.30     0.976562     11595215        42.67
        1.31     0.978125     11616715        45.71
        1.32     0.979688     11636130        49.23
        1.33     0.981250     11653930        53.33
        1.33     0.982812     11669460        58.18
        1.34     0.984375     11683835        64.00
        1.35     0.985156     11695885        67.37
        1.36     0.985938     11705420        71.11
        1.37     0.986719     11713445        75.29
        1.38     0.987500     11719840        80.00
        1.38     0.988281     11725025        85.33
        1.41     0.989062     11735650        91.43
        1.44     0.989844     11743580        98.46
        1.50     0.990625     11752370       106.67
        1.58     0.991406     11761600       116.36
        1.76     0.992188     11770510       128.00
        1.95     0.992578     11775155       134.74
        2.19     0.992969     11779915       142.22
        2.38     0.993359     11784390       150.59
        2.69     0.993750     11788990       160.00
        3.01     0.994141     11793620       170.67
        3.33     0.994531     11798275       182.86
        3.68     0.994922     11802860       196.92
        4.13     0.995313     11807575       213.33
        4.61     0.995703     11812250       232.73
        5.21     0.996094     11816835       256.00
        5.57     0.996289     11819100       269.47
        5.92     0.996484     11821600       284.44
        6.21     0.996680     11823650       301.18
        6.50     0.996875     11826250       320.00
        6.75     0.997070     11828400       341.33
        6.97     0.997266     11830820       365.71
        7.23     0.997461     11832930       393.85
        7.49     0.997656     11835230       426.67
        8.03     0.997852     11837730       465.45
        8.45     0.998047     11840005       512.00
        8.70     0.998145     11841255       538.95
        9.02     0.998242     11842190       568.89
        9.41     0.998340     11843330       602.35
       10.18     0.998437     11844590       640.00
       10.88     0.998535     11845695       682.67
       11.84     0.998633     11846820       731.43
       12.35     0.998730     11848260       787.69
       12.61     0.998828     11849200       853.33
       13.31     0.998926     11850285       930.91
       14.59     0.999023     11851480      1024.00
       15.29     0.999072     11852015      1077.89
       16.00     0.999121     11852660      1137.78
       16.13     0.999170     11853195      1204.71
       16.25     0.999219     11853820      1280.00
       16.38     0.999268     11854720      1365.33
       16.51     0.999316     11855560      1462.86
       16.51     0.999365     11855560      1575.38
       16.64     0.999414     11856300      1706.67
       16.77     0.999463     11856650      1861.82
       17.79     0.999512     11857340      2048.00
       18.18     0.999536     11857665      2155.79
       18.69     0.999561     11857905      2275.56
       19.07     0.999585     11858130      2409.41
       19.97     0.999609     11858395      2560.00
       20.35     0.999634     11859030      2730.67
       20.35     0.999658     11859030      2925.71
       20.48     0.999683     11859595      3150.77
       20.48     0.999707     11859595      3413.33
       20.61     0.999731     11860015      3723.64
       20.73     0.999756     11860180      4096.00
       20.86     0.999768     11860275      4311.58
       21.12     0.999780     11860425      4551.11
       21.38     0.999792     11860595      4818.82
       22.14     0.999805     11860705      5120.00
       22.53     0.999817     11860865      5461.33
       23.81     0.999829     11861025      5851.43
       24.19     0.999841     11861260      6301.54
       24.32     0.999854     11861480      6826.67
       24.32     0.999866     11861480      7447.27
       24.45     0.999878     11861980      8192.00
       24.45     0.999884     11861980      8623.16
       24.45     0.999890     11861980      9102.22
       24.45     0.999896     11861980      9637.65
       24.45     0.999902     11861980     10240.00
       24.45     0.999908     11861980     10922.67
       24.57     0.999915     11862240     11702.86
       24.57     0.999921     11862240     12603.08
       24.57     0.999927     11862240     13653.33
       24.57     0.999933     11862240     14894.55
       24.70     0.999939     11862360     16384.00
       24.70     0.999942     11862360     17246.32
       24.83     0.999945     11862395     18204.44
       24.96     0.999948     11862440     19275.29
       25.21     0.999951     11862475     20480.00
       25.34     0.999954     11862480     21845.33
       25.86     0.999957     11862540     23405.71
       26.11     0.999960     11862550     25206.15
       26.50     0.999963     11862620     27306.67
       26.62     0.999966     11862695     29789.09
       26.62     0.999969     11862695     32768.00
       26.62     0.999971     11862695     34492.63
       26.62     0.999973     11862695     36408.89
       26.75     0.999974     11862750     38550.59
       26.75     0.999976     11862750     40960.00
       26.75     0.999977     11862750     43690.67
       27.14     0.999979     11862785     46811.43
       27.14     0.999980     11862785     50412.31
       28.03     0.999982     11862805     54613.33
       28.16     0.999983     11862840     59578.18
       28.16     0.999985     11862840     65536.00
       28.29     0.999986     11862870     68985.26
       28.29     0.999986     11862870     72817.78
       28.29     0.999987     11862870     77101.18
       28.41     0.999988     11862950     81920.00
       28.41     0.999989     11862950     87381.33
       28.41     0.999989     11862950     93622.86
       28.41     0.999990     11862950    100824.62
       28.41     0.999991     11862950    109226.67
       28.41     0.999992     11862950    119156.36
       28.41     0.999992     11862950    131072.00
       28.41     0.999993     11862950    137970.53
       28.41     0.999993     11862950    145635.56
       28.41     0.999994     11862950    154202.35
       28.41     0.999994     11862950    163840.00
       28.54     0.999994     11862990    174762.67
       28.54     0.999995     11862990    187245.71
       28.54     0.999995     11862990    201649.23
       28.54     0.999995     11862990    218453.33
       28.54     0.999996     11862990    238312.73
       28.54     0.999996     11862990    262144.00
       28.54     0.999996     11862990    275941.05
       28.54     0.999997     11862990    291271.11
       28.54     0.999997     11862990    308404.71
       28.54     0.999997     11862990    327680.00
       28.54     0.999997     11862990    349525.33
       28.54     0.999997     11862990    374491.43
       28.67     0.999998     11863020    403298.46
       28.67     1.000000     11863020          inf
#[Mean    =        0.807, StdDeviation   =        0.774]
#[Max     =       28.671, Total count    =     11863020]
#[Buckets =           20, SubBuckets     =          256]
