       Value   Percentile   TotalCount 1/(1-Percentile)

        0.25     0.000000            1         1.00
        0.40     0.050000        24610         1.05
        0.42     0.100000        42046         1.11
        0.46     0.150000        62662         1.18
        0.49     0.200000        90003         1.25
        0.50     0.250000       101732         1.33
        0.52     0.300000       128939         1.43
        0.54     0.350000       153247         1.54
        0.54     0.400000       162908         1.67
        0.57     0.450000       186712         1.82
        0.58     0.500000       205289         2.00
        0.59     0.525000       216896         2.11
        0.60     0.550000       229829         2.22
        0.61     0.575000       243501         2.35
        0.61     0.600000       257329         2.50
        0.61     0.625000       257329         2.67
        0.62     0.650000       271390         2.86
        0.63     0.675000       284790         3.08
        0.64     0.700000       297259         3.33
        0.64     0.725000       297259         3.64
        0.65     0.750000       308106         4.00
        0.66     0.762500       317369         4.21
        0.66     0.775000       317369         4.44
        0.66     0.787500       324884         4.71
        0.67     0.800000       331009         5.00
        0.67     0.812500       331009         5.33
        0.69     0.825000       339115         5.71
        0.69     0.837500       341755         6.15
        0.72     0.850000       346631         6.67
        0.76     0.862500       351383         7.27
        0.78     0.875000       356445         8.00
        0.79     0.881250       359167         8.42
        0.80     0.887500       362382         8.89
        0.81     0.893750       366250         9.41
        0.81     0.900000       366250        10.00
        0.81     0.906250       370599        10.67
        0.82     0.912500       375065        11.43
        0.82     0.918750       375065        12.31
        0.83     0.925000       379778        13.33
        0.83     0.931250       379778        14.55
        0.84     0.937500       384524        16.00
        0.84     0.940625       384524        16.84
        0.84     0.943750       384524        17.78
        0.85     0.946875       389004        18.82
        0.85     0.950000       389004        20.00
        0.85     0.953125       389004        21.33
        0.85     0.956250       392993        22.86
        0.85     0.959375       392993        24.62
        0.85     0.962500       392993        26.67
        0.85     0.965625       392993        29.09
        0.86     0.968750       396387        32.00
        0.86     0.970313       396387        33.68
        0.86     0.971875       396387        35.56
        0.86     0.973437       396387        37.65
        0.87     0.975000       399010        40.00
        0.87     0.976562       399010        42.67
        0.87     0.978125       399010        45.71
        0.87     0.979688       399010        49.23
        0.88     0.981250       400986        53.33
        0.88     0.982812       400986        58.18
        0.88     0.984375       400986        64.00
        0.88     0.985156       400986        67.37
        0.89     0.985938       402451        71.11
        0.89     0.986719       402451        75.29
        0.89     0.987500       402451        80.00
        0.89     0.988281       402451        85.33
        0.89     0.989062       402451        91.43
        0.90     0.989844       403477        98.46
        0.90     0.990625       403477       106.67
        0.90     0.991406       403477       116.36
        0.90     0.992188       404166       128.00
        0.90     0.992578       404166       134.74
        0.90     0.992969       404166       142.22
        0.91     0.993359       404707       150.59
        0.91     0.993750       404707       160.00
        0.91     0.994141       404707       170.67
        0.91     0.994531       404707       182.86
        0.92     0.994922       405133       196.92
        0.92     0.995313       405133       213.33
        0.92     0.995703       405133       232.73
        0.93     0.996094       405428       256.00
        0.93     0.996289       405428       269.47
        0.94     0.996484       405676       284.44
        0.94     0.996680       405676       301.18
        0.94     0.996875       405676       320.00
        0.94     0.997070       405892       341.33
        0.94     0.997266       405892       365.71
        0.94     0.997461       405892       393.85
        0.95     0.997656       406049       426.67
        0.95     0.997852       406049       465.45
        0.96     0.998047       406187       512.00
        0.96     0.998145       406187       538.95
        0.96     0.998242       406187       568.89
        0.97     0.998340       406283       602.35
        0.97     0.998437       406283       640.00
        0.97     0.998535       406283       682.67
        0.97     0.998633       406363       731.43
        0.97     0.998730       406363       787.69
        0.98     0.998828       406443       853.33
        0.98     0.998926       406443       930.91
        0.99     0.999023       406521      1024.00
        0.99     0.999072       406521      1077.89
        0.99     0.999121       406521      1137.78
        1.00     0.999170       406566      1204.71
        1.00     0.999219       406566      1280.00
        1.01     0.999268       406611      1365.33
        1.01     0.999316       406611      1462.86
        1.01     0.999365       406651      1575.38
        1.01     0.999414       406651      1706.67
        1.02     0.999463       406689      1861.82
        1.02     0.999512       406689      2048.00
        1.02     0.999536       406689      2155.79
        1.03     0.999561       406711      2275.56
        1.03     0.999585       406711      2409.41
        1.04     0.999609       406735      2560.00
        1.04     0.999634       406735      2730.67
        1.05     0.999658       406762      2925.71
        1.05     0.999683       406762      3150.77
        1.05     0.999707       406762      3413.33
        1.05     0.999731       406775      3723.64
        1.06     0.999756       406784      4096.00
        1.06     0.999768       406784      4311.58
        1.07     0.999780       406791      4551.11
        1.07     0.999792       406791      4818.82
        1.09     0.999805       406797      5120.00
        1.13     0.999817       406804      5461.33
        1.14     0.999829       406806      5851.43
        1.19     0.999841       406812      6301.54
        1.22     0.999854       406816      6826.67
        2.24     0.999866       406821      7447.27
        2.51     0.999878       406826      8192.00
        3.34     0.999884       406828      8623.16
        3.44     0.999890       406831      9102.22
        3.46     0.999896       406833      9637.65
        3.50     0.999902       406836     10240.00
        3.54     0.999908       406839     10922.67
        3.58     0.999915       406842     11702.86
        3.60     0.999921       406843     12603.08
        3.68     0.999927       406846     13653.33
        3.73     0.999933       406848     14894.55
        3.77     0.999939       406851     16384.00
        3.84     0.999942       406852     17246.32
        3.85     0.999945       406853     18204.44
        3.87     0.999948       406854     19275.29
        3.97     0.999951       406856     20480.00
        3.98     0.999954       406857     21845.33
        4.03     0.999957       406858     23405.71
        4.05     0.999960       406860     25206.15
        4.06     0.999963       406861     27306.67
        4.29     0.999966       406862     29789.09
        4.35     0.999969       406863     32768.00
        5.82     0.999971       406864     34492.63
        5.82     0.999973       406864     36408.89
        5.92     0.999974       406865     38550.59
        5.98     0.999976       406867     40960.00
        5.98     0.999977       406867     43690.67
        5.98     0.999979       406867     46811.43
        5.98     0.999980       406867     50412.31
        6.01     0.999982       406868     54613.33
        6.05     0.999983       406872     59578.18
        6.05     0.999985       406872     65536.00
        6.05     0.999986       406872     68985.26
        6.05     0.999986       406872     72817.78
        6.05     0.999987       406872     77101.18
        6.05     0.999988       406872     81920.00
        6.05     0.999989       406872     87381.33
        6.05     0.999989       406872     93622.86
        6.05     0.999990       406872    100824.62
        6.05     0.999991       406872    109226.67
        6.05     0.999992       406872    119156.36
        6.05     0.999992       406872    131072.00
        6.17     0.999993       406873    137970.53
        6.17     0.999993       406873    145635.56
        6.17     0.999994       406873    154202.35
        6.17     0.999994       406873    163840.00
        6.17     0.999994       406873    174762.67
        6.17     0.999995       406873    187245.71
        6.17     0.999995       406873    201649.23
        6.27     0.999995       406875    218453.33
        6.27     1.000000       406875          inf
#[Mean    =        0.589, StdDeviation   =        0.135]
#[Max     =        6.271, Total count    =       406875]
#[Buckets =           20, SubBuckets     =          256]
