       Value   Percentile   TotalCount 1/(1-Percentile)

        0.07     0.000000           15         1.00
        0.31     0.050000       506435         1.05
        0.66     0.100000      1005020         1.11
        0.70     0.150000      1503950         1.18
        0.80     0.200000      2008715         1.25
        0.89     0.250000      2555975         1.33
        0.93     0.300000      3044360         1.43
        0.95     0.350000      3568190         1.54
        0.97     0.400000      4075985         1.67
        0.98     0.450000      4749605         1.82
        0.99     0.500000      5145720         2.00
        1.00     0.525000      5577850         2.11
        1.00     0.550000      5577850         2.22
        1.01     0.575000      6035720         2.35
        1.01     0.600000      6035720         2.50
        1.01     0.625000      6504055         2.67
        1.01     0.650000      6504055         2.86
        1.02     0.675000      6967355         3.08
        1.03     0.700000      7408590         3.33
        1.03     0.725000      7408590         3.64
        1.04     0.750000      7813540         4.00
        1.04     0.762500      7813540         4.21
        1.04     0.775000      7813540         4.44
        1.05     0.787500      8165850         4.71
        1.05     0.800000      8165850         5.00
        1.05     0.812500      8165850         5.33
        1.05     0.825000      8461425         5.71
        1.05     0.837500      8461425         6.15
        1.06     0.850000      8694960         6.67
        1.06     0.862500      8694960         7.27
        1.07     0.875000      8876325         8.00
        1.07     0.881250      8876325         8.42
        1.07     0.887500      8876325         8.89
        1.08     0.893750      9012185         9.41
        1.08     0.900000      9012185        10.00
        1.09     0.906250      9108095        10.67
        1.09     0.912500      9174845        11.43
        1.10     0.918750      9219960        12.31
        1.11     0.925000      9250830        13.33
        1.14     0.931250      9310880        14.55
        1.20     0.937500      9371555        16.00
        1.23     0.940625      9402610        16.84
        1.27     0.943750      9434815        17.78
        1.32     0.946875      9467255        18.82
        1.36     0.950000      9497705        20.00
        1.39     0.953125      9529830        21.33
        1.42     0.956250      9561320        22.86
        1.44     0.959375      9600635        24.62
        1.46     0.962500      9631450        26.67
        1.47     0.965625      9664965        29.09
        1.49     0.968750      9700095        32.00
        1.49     0.970313      9700095        33.68
        1.50     0.971875      9718610        35.56
        1.50     0.973437      9737110        37.65
        1.51     0.975000      9755140        40.00
        1.52     0.976562      9772825        42.67
        1.53     0.978125      9790405        45.71
        1.53     0.979688      9806685        49.23
        1.54     0.981250      9821925        53.33
        1.55     0.982812      9835855        58.18
        1.56     0.984375      9848725        64.00
        1.56     0.985156      9848725        67.37
        1.57     0.985938      9860055        71.11
        1.57     0.986719      9869975        75.29
        1.58     0.987500      9878545        80.00
        1.59     0.988281      9885610        85.33
        1.60     0.989062      9891275        91.43
        1.61     0.989844      9895735        98.46
        1.62     0.990625      9902410       106.67
        1.66     0.991406      9910885       116.36
        1.73     0.992188      9918375       128.00
        1.77     0.992578      9922075       134.74
        1.81     0.992969      9926120       142.22
        1.85     0.993359      9929595       150.59
        1.92     0.993750      9933680       160.00
        2.00     0.994141      9937265       170.67
        2.10     0.994531      9941640       182.86
        2.19     0.994922      9945055       196.92
        2.33     0.995313      9949100       213.33
        2.59     0.995703      9952985       232.73
        2.98     0.996094      9956750       256.00
        3.17     0.996289      9958775       269.47
        3.46     0.996484      9960630       284.44
        3.81     0.996680      9962615       301.18
        4.13     0.996875      9964670       320.00
        4.58     0.997070      9966520       341.33
        4.96     0.997266      9968440       365.71
        5.47     0.997461      9970460       393.85
        5.98     0.997656      9972365       426.67
        6.50     0.997852      9974345       465.45
        7.01     0.998047      9976380       512.00
        7.29     0.998145      9977310       538.95
        7.52     0.998242      9978285       568.89
        7.71     0.998340      9979215       602.35
        7.87     0.998437      9980240       640.00
        8.16     0.998535      9981230       682.67
        8.38     0.998633      9982145       731.43
        8.64     0.998730      9983145       787.69
        9.02     0.998828      9984085       853.33
        9.60     0.998926      9985220       930.91
       10.24     0.999023      9985995      1024.00
       10.62     0.999072      9986490      1077.89
       11.07     0.999121      9986985      1137.78
       12.16     0.999170      9987470      1204.71
       12.80     0.999219      9988015      1280.00
       13.31     0.999268      9988485      1365.33
       13.89     0.999316      9988965      1462.86
       14.46     0.999365      9989475      1575.38
       15.62     0.999414      9989945      1706.67
       16.06     0.999463      9990560      1861.82
       16.38     0.999512      9990925      2048.00
       16.51     0.999536      9991145      2155.79
       16.77     0.999561      9991405      2275.56
       17.15     0.999585      9991770      2409.41
       17.28     0.999609      9991950      2560.00
       17.79     0.999634      9992155      2730.67
       18.18     0.999658      9992425      2925.71
       18.43     0.999683      9992620      3150.77
       19.20     0.999707      9992875      3413.33
       19.84     0.999731      9993085      3723.64
       20.35     0.999756      9993320      4096.00
       20.48     0.999768      9993445      4311.58
       20.61     0.999780      9993585      4551.11
       20.86     0.999792      9993755      4818.82
       21.25     0.999805      9993825      5120.00
       21.76     0.999817      9993925      5461.33
       22.66     0.999829      9994105      5851.43
       22.78     0.999841      9994185      6301.54
       23.17     0.999854      9994325      6826.67
       23.68     0.999866      9994460      7447.27
       23.93     0.999878      9994540      8192.00
       24.32     0.999884      9994610      8623.16
       24.45     0.999890      9994690      9102.22
       24.57     0.999896      9994745      9637.65
       24.70     0.999902      9994785     10240.00
       24.96     0.999908      9994870     10922.67
       25.21     0.999915      9994905     11702.86
       25.47     0.999921      9995010     12603.08
       25.60     0.999927      9995070     13653.33
       25.73     0.999933      9995090     14894.55
       26.11     0.999939      9995150     16384.00
       26.62     0.999942      9995185     17246.32
       26.75     0.999945      9995210     18204.44
       27.26     0.999948      9995265     19275.29
       27.39     0.999951      9995275     20480.00
       28.16     0.999954      9995325     21845.33
       28.29     0.999957      9995475     23405.71
       28.29     0.999960      9995475     25206.15
       28.29     0.999963      9995475     27306.67
       28.29     0.999966      9995475     29789.09
       28.29     0.999969      9995475     32768.00
       28.29     0.999971      9995475     34492.63
       28.41     0.999973      9995500     36408.89
       28.41     0.999974      9995500     38550.59
       28.54     0.999976      9995520     40960.00
       28.67     0.999977      9995555     43690.67
       28.67     0.999979      9995555     46811.43
       28.80     0.999980      9995560     50412.31
       29.82     0.999982      9995580     54613.33
       29.95     0.999983      9995590     59578.18
       30.85     0.999985      9995610     65536.00
       30.98     0.999986      9995640     68985.26
       30.98     0.999986      9995640     72817.78
       30.98     0.999987      9995640     77101.18
       30.98     0.999988      9995640     81920.00
       31.49     0.999989      9995670     87381.33
       31.49     0.999989      9995670     93622.86
       31.49     0.999990      9995670    100824.62
       31.49     0.999991      9995670    109226.67
       31.61     0.999992      9995680    119156.36
       31.61     0.999992      9995680    131072.00
       32.26     0.999993      9995715    137970.53
       32.26     0.999993      9995715    145635.56
       32.26     0.999994      9995715    154202.35
       32.26     0.999994      9995715    163840.00
       32.26     0.999994      9995715    174762.67
       32.26     0.999995      9995715    187245.71
       32.26     0.999995      9995715    201649.23
       32.26     0.999995      9995715    218453.33
       32.26     0.999996      9995715    238312.73
       33.28     0.999996      9995725    262144.00
       33.28     0.999996      9995725    275941.05
       33.28     0.999997      9995725    291271.11
       33.28     0.999997      9995725    308404.71
       33.28     0.999997      9995725    327680.00
       34.81     0.999997      9995750    349525.33
       34.81     0.999997      9995750    374491.43
       34.81     0.999998      9995750    403298.46
       34.81     0.999998      9995750    436906.67
       34.81     0.999998      9995750    476625.45
       34.81     0.999998      9995750    524288.00
       34.81     0.999998      9995750    551882.11
       34.81     0.999998      9995750    582542.22
       34.81     0.999998      9995750    616809.41
       34.81     0.999998      9995750    655360.00
       34.81     0.999999      9995750    699050.67
       34.81     0.999999      9995750    748982.86
       34.81     0.999999      9995750    806596.92
       34.81     0.999999      9995750    873813.33
       34.81     0.999999      9995750    953250.91
       34.81     0.999999      9995750   1048576.00
       34.81     0.999999      9995750   1103764.21
       34.81     0.999999      9995750   1165084.44
       34.81     0.999999      9995750   1233618.82
       34.81     0.999999      9995750   1310720.00
       34.81     0.999999      9995750   1398101.33
       34.81     0.999999      9995750   1497965.71
       34.81     0.999999      9995750   1613193.85
       34.81     0.999999      9995750   1747626.67
       34.81     0.999999      9995750   1906501.82
       36.35     1.000000      9995755   2097152.00
       36.35     1.000000      9995755          inf
#[Mean    =        0.958, StdDeviation   =        0.661]
#[Max     =       36.351, Total count    =      9995755]
#[Buckets =           20, SubBuckets     =          256]
