       Value   Percentile   TotalCount 1/(1-Percentile)

        0.17     0.000000            1         1.00
        0.29     0.050000        28903         1.05
        0.31     0.100000        61781         1.11
        0.35     0.150000        81815         1.18
        0.38     0.200000       118638         1.25
        0.38     0.250000       140033         1.33
        0.39     0.300000       162191         1.43
        0.41     0.350000       205179         1.54
        0.41     0.400000       220180         1.67
        0.43     0.450000       242390         1.82
        0.45     0.500000       283286         2.00
        0.45     0.525000       283286         2.11
        0.46     0.550000       312221         2.22
        0.46     0.575000       312221         2.35
        0.46     0.600000       343203         2.50
        0.46     0.625000       343203         2.67
        0.47     0.650000       374147         2.86
        0.47     0.675000       374147         3.08
        0.48     0.700000       403224         3.33
        0.48     0.725000       403224         3.64
        0.49     0.750000       426537         4.00
        0.49     0.762500       426537         4.21
        0.49     0.775000       426537         4.44
        0.49     0.787500       426537         4.71
        0.49     0.800000       441473         5.00
        0.49     0.812500       441473         5.33
        0.50     0.825000       449331         5.71
        0.51     0.837500       453325         6.15
        0.54     0.850000       458212         6.67
        0.61     0.862500       465072         7.27
        0.62     0.875000       474900         8.00
        0.62     0.881250       474900         8.42
        0.63     0.887500       484296         8.89
        0.63     0.893750       484296         9.41
        0.63     0.900000       484296        10.00
        0.64     0.906250       496127        10.67
        0.64     0.912500       496127        11.43
        0.64     0.918750       496127        12.31
        0.65     0.925000       508317        13.33
        0.65     0.931250       508317        14.55
        0.65     0.937500       508317        16.00
        0.65     0.940625       508317        16.84
        0.65     0.943750       508317        17.78
        0.66     0.946875       518696        18.82
        0.66     0.950000       518696        20.00
        0.66     0.953125       518696        21.33
        0.66     0.956250       518696        22.86
        0.66     0.959375       518696        24.62
        0.66     0.962500       518696        26.67
        0.66     0.965625       526039        29.09
        0.66     0.968750       526039        32.00
        0.66     0.970313       526039        33.68
        0.66     0.971875       526039        35.56
        0.66     0.973437       526039        37.65
        0.66     0.975000       526039        40.00
        0.66     0.976562       526039        42.67
        0.67     0.978125       530624        45.71
        0.67     0.979688       530624        49.23
        0.67     0.981250       530624        53.33
        0.67     0.982812       530624        58.18
        0.67     0.984375       530624        64.00
        0.67     0.985156       530624        67.37
        0.67     0.985938       530624        71.11
        0.68     0.986719       533076        75.29
        0.68     0.987500       533076        80.00
        0.68     0.988281       533076        85.33
        0.68     0.989062       533076        91.43
        0.68     0.989844       533076        98.46
        0.68     0.990625       533076       106.67
        0.69     0.991406       534337       116.36
        0.69     0.992188       534337       128.00
        0.69     0.992578       534337       134.74
        0.69     0.992969       534337       142.22
        0.69     0.993359       535113       150.59
        0.69     0.993750       535113       160.00
        0.69     0.994141       535113       170.67
        0.69     0.994531       535113       182.86
        0.70     0.994922       535589       196.92
        0.70     0.995313       535589       213.33
        0.71     0.995703       535967       232.73
        0.71     0.996094       535967       256.00
        0.72     0.996289       536279       269.47
        0.72     0.996484       536279       284.44
        0.72     0.996680       536279       301.18
        0.73     0.996875       536545       320.00
        0.73     0.997070       536545       341.33
        0.73     0.997266       536545       365.71
        0.73     0.997461       536793       393.85
        0.73     0.997656       536793       426.67
        0.74     0.997852       537019       465.45
        0.74     0.998047       537019       512.00
        0.74     0.998145       537019       538.95
        0.75     0.998242       537198       568.89
        0.75     0.998340       537198       602.35
        0.75     0.998437       537198       640.00
        0.76     0.998535       537370       682.67
        0.76     0.998633       537370       731.43
        0.76     0.998730       537370       787.69
        0.76     0.998828       537370       853.33
        0.77     0.998926       537490       930.91
        0.77     0.999023       537490      1024.00
        0.78     0.999072       537597      1077.89
        0.78     0.999121       537597      1137.78
        0.78     0.999170       537597      1204.71
        0.78     0.999219       537597      1280.00
        0.78     0.999268       537597      1365.33
        0.78     0.999316       537683      1462.86
        0.78     0.999365       537683      1575.38
        0.78     0.999414       537683      1706.67
        0.79     0.999463       537739      1861.82
        0.79     0.999512       537739      2048.00
        0.80     0.999536       537784      2155.79
        0.80     0.999561       537784      2275.56
        0.80     0.999585       537784      2409.41
        0.80     0.999609       537784      2560.00
        0.81     0.999634       537813      2730.67
        0.81     0.999658       537813      2925.71
        0.81     0.999683       537826      3150.77
        0.82     0.999707       537836      3413.33
        0.84     0.999731       537855      3723.64
        0.85     0.999756       537860      4096.00
        0.85     0.999768       537868      4311.58
        0.86     0.999780       537874      4551.11
        0.87     0.999792       537883      4818.82
        0.88     0.999805       537890      5120.00
        0.89     0.999817       537893      5461.33
        0.90     0.999829       537900      5851.43
        0.92     0.999841       537908      6301.54
        0.93     0.999854       537912      6826.67
        0.94     0.999866       537919      7447.27
        0.97     0.999878       537926      8192.00
        0.97     0.999884       537928      8623.16
        1.00     0.999890       537931      9102.22
        1.05     0.999896       537935      9637.65
        1.15     0.999902       537938     10240.00
        1.57     0.999908       537941     10922.67
        1.73     0.999915       537945     11702.86
        2.43     0.999921       537949     12603.08
        2.48     0.999927       537952     13653.33
        2.58     0.999933       537954     14894.55
        2.64     0.999939       537958     16384.00
        2.69     0.999942       537960     17246.32
        2.70     0.999945       537962     18204.44
        2.72     0.999948       537963     19275.29
        2.86     0.999951       537965     20480.00
        2.91     0.999954       537966     21845.33
        3.09     0.999957       537968     23405.71
        3.13     0.999960       537969     25206.15
        3.18     0.999963       537971     27306.67
        3.20     0.999966       537972     29789.09
        3.21     0.999969       537974     32768.00
        3.25     0.999971       537975     34492.63
        3.26     0.999973       537976     36408.89
        3.28     0.999974       537977     38550.59
        3.28     0.999976       537977     40960.00
        3.38     0.999977       537978     43690.67
        3.77     0.999979       537979     46811.43
        3.81     0.999980       537980     50412.31
        3.82     0.999982       537981     54613.33
        3.82     0.999983       537981     59578.18
        3.84     0.999985       537982     65536.00
        3.89     0.999986       537983     68985.26
        3.89     0.999986       537983     72817.78
        3.90     0.999987       537984     77101.18
        3.90     0.999988       537984     81920.00
        3.90     0.999989       537984     87381.33
        3.92     0.999989       537987     93622.86
        3.92     0.999990       537987    100824.62
        3.92     0.999991       537987    109226.67
        3.92     0.999992       537987    119156.36
        3.92     0.999992       537987    131072.00
        3.92     0.999993       537987    137970.53
        3.92     0.999993       537987    145635.56
        3.92     0.999994       537987    154202.35
        3.92     0.999994       537987    163840.00
        3.92     0.999994       537987    174762.67
        4.00     0.999995       537988    187245.71
        4.00     0.999995       537988    201649.23
        4.00     0.999995       537988    218453.33
        4.00     0.999996       537988    238312.73
        4.00     0.999996       537988    262144.00
        4.06     0.999996       537989    275941.05
        4.06     0.999997       537989    291271.11
        4.06     0.999997       537989    308404.71
        4.06     0.999997       537989    327680.00
        4.06     0.999997       537989    349525.33
        4.06     0.999997       537989    374491.43
        4.06     0.999998       537989    403298.46
        4.06     0.999998       537989    436906.67
        4.06     0.999998       537989    476625.45
        4.06     0.999998       537989    524288.00
        4.08     0.999998       537990    551882.11
        4.08     1.000000       537990          inf
#[Mean    =        0.446, StdDeviation   =        0.104]
#[Max     =        4.079, Total count    =       537990]
#[Buckets =           20, SubBuckets     =          256]
