       Value   Percentile   TotalCount 1/(1-Percentile)

        0.17     0.000000            1         1.00
        0.27     0.050000        52247         1.05
        0.28     0.100000        73212         1.11
        0.32     0.150000        95489         1.18
        0.34     0.200000       130237         1.25
        0.34     0.250000       159672         1.33
        0.35     0.300000       189662         1.43
        0.36     0.350000       219464         1.54
        0.37     0.400000       244573         1.67
        0.39     0.450000       288586         1.82
        0.40     0.500000       318630         2.00
        0.40     0.525000       318630         2.11
        0.41     0.550000       358135         2.22
        0.41     0.575000       358135         2.35
        0.41     0.600000       399369         2.50
        0.41     0.625000       399369         2.67
        0.41     0.650000       399369         2.86
        0.42     0.675000       440020         3.08
        0.42     0.700000       440020         3.33
        0.42     0.725000       440020         3.64
        0.43     0.750000       476064         4.00
        0.43     0.762500       476064         4.21
        0.43     0.775000       476064         4.44
        0.43     0.787500       476064         4.71
        0.44     0.800000       500859         5.00
        0.44     0.812500       500859         5.33
        0.44     0.825000       500859         5.71
        0.45     0.837500       512002         6.15
        0.46     0.850000       515500         6.67
        0.55     0.862500       524717         7.27
        0.56     0.875000       532255         8.00
        0.57     0.881250       544839         8.42
        0.57     0.887500       544839         8.89
        0.57     0.893750       544839         9.41
        0.57     0.900000       544839        10.00
        0.57     0.906250       561331        10.67
        0.57     0.912500       561331        11.43
        0.57     0.918750       561331        12.31
        0.57     0.925000       561331        13.33
        0.58     0.931250       577968        14.55
        0.58     0.937500       577968        16.00
        0.58     0.940625       577968        16.84
        0.58     0.943750       577968        17.78
        0.58     0.946875       577968        18.82
        0.58     0.950000       577968        20.00
        0.58     0.953125       577968        21.33
        0.58     0.956250       577968        22.86
        0.59     0.959375       591094        24.62
        0.59     0.962500       591094        26.67
        0.59     0.965625       591094        29.09
        0.59     0.968750       591094        32.00
        0.59     0.970313       591094        33.68
        0.59     0.971875       591094        35.56
        0.59     0.973437       591094        37.65
        0.59     0.975000       591094        40.00
        0.59     0.976562       591094        42.67
        0.59     0.978125       591094        45.71
        0.60     0.979688       598848        49.23
        0.60     0.981250       598848        53.33
        0.60     0.982812       598848        58.18
        0.60     0.984375       598848        64.00
        0.60     0.985156       598848        67.37
        0.60     0.985938       598848        71.11
        0.60     0.986719       598848        75.29
        0.60     0.987500       598848        80.00
        0.60     0.988281       598848        85.33
        0.60     0.989062       598848        91.43
        0.60     0.989844       598848        98.46
        0.60     0.990625       598848       106.67
        0.61     0.991406       602318       116.36
        0.61     0.992188       602318       128.00
        0.61     0.992578       602318       134.74
        0.61     0.992969       602318       142.22
        0.61     0.993359       602318       150.59
        0.61     0.993750       602318       160.00
        0.61     0.994141       602318       170.67
        0.61     0.994531       602318       182.86
        0.61     0.994922       602318       196.92
        0.61     0.995313       602318       213.33
        0.61     0.995703       602318       232.73
        0.61     0.996094       602318       256.00
        0.61     0.996289       602318       269.47
        0.61     0.996484       602318       284.44
        0.61     0.996680       602318       301.18
        0.61     0.996875       603505       320.00
        0.61     0.997070       603505       341.33
        0.61     0.997266       603505       365.71
        0.61     0.997461       603505       393.85
        0.61     0.997656       603505       426.67
        0.61     0.997852       603505       465.45
        0.61     0.998047       603505       512.00
        0.61     0.998145       603505       538.95
        0.61     0.998242       603505       568.89
        0.61     0.998340       603505       602.35
        0.61     0.998437       603505       640.00
        0.61     0.998535       603505       682.67
        0.61     0.998633       603505       731.43
        0.61     0.998730       603505       787.69
        0.62     0.998828       603851       853.33
        0.62     0.998926       603851       930.91
        0.62     0.999023       603851      1024.00
        0.62     0.999072       603851      1077.89
        0.62     0.999121       603851      1137.78
        0.62     0.999170       603851      1204.71
        0.62     0.999219       603851      1280.00
        0.62     0.999268       603851      1365.33
        0.62     0.999316       603851      1462.86
        0.62     0.999365       603851      1575.38
        0.63     0.999414       603963      1706.67
        0.63     0.999463       603963      1861.82
        0.63     0.999512       603963      2048.00
        0.63     0.999536       603963      2155.79
        0.63     0.999561       603963      2275.56
        0.64     0.999585       604004      2409.41
        0.64     0.999609       604004      2560.00
        0.65     0.999634       604023      2730.67
        0.65     0.999658       604023      2925.71
        0.66     0.999683       604043      3150.77
        0.66     0.999707       604054      3413.33
        0.67     0.999731       604070      3723.64
        0.68     0.999756       604082      4096.00
        0.69     0.999768       604095      4311.58
        0.69     0.999780       604095      4551.11
        0.69     0.999792       604107      4818.82
        0.70     0.999805       604114      5120.00
        0.71     0.999817       604125      5461.33
        0.71     0.999829       604125      5851.43
        0.72     0.999841       604132      6301.54
        0.73     0.999854       604142      6826.67
        0.75     0.999866       604153      7447.27
        0.76     0.999878       604157      8192.00
        0.76     0.999884       604157      8623.16
        0.77     0.999890       604164      9102.22
        0.78     0.999896       604167      9637.65
        0.78     0.999902       604170     10240.00
        0.79     0.999908       604178     10922.67
        0.79     0.999915       604178     11702.86
        0.80     0.999921       604182     12603.08
        0.81     0.999927       604187     13653.33
        0.81     0.999933       604187     14894.55
        0.81     0.999939       604192     16384.00
        0.81     0.999942       604192     17246.32
        0.82     0.999945       604197     18204.44
        0.82     0.999948       604197     19275.29
        0.83     0.999951       604200     20480.00
        0.83     0.999954       604200     21845.33
        0.84     0.999957       604204     23405.71
        0.84     0.999960       604204     25206.15
        0.85     0.999963       604207     27306.67
        0.85     0.999966       604207     29789.09
        0.86     0.999969       604210     32768.00
        0.86     0.999971       604210     34492.63
        0.87     0.999973       604214     36408.89
        0.87     0.999974       604214     38550.59
        0.87     0.999976       604214     40960.00
        0.87     0.999977       604214     43690.67
        0.88     0.999979       604216     46811.43
        0.88     0.999980       604216     50412.31
        0.88     0.999982       604216     54613.33
        0.89     0.999983       604217     59578.18
        0.90     0.999985       604219     65536.00
        0.90     0.999986       604219     68985.26
        0.90     0.999986       604219     72817.78
        0.91     0.999987       604220     77101.18
        0.91     0.999988       604220     81920.00
        0.92     0.999989       604222     87381.33
        0.92     0.999989       604222     93622.86
        0.92     0.999990       604222    100824.62
        0.92     0.999991       604222    109226.67
        0.92     0.999992       604222    119156.36
        0.95     0.999992       604224    131072.00
        0.95     0.999993       604224    137970.53
        0.95     0.999993       604224    145635.56
        0.95     0.999994       604224    154202.35
        0.95     0.999994       604224    163840.00
        0.95     0.999994       604224    174762.67
        0.95     0.999995       604224    187245.71
        0.96     0.999995       604227    201649.23
        0.96     1.000000       604227          inf
#[Mean    =        0.397, StdDeviation   =        0.090]
#[Max     =        0.959, Total count    =       604227]
#[Buckets =           20, SubBuckets     =          256]
