       Value   Percentile   TotalCount 1/(1-Percentile)

        0.24     0.000000            1         1.00
        0.63     0.050000        17853         1.05
        0.66     0.100000        37822         1.11
        0.68     0.150000        53468         1.18
        0.69     0.200000        74436         1.25
        0.70     0.250000        86508         1.33
        0.71     0.300000        99633         1.43
        0.72     0.350000       113784         1.54
        0.73     0.400000       128640         1.67
        0.74     0.450000       159407         1.82
        0.75     0.500000       174769         2.00
        0.75     0.525000       174769         2.11
        0.76     0.550000       189921         2.22
        0.76     0.575000       189921         2.35
        0.77     0.600000       204394         2.50
        0.77     0.625000       204394         2.67
        0.78     0.650000       217952         2.86
        0.78     0.675000       217952         3.08
        0.78     0.700000       230705         3.33
        0.79     0.725000       242555         3.64
        0.79     0.750000       242555         4.00
        0.80     0.762500       253189         4.21
        0.80     0.775000       253189         4.44
        0.80     0.787500       253189         4.71
        0.81     0.800000       262734         5.00
        0.81     0.812500       262734         5.33
        0.81     0.825000       271304         5.71
        0.81     0.837500       271304         6.15
        0.82     0.850000       278690         6.67
        0.82     0.862500       278690         7.27
        0.83     0.875000       285220         8.00
        0.83     0.881250       285220         8.42
        0.84     0.887500       290914         8.89
        0.84     0.893750       290914         9.41
        0.84     0.900000       290914        10.00
        0.85     0.906250       295795        10.67
        0.85     0.912500       295795        11.43
        0.85     0.918750       295795        12.31
        0.85     0.925000       299903        13.33
        0.85     0.931250       299903        14.55
        0.86     0.937500       303474        16.00
        0.86     0.940625       303474        16.84
        0.86     0.943750       303474        17.78
        0.87     0.946875       306336        18.82
        0.87     0.950000       306336        20.00
        0.87     0.953125       306336        21.33
        0.88     0.956250       308889        22.86
        0.88     0.959375       308889        24.62
        0.89     0.962500       310957        26.67
        0.89     0.965625       310957        29.09
        0.90     0.968750       312701        32.00
        0.90     0.970313       312701        33.68
        0.90     0.971875       312701        35.56
        0.90     0.973437       314144        37.65
        0.90     0.975000       314144        40.00
        0.90     0.976562       314144        42.67
        0.91     0.978125       315364        45.71
        0.91     0.979688       315364        49.23
        0.91     0.981250       315364        53.33
        0.92     0.982812       316499        58.18
        0.92     0.984375       316499        64.00
        0.93     0.985156       317352        67.37
        0.93     0.985938       317352        71.11
        0.93     0.986719       317352        75.29
        0.94     0.987500       318044        80.00
        0.94     0.988281       318044        85.33
        0.94     0.989062       318044        91.43
        0.94     0.989844       318651        98.46
        0.94     0.990625       318651       106.67
        0.94     0.991406       318651       116.36
        0.95     0.992188       319104       128.00
        0.95     0.992578       319104       134.74
        0.96     0.992969       319471       142.22
        0.96     0.993359       319471       150.59
        0.96     0.993750       319471       160.00
        0.97     0.994141       319764       170.67
        0.97     0.994531       319764       182.86
        0.97     0.994922       319764       196.92
        0.97     0.995313       320052       213.33
        0.97     0.995703       320052       232.73
        0.98     0.996094       320297       256.00
        0.98     0.996289       320297       269.47
        0.98     0.996484       320297       284.44
        0.99     0.996680       320467       301.18
        0.99     0.996875       320467       320.00
        0.99     0.997070       320467       341.33
        1.00     0.997266       320609       365.71
        1.00     0.997461       320609       393.85
        1.01     0.997656       320724       426.67
        1.01     0.997852       320724       465.45
        1.01     0.998047       320810       512.00
        1.01     0.998145       320810       538.95
        1.02     0.998242       320885       568.89
        1.02     0.998340       320885       602.35
        1.02     0.998437       320885       640.00
        1.03     0.998535       320938       682.67
        1.03     0.998633       320938       731.43
        1.04     0.998730       320975       787.69
        1.05     0.998828       321016       853.33
        1.05     0.998926       321039       930.91
        1.06     0.999023       321065      1024.00
        1.07     0.999072       321085      1077.89
        1.08     0.999121       321098      1137.78
        1.09     0.999170       321115      1204.71
        1.09     0.999219       321129      1280.00
        1.10     0.999268       321140      1365.33
        1.11     0.999316       321157      1462.86
        1.13     0.999365       321180      1575.38
        1.14     0.999414       321189      1706.67
        1.15     0.999463       321205      1861.82
        1.17     0.999512       321223      2048.00
        1.18     0.999536       321230      2155.79
        1.18     0.999561       321239      2275.56
        1.19     0.999585       321251      2409.41
        1.19     0.999609       321251      2560.00
        1.21     0.999634       321260      2730.67
        1.22     0.999658       321272      2925.71
        1.23     0.999683       321279      3150.77
        1.24     0.999707       321287      3413.33
        1.25     0.999731       321290      3723.64
        1.26     0.999756       321300      4096.00
        1.27     0.999768       321304      4311.58
        1.28     0.999780       321310      4551.11
        1.28     0.999792       321310      4818.82
        1.29     0.999805       321319      5120.00
        1.29     0.999817       321319      5461.33
        1.29     0.999829       321321      5851.43
        1.32     0.999841       321329      6301.54
        1.32     0.999854       321329      6826.67
        1.33     0.999866       321332      7447.27
        1.38     0.999878       321339      8192.00
        1.38     0.999884       321339      8623.16
        1.38     0.999890       321340      9102.22
        1.40     0.999896       321342      9637.65
        1.41     0.999902       321345     10240.00
        1.42     0.999908       321346     10922.67
        1.43     0.999915       321348     11702.86
        1.47     0.999921       321350     12603.08
        2.93     0.999927       321352     13653.33
        3.33     0.999933       321354     14894.55
        3.38     0.999939       321356     16384.00
        3.66     0.999942       321357     17246.32
        3.71     0.999945       321358     18204.44
        3.74     0.999948       321359     19275.29
        3.76     0.999951       321360     20480.00
        3.85     0.999954       321361     21845.33
        4.16     0.999957       321362     23405.71
        4.32     0.999960       321363     25206.15
        4.38     0.999963       321364     27306.67
        4.58     0.999966       321365     29789.09
        4.80     0.999969       321366     32768.00
        4.80     0.999971       321366     34492.63
        4.83     0.999973       321367     36408.89
        4.83     0.999974       321367     38550.59
        4.86     0.999976       321369     40960.00
        4.86     0.999977       321369     43690.67
        4.86     0.999979       321369     46811.43
        4.86     0.999980       321369     50412.31
        4.89     0.999982       321370     54613.33
        4.89     0.999983       321370     59578.18
        4.93     0.999985       321371     65536.00
        4.93     0.999986       321371     68985.26
        4.93     0.999986       321371     72817.78
        4.93     0.999987       321371     77101.18
        5.02     0.999988       321372     81920.00
        5.02     0.999989       321372     87381.33
        5.02     0.999989       321372     93622.86
        5.02     0.999990       321372    100824.62
        5.34     0.999991       321373    109226.67
        5.34     0.999992       321373    119156.36
        5.34     0.999992       321373    131072.00
        5.34     0.999993       321373    137970.53
        5.34     0.999993       321373    145635.56
        5.34     0.999994       321373    154202.35
        5.41     0.999994       321375    163840.00
        5.41     1.000000       321375          inf
#[Mean    =        0.746, StdDeviation   =        0.083]
#[Max     =        5.407, Total count    =       321375]
#[Buckets =           20, SubBuckets     =          256]
