       Value   Percentile   TotalCount 1/(1-Percentile)

        0.22     0.000000            1         1.00
        0.38     0.050000        24617         1.05
        0.41     0.100000        43439         1.11
        0.45     0.150000        64572         1.18
        0.48     0.200000        92832         1.25
        0.49     0.250000       118688         1.33
        0.50     0.300000       132783         1.43
        0.52     0.350000       158315         1.54
        0.53     0.400000       168744         1.67
        0.55     0.450000       193588         1.82
        0.57     0.500000       212972         2.00
        0.57     0.525000       225127         2.11
        0.58     0.550000       238668         2.22
        0.59     0.575000       253134         2.35
        0.59     0.600000       253134         2.50
        0.60     0.625000       268171         2.67
        0.61     0.650000       283381         2.86
        0.61     0.675000       283381         3.08
        0.61     0.700000       297536         3.33
        0.62     0.725000       310482         3.64
        0.63     0.750000       321631         4.00
        0.63     0.762500       321631         4.21
        0.64     0.775000       330894         4.44
        0.64     0.787500       330894         4.71
        0.65     0.800000       338077         5.00
        0.66     0.812500       343597         5.33
        0.66     0.825000       347771         5.71
        0.68     0.837500       353268         6.15
        0.70     0.850000       357830         6.67
        0.73     0.862500       362033         7.27
        0.76     0.875000       367363         8.00
        0.77     0.881250       370158         8.42
        0.78     0.887500       373494         8.89
        0.78     0.893750       377513         9.41
        0.79     0.900000       381871        10.00
        0.79     0.906250       381871        10.67
        0.80     0.912500       386681        11.43
        0.80     0.918750       386681        12.31
        0.81     0.925000       391804        13.33
        0.81     0.931250       391804        14.55
        0.81     0.937500       396922        16.00
        0.81     0.940625       396922        16.84
        0.81     0.943750       396922        17.78
        0.82     0.946875       401744        18.82
        0.82     0.950000       401744        20.00
        0.82     0.953125       401744        21.33
        0.82     0.956250       401744        22.86
        0.83     0.959375       405903        24.62
        0.83     0.962500       405903        26.67
        0.83     0.965625       405903        29.09
        0.84     0.968750       409253        32.00
        0.84     0.970313       409253        33.68
        0.84     0.971875       409253        35.56
        0.84     0.973437       409253        37.65
        0.84     0.975000       409253        40.00
        0.85     0.976562       411935        42.67
        0.85     0.978125       411935        45.71
        0.85     0.979688       411935        49.23
        0.85     0.981250       411935        53.33
        0.85     0.982812       413909        58.18
        0.85     0.984375       413909        64.00
        0.85     0.985156       413909        67.37
        0.85     0.985938       413909        71.11
        0.86     0.986719       415387        75.29
        0.86     0.987500       415387        80.00
        0.86     0.988281       415387        85.33
        0.86     0.989062       415387        91.43
        0.86     0.989844       415387        98.46
        0.87     0.990625       416359       106.67
        0.87     0.991406       416359       116.36
        0.88     0.992188       417115       128.00
        0.88     0.992578       417115       134.74
        0.88     0.992969       417115       142.22
        0.88     0.993359       417115       150.59
        0.88     0.993750       417115       160.00
        0.89     0.994141       417627       170.67
        0.89     0.994531       417627       182.86
        0.89     0.994922       417627       196.92
        0.90     0.995313       418039       213.33
        0.90     0.995703       418039       232.73
        0.90     0.996094       418039       256.00
        0.90     0.996289       418336       269.47
        0.90     0.996484       418336       284.44
        0.90     0.996680       418336       301.18
        0.90     0.996875       418336       320.00
        0.91     0.997070       418560       341.33
        0.91     0.997266       418560       365.71
        0.92     0.997461       418736       393.85
        0.92     0.997656       418736       426.67
        0.93     0.997852       418868       465.45
        0.93     0.998047       418868       512.00
        0.93     0.998145       418868       538.95
        0.94     0.998242       418987       568.89
        0.94     0.998340       418987       602.35
        0.94     0.998437       418987       640.00
        0.94     0.998535       419088       682.67
        0.94     0.998633       419088       731.43
        0.95     0.998730       419180       787.69
        0.95     0.998828       419180       853.33
        0.96     0.998926       419259       930.91
        0.96     0.999023       419259      1024.00
        0.96     0.999072       419259      1077.89
        0.97     0.999121       419320      1137.78
        0.97     0.999170       419320      1204.71
        0.97     0.999219       419320      1280.00
        0.97     0.999268       419377      1365.33
        0.97     0.999316       419377      1462.86
        0.97     0.999365       419377      1575.38
        0.98     0.999414       419404      1706.67
        0.99     0.999463       419439      1861.82
        0.99     0.999512       419439      2048.00
        1.00     0.999536       419468      2155.79
        1.00     0.999561       419468      2275.56
        1.00     0.999585       419468      2409.41
        1.01     0.999609       419497      2560.00
        1.01     0.999634       419497      2730.67
        1.01     0.999658       419520      2925.71
        1.01     0.999683       419520      3150.77
        1.01     0.999707       419520      3413.33
        1.02     0.999731       419532      3723.64
        1.03     0.999756       419544      4096.00
        1.03     0.999768       419544      4311.58
        1.04     0.999780       419556      4551.11
        1.04     0.999792       419556      4818.82
        1.05     0.999805       419563      5120.00
        1.06     0.999817       419565      5461.33
        1.09     0.999829       419571      5851.43
        1.10     0.999841       419575      6301.54
        1.14     0.999854       419582      6826.67
        1.18     0.999866       419586      7447.27
        1.81     0.999878       419590      8192.00
        2.24     0.999884       419593      8623.16
        2.30     0.999890       419595      9102.22
        3.26     0.999896       419598      9637.65
        3.41     0.999902       419602     10240.00
        3.47     0.999908       419603     10922.67
        3.52     0.999915       419606     11702.86
        3.54     0.999921       419608     12603.08
        3.58     0.999927       419612     13653.33
        3.60     0.999933       419613     14894.55
        3.73     0.999939       419617     16384.00
        3.73     0.999942       419617     17246.32
        3.74     0.999945       419618     18204.44
        3.79     0.999948       419620     19275.29
        3.82     0.999951       419623     20480.00
        3.82     0.999954       419623     21845.33
        3.84     0.999957       419624     23405.71
        3.85     0.999960       419625     25206.15
        3.87     0.999963       419627     27306.67
        3.87     0.999966       419627     29789.09
        3.97     0.999969       419629     32768.00
        3.97     0.999971       419629     34492.63
        4.08     0.999973       419630     36408.89
        4.13     0.999974       419631     38550.59
        4.13     0.999976       419631     40960.00
        4.29     0.999977       419632     43690.67
        4.32     0.999979       419633     46811.43
        4.32     0.999980       419633     50412.31
        5.82     0.999982       419635     54613.33
        5.82     0.999983       419635     59578.18
        5.82     0.999985       419635     65536.00
        5.82     0.999986       419635     68985.26
        5.86     0.999986       419637     72817.78
        5.86     0.999987       419637     77101.18
        5.86     0.999988       419637     81920.00
        5.86     0.999989       419637     87381.33
        5.86     0.999989       419637     93622.86
        5.86     0.999990       419637    100824.62
        5.92     0.999991       419638    109226.67
        5.92     0.999992       419638    119156.36
        5.92     0.999992       419638    131072.00
        5.92     0.999993       419638    137970.53
        6.05     0.999993       419639    145635.56
        6.05     0.999994       419639    154202.35
        6.05     0.999994       419639    163840.00
        6.05     0.999994       419639    174762.67
        6.05     0.999995       419639    187245.71
        6.05     0.999995       419639    201649.23
        6.08     0.999995       419640    218453.33
        6.08     0.999996       419640    238312.73
        6.08     0.999996       419640    262144.00
        6.08     0.999996       419640    275941.05
        6.08     0.999997       419640    291271.11
        6.08     0.999997       419640    308404.71
        6.08     0.999997       419640    327680.00
        6.08     0.999997       419640    349525.33
        6.08     0.999997       419640    374491.43
        6.08     0.999998       419640    403298.46
        6.27     0.999998       419641    436906.67
        6.27     1.000000       419641          inf
#[Mean    =        0.571, StdDeviation   =        0.131]
#[Max     =        6.271, Total count    =       419641]
#[Buckets =           20, SubBuckets     =          256]
