       Value   Percentile   TotalCount 1/(1-Percentile)

        0.11     0.000000           90         1.00
        0.25     0.050000       920170         1.05
        0.29     0.100000      1813690         1.11
        0.38     0.150000      2546040         1.18
        0.79     0.200000      3410250         1.25
        0.88     0.250000      4241710         1.33
        0.96     0.300000      5162220         1.43
        1.00     0.350000      6042010         1.54
        1.03     0.400000      7075670         1.67
        1.05     0.450000      7843240         1.82
        1.06     0.500000      8814320         2.00
        1.07     0.525000      9341160         2.11
        1.07     0.550000      9341160         2.22
        1.08     0.575000      9850620         2.35
        1.09     0.600000     10347990         2.50
        1.09     0.625000     10802230         2.67
        1.10     0.650000     11205120         2.86
        1.11     0.675000     11561680         3.08
        1.13     0.700000     12127550         3.33
        1.14     0.725000     12346220         3.64
        1.16     0.750000     12843850         4.00
        1.17     0.762500     12972900         4.21
        1.18     0.775000     13183390         4.44
        1.21     0.787500     13425660         4.71
        1.23     0.800000     13614530         5.00
        1.25     0.812500     13784720         5.33
        1.29     0.825000     14023280         5.71
        1.31     0.837500     14213350         6.15
        1.34     0.850000     14479400         6.67
        1.37     0.862500     14662460         7.27
        1.39     0.875000     14847800         8.00
        1.41     0.881250     14973690         8.42
        1.42     0.887500     15098130         8.89
        1.44     0.893750     15216800         9.41
        1.45     0.900000     15276070        10.00
        1.46     0.906250     15389080        10.67
        1.48     0.912500     15491960        11.43
        1.50     0.918750     15592040        12.31
        1.52     0.925000     15732400        13.33
        1.53     0.931250     15820390        14.55
        1.55     0.937500     15905230        16.00
        1.57     0.940625     15985330        16.84
        1.57     0.943750     16024200        17.78
        1.58     0.946875     16062370        18.82
        1.60     0.950000     16134100        20.00
        1.61     0.953125     16167280        21.33
        1.62     0.956250     16229480        22.86
        1.64     0.959375     16285100        24.62
        1.66     0.962500     16337000        26.67
        1.67     0.965625     16383140        29.09
        1.70     0.968750     16440600        32.00
        1.71     0.970313     16471090        33.68
        1.73     0.971875     16497620        35.56
        1.74     0.973437     16519860        37.65
        1.76     0.975000     16538600        40.00
        1.79     0.976562     16567260        42.67
        1.84     0.978125     16592580        45.71
        1.92     0.979688     16620060        49.23
        2.01     0.981250     16646410        53.33
        2.14     0.982812     16672380        58.18
        2.30     0.984375     16697590        64.00
        2.42     0.985156     16710900        67.37
        2.54     0.985938     16724360        71.11
        2.69     0.986719     16737030        75.29
        2.90     0.987500     16750390        80.00
        3.28     0.988281     16763710        85.33
        3.79     0.989062     16776830        91.43
        4.51     0.989844     16790260        98.46
        5.63     0.990625     16803350       106.67
        6.75     0.991406     16816580       116.36
        7.52     0.992188     16830040       128.00
        7.84     0.992578     16836450       134.74
        8.16     0.992969     16842980       142.22
        8.51     0.993359     16850550       150.59
        8.77     0.993750     16856360       160.00
        9.34     0.994141     16863340       170.67
        9.86     0.994531     16870120       182.86
       10.56     0.994922     16876580       196.92
       11.97     0.995313     16882750       213.33
       14.21     0.995703     16889470       232.73
       16.32     0.996094     16896320       256.00
       16.77     0.996289     16899810       269.47
       17.54     0.996484     16902690       284.44
       18.82     0.996680     16906000       301.18
       20.22     0.996875     16910210       320.00
       20.35     0.997070     16912570       341.33
       20.73     0.997266     16916050       365.71
       21.50     0.997461     16919590       393.85
       22.78     0.997656     16922520       426.67
       24.19     0.997852     16926050       465.45
       24.32     0.998047     16937940       512.00
       24.32     0.998145     16937940       538.95
       24.32     0.998242     16937940       568.89
       24.32     0.998340     16937940       602.35
       24.32     0.998437     16937940       640.00
       24.32     0.998535     16937940       682.67
       24.45     0.998633     16945750       731.43
       24.45     0.998730     16945750       787.69
       24.45     0.998828     16945750       853.33
       24.45     0.998926     16945750       930.91
       24.45     0.999023     16945750      1024.00
       24.70     0.999072     16947380      1077.89
       24.70     0.999121     16947380      1137.78
       24.83     0.999170     16948620      1204.71
       24.96     0.999219     16949110      1280.00
       25.34     0.999268     16949820      1365.33
       26.11     0.999316     16950640      1462.86
       26.75     0.999365     16951520      1575.38
       27.39     0.999414     16952380      1706.67
       28.29     0.999463     16954400      1861.82
       28.29     0.999512     16954400      2048.00
       28.29     0.999536     16954400      2155.79
       28.41     0.999561     16956190      2275.56
       28.41     0.999585     16956190      2409.41
       28.41     0.999609     16956190      2560.00
       28.41     0.999634     16956190      2730.67
       28.54     0.999658     16956470      2925.71
       28.80     0.999683     16957490      3150.77
       28.80     0.999707     16957490      3413.33
       29.05     0.999731     16957890      3723.64
       29.31     0.999756     16958150      4096.00
       29.82     0.999768     16958300      4311.58
       30.72     0.999780     16958560      4551.11
       31.49     0.999792     16958780      4818.82
       32.00     0.999805     16958940      5120.00
       32.26     0.999817     16959310      5461.33
       32.38     0.999829     16960220      5851.43
       32.38     0.999841     16960220      6301.54
       32.38     0.999854     16960220      6826.67
       32.38     0.999866     16960220      7447.27
       32.38     0.999878     16960220      8192.00
       32.51     0.999884     16960410      8623.16
       32.51     0.999890     16960410      9102.22
       32.64     0.999896     16960550      9637.65
       32.77     0.999902     16960680     10240.00
       32.77     0.999908     16960680     10922.67
       33.02     0.999915     16960880     11702.86
       33.28     0.999921     16960940     12603.08
       33.79     0.999927     16961000     13653.33
       34.56     0.999933     16961120     14894.55
       36.35     0.999939     16961480     16384.00
       36.35     0.999942     16961480     17246.32
       36.35     0.999945     16961480     18204.44
       36.35     0.999948     16961480     19275.29
       36.35     0.999951     16961480     20480.00
       36.35     0.999954     16961480     21845.33
       36.61     0.999957     16961750     23405.71
       36.61     0.999960     16961750     25206.15
       36.61     0.999963     16961750     27306.67
       36.61     0.999966     16961750     29789.09
       36.61     0.999969     16961750     32768.00
       36.61     0.999971     16961750     34492.63
       36.86     0.999973     16961820     36408.89
       36.86     0.999974     16961820     38550.59
       36.86     0.999976     16961820     40960.00
       37.12     0.999977     16961940     43690.67
       37.12     0.999979     16961940     46811.43
       37.12     0.999980     16961940     50412.31
       37.12     0.999982     16961940     54613.33
       37.63     0.999983     16961950     59578.18
       39.42     0.999985     16962040     65536.00
       39.42     0.999986     16962040     68985.26
       39.42     0.999986     16962040     72817.78
       39.42     0.999987     16962040     77101.18
       39.42     0.999988     16962040     81920.00
       39.42     0.999989     16962040     87381.33
       39.68     0.999989     16962050     93622.86
       40.19     0.999990     16962090    100824.62
       40.19     0.999991     16962090    109226.67
       40.19     0.999992     16962090    119156.36
       40.45     0.999992     16962230    131072.00
       40.45     1.000000     16962230          inf
#[Mean    =        1.126, StdDeviation   =        1.602]
#[Max     =       40.447, Total count    =     16962230]
#[Buckets =           20, SubBuckets     =          256]
