       Value   Percentile   TotalCount 1/(1-Percentile)

        0.23     0.000000            5         1.00
        0.46     0.050000        19068         1.05
        0.49     0.100000        35077         1.11
        0.54     0.150000        54574         1.18
        0.57     0.200000        73322         1.25
        0.59     0.250000        88508         1.33
        0.61     0.300000       106941         1.43
        0.62     0.350000       124130         1.54
        0.64     0.400000       138324         1.67
        0.66     0.450000       155843         1.82
        0.69     0.500000       175995         2.00
        0.69     0.525000       184007         2.11
        0.70     0.550000       192547         2.22
        0.71     0.575000       201491         2.35
        0.72     0.600000       210561         2.50
        0.73     0.625000       219625         2.67
        0.73     0.650000       228719         2.86
        0.74     0.675000       237427         3.08
        0.75     0.700000       245611         3.33
        0.76     0.725000       253092         3.64
        0.77     0.750000       259852         4.00
        0.78     0.762500       265762         4.21
        0.78     0.775000       270769         4.44
        0.79     0.787500       274956         4.71
        0.80     0.800000       278497         5.00
        0.81     0.812500       281264         5.33
        0.82     0.825000       285317         5.71
        0.85     0.837500       289593         6.15
        0.88     0.850000       293853         6.67
        0.90     0.862500       297774         7.27
        0.93     0.875000       303514         8.00
        0.94     0.881250       305906         8.42
        0.94     0.887500       308567         8.89
        0.94     0.893750       308567         9.41
        0.95     0.900000       311388        10.00
        0.96     0.906250       314399        10.67
        0.97     0.912500       317709        11.43
        0.97     0.918750       317709        12.31
        0.97     0.925000       320931        13.33
        0.98     0.931250       324173        14.55
        0.98     0.937500       324173        16.00
        0.99     0.940625       327190        16.84
        0.99     0.943750       327190        17.78
        0.99     0.946875       327190        18.82
        1.00     0.950000       330013        20.00
        1.00     0.953125       330013        21.33
        1.00     0.956250       330013        22.86
        1.01     0.959375       332510        24.62
        1.01     0.962500       332510        26.67
        1.01     0.965625       334665        29.09
        1.01     0.968750       334665        32.00
        1.01     0.970313       334665        33.68
        1.02     0.971875       336468        35.56
        1.02     0.973437       336468        37.65
        1.02     0.975000       336468        40.00
        1.03     0.976562       337935        42.67
        1.03     0.978125       337935        45.71
        1.03     0.979688       337935        49.23
        1.04     0.981250       339079        53.33
        1.04     0.982812       339079        58.18
        1.05     0.984375       339974        64.00
        1.05     0.985156       339974        67.37
        1.05     0.985938       340682        71.11
        1.05     0.986719       340682        75.29
        1.05     0.987500       340682        80.00
        1.06     0.988281       341244        85.33
        1.06     0.989062       341244        91.43
        1.07     0.989844       341688        98.46
        1.07     0.990625       341688       106.67
        1.08     0.991406       342020       116.36
        1.09     0.992188       342307       128.00
        1.09     0.992578       342553       134.74
        1.09     0.992969       342553       142.22
        1.10     0.993359       342734       150.59
        1.10     0.993750       342734       160.00
        1.11     0.994141       342902       170.67
        1.12     0.994531       343055       182.86
        1.13     0.994922       343175       196.92
        1.14     0.995313       343303       213.33
        1.14     0.995703       343431       232.73
        1.15     0.996094       343523       256.00
        1.16     0.996289       343624       269.47
        1.17     0.996484       343708       284.44
        1.18     0.996680       343784       301.18
        1.18     0.996875       343853       320.00
        1.19     0.997070       343926       341.33
        1.19     0.997266       343926       365.71
        1.21     0.997461       344050       393.85
        1.22     0.997656       344100       426.67
        1.22     0.997852       344150       465.45
        1.24     0.998047       344231       512.00
        1.24     0.998145       344231       538.95
        1.25     0.998242       344267       568.89
        1.25     0.998340       344308       602.35
        1.26     0.998437       344347       640.00
        1.27     0.998535       344381       682.67
        1.28     0.998633       344401       731.43
        1.29     0.998730       344461       787.69
        1.30     0.998828       344482       853.33
        1.31     0.998926       344502       930.91
        1.33     0.999023       344541      1024.00
        1.33     0.999072       344561      1077.89
        1.34     0.999121       344582      1137.78
        1.34     0.999170       344582      1204.71
        1.35     0.999219       344599      1280.00
        1.36     0.999268       344616      1365.33
        1.38     0.999316       344639      1462.86
        1.38     0.999365       344652      1575.38
        1.39     0.999414       344667      1706.67
        1.40     0.999463       344682      1861.82
        1.42     0.999512       344699      2048.00
        1.42     0.999536       344710      2155.79
        1.43     0.999561       344720      2275.56
        1.44     0.999585       344725      2409.41
        1.46     0.999609       344740      2560.00
        1.46     0.999634       344745      2730.67
        1.47     0.999658       344751      2925.71
        1.48     0.999683       344759      3150.77
        1.51     0.999707       344768      3413.33
        1.53     0.999731       344775      3723.64
        1.57     0.999756       344784      4096.00
        1.58     0.999768       344788      4311.58
        1.61     0.999780       344792      4551.11
        1.63     0.999792       344798      4818.82
        1.65     0.999805       344801      5120.00
        1.67     0.999817       344804      5461.33
        1.70     0.999829       344809      5851.43
        1.75     0.999841       344814      6301.54
        1.81     0.999854       344817      6826.67
        1.94     0.999866       344821      7447.27
        4.16     0.999878       344826      8192.00
        4.22     0.999884       344828      8623.16
        4.32     0.999890       344831      9102.22
        4.35     0.999896       344833      9637.65
        4.38     0.999902       344834     10240.00
        4.45     0.999908       344837     10922.67
        4.48     0.999915       344839     11702.86
        4.54     0.999921       344841     12603.08
        4.58     0.999927       344842     13653.33
        4.70     0.999933       344844     14894.55
        4.99     0.999939       344846     16384.00
        6.69     0.999942       344848     17246.32
        6.85     0.999945       344849     18204.44
        6.88     0.999948       344850     19275.29
        6.91     0.999951       344851     20480.00
        7.04     0.999954       344853     21845.33
        7.04     0.999957       344853     23405.71
        7.07     0.999960       344854     25206.15
        7.23     0.999963       344855     27306.67
        7.42     0.999966       344856     29789.09
        7.46     0.999969       344857     32768.00
        7.87     0.999971       344858     34492.63
        7.87     0.999973       344858     36408.89
        8.16     0.999974       344859     38550.59
        8.16     0.999976       344859     40960.00
        8.19     0.999977       344860     43690.67
        8.19     0.999979       344860     46811.43
        8.38     0.999980       344861     50412.31
        8.38     0.999982       344861     54613.33
        8.45     0.999983       344862     59578.18
        8.45     0.999985       344862     65536.00
        8.70     0.999986       344863     68985.26
        8.70     0.999986       344863     72817.78
        8.70     0.999987       344863     77101.18
        8.70     0.999988       344863     81920.00
        8.89     0.999989       344864     87381.33
        8.89     0.999989       344864     93622.86
        8.89     0.999990       344864    100824.62
        8.89     0.999991       344864    109226.67
        8.96     0.999992       344865    119156.36
        8.96     0.999992       344865    131072.00
        8.96     0.999993       344865    137970.53
        8.96     0.999993       344865    145635.56
        8.96     0.999994       344865    154202.35
        8.96     0.999994       344865    163840.00
        9.21     0.999994       344867    174762.67
        9.21     1.000000       344867          inf
#[Mean    =        0.695, StdDeviation   =        0.169]
#[Max     =        9.215, Total count    =       344867]
#[Buckets =           20, SubBuckets     =          256]
