       Value   Percentile   TotalCount 1/(1-Percentile)

        0.17     0.000000            1         1.00
        0.61     0.050000        18055         1.05
        0.65     0.100000        38064         1.11
        0.66     0.150000        52410         1.18
        0.68     0.200000        71278         1.25
        0.69     0.250000        82655         1.33
        0.70     0.300000       108933         1.43
        0.71     0.350000       123277         1.54
        0.72     0.400000       138768         1.67
        0.73     0.450000       154735         1.82
        0.73     0.500000       170731         2.00
        0.74     0.525000       186338         2.11
        0.74     0.550000       186338         2.22
        0.75     0.575000       201720         2.35
        0.75     0.600000       201720         2.50
        0.76     0.625000       216260         2.67
        0.76     0.650000       216260         2.86
        0.77     0.675000       229828         3.08
        0.78     0.700000       242368         3.33
        0.78     0.725000       242368         3.64
        0.78     0.750000       253862         4.00
        0.78     0.762500       253862         4.21
        0.79     0.775000       263968         4.44
        0.79     0.787500       263968         4.71
        0.79     0.800000       263968         5.00
        0.80     0.812500       273209         5.33
        0.80     0.825000       273209         5.71
        0.81     0.837500       281411         6.15
        0.81     0.850000       281411         6.67
        0.81     0.862500       288540         7.27
        0.81     0.875000       288540         8.00
        0.82     0.881250       294696         8.42
        0.82     0.887500       294696         8.89
        0.82     0.893750       294696         9.41
        0.83     0.900000       299999        10.00
        0.83     0.906250       299999        10.67
        0.83     0.912500       299999        11.43
        0.84     0.918750       304484        12.31
        0.84     0.925000       304484        13.33
        0.85     0.931250       308481        14.55
        0.85     0.937500       308481        16.00
        0.85     0.940625       311782        16.84
        0.85     0.943750       311782        17.78
        0.85     0.946875       311782        18.82
        0.86     0.950000       314683        20.00
        0.86     0.953125       314683        21.33
        0.86     0.956250       314683        22.86
        0.87     0.959375       317075        24.62
        0.87     0.962500       317075        26.67
        0.88     0.965625       319058        29.09
        0.88     0.968750       319058        32.00
        0.88     0.970313       319058        33.68
        0.89     0.971875       320774        35.56
        0.89     0.973437       320774        37.65
        0.89     0.975000       320774        40.00
        0.90     0.976562       322158        42.67
        0.90     0.978125       322158        45.71
        0.90     0.979688       322158        49.23
        0.90     0.981250       323351        53.33
        0.90     0.982812       323351        58.18
        0.91     0.984375       324305        64.00
        0.91     0.985156       324305        67.37
        0.91     0.985938       324305        71.11
        0.91     0.986719       324305        75.29
        0.92     0.987500       325116        80.00
        0.92     0.988281       325116        85.33
        0.92     0.989062       325116        91.43
        0.93     0.989844       325804        98.46
        0.93     0.990625       325804       106.67
        0.94     0.991406       326322       116.36
        0.94     0.992188       326322       128.00
        0.94     0.992578       326322       134.74
        0.94     0.992969       326779       142.22
        0.94     0.993359       326779       150.59
        0.94     0.993750       326779       160.00
        0.94     0.994141       326779       170.67
        0.95     0.994531       327119       182.86
        0.95     0.994922       327119       196.92
        0.95     0.995313       327119       213.33
        0.96     0.995703       327389       232.73
        0.96     0.996094       327389       256.00
        0.97     0.996289       327609       269.47
        0.97     0.996484       327609       284.44
        0.97     0.996680       327609       301.18
        0.97     0.996875       327790       320.00
        0.97     0.997070       327790       341.33
        0.97     0.997266       327790       365.71
        0.98     0.997461       327907       393.85
        0.98     0.997656       327907       426.67
        0.99     0.997852       328015       465.45
        0.99     0.998047       328015       512.00
        1.00     0.998145       328106       538.95
        1.00     0.998242       328106       568.89
        1.00     0.998340       328106       602.35
        1.01     0.998437       328179       640.00
        1.01     0.998535       328179       682.67
        1.01     0.998633       328236       731.43
        1.01     0.998730       328236       787.69
        1.02     0.998828       328275       853.33
        1.03     0.998926       328318       930.91
        1.04     0.999023       328346      1024.00
        1.04     0.999072       328346      1077.89
        1.05     0.999121       328370      1137.78
        1.05     0.999170       328381      1204.71
        1.06     0.999219       328394      1280.00
        1.08     0.999268       328420      1365.33
        1.09     0.999316       328428      1462.86
        1.10     0.999365       328443      1575.38
        1.12     0.999414       328456      1706.67
        1.14     0.999463       328473      1861.82
        1.15     0.999512       328488      2048.00
        1.16     0.999536       328495      2155.79
        1.17     0.999561       328503      2275.56
        1.18     0.999585       328518      2409.41
        1.18     0.999609       328518      2560.00
        1.20     0.999634       328526      2730.67
        1.21     0.999658       328537      2925.71
        1.22     0.999683       328551      3150.77
        1.22     0.999707       328551      3413.33
        1.23     0.999731       328558      3723.64
        1.25     0.999756       328567      4096.00
        1.26     0.999768       328574      4311.58
        1.26     0.999780       328574      4551.11
        1.27     0.999792       328580      4818.82
        1.28     0.999805       328584      5120.00
        1.29     0.999817       328589      5461.33
        1.29     0.999829       328592      5851.43
        1.31     0.999841       328594      6301.54
        1.33     0.999854       328598      6826.67
        1.36     0.999866       328604      7447.27
        1.37     0.999878       328606      8192.00
        1.38     0.999884       328609      8623.16
        1.38     0.999890       328612      9102.22
        1.38     0.999896       328612      9637.65
        1.40     0.999902       328616     10240.00
        1.40     0.999908       328616     10922.67
        1.42     0.999915       328618     11702.86
        1.52     0.999921       328621     12603.08
        1.61     0.999927       328622     13653.33
        1.95     0.999933       328624     14894.55
        2.05     0.999939       328626     16384.00
        2.32     0.999942       328627     17246.32
        2.64     0.999945       328628     18204.44
        2.77     0.999948       328629     19275.29
        2.94     0.999951       328630     20480.00
        2.99     0.999954       328631     21845.33
        3.02     0.999957       328632     23405.71
        3.21     0.999960       328633     25206.15
        3.26     0.999963       328634     27306.67
        3.29     0.999966       328635     29789.09
        3.31     0.999969       328636     32768.00
        3.34     0.999971       328637     34492.63
        3.34     0.999973       328637     36408.89
        3.38     0.999974       328638     38550.59
        3.38     0.999976       328638     40960.00
        3.81     0.999977       328639     43690.67
        3.81     0.999979       328639     46811.43
        4.35     0.999980       328640     50412.31
        4.35     0.999982       328640     54613.33
        4.48     0.999983       328641     59578.18
        4.48     0.999985       328641     65536.00
        4.51     0.999986       328642     68985.26
        4.51     0.999986       328642     72817.78
        4.51     0.999987       328642     77101.18
        4.51     0.999988       328642     81920.00
        4.70     0.999989       328643     87381.33
        4.70     0.999989       328643     93622.86
        4.70     0.999990       328643    100824.62
        4.70     0.999991       328643    109226.67
        5.41     0.999992       328644    119156.36
        5.41     0.999992       328644    131072.00
        5.41     0.999993       328644    137970.53
        5.41     0.999993       328644    145635.56
        5.41     0.999994       328644    154202.35
        5.41     0.999994       328644    163840.00
        5.44     0.999994       328646    174762.67
        5.44     1.000000       328646          inf
#[Mean    =        0.729, StdDeviation   =        0.092]
#[Max     =        5.439, Total count    =       328646]
#[Buckets =           20, SubBuckets     =          256]
