       Value   Percentile   TotalCount 1/(1-Percentile)

        0.18     0.000000            1         1.00
        0.46     0.050000        20906         1.05
        0.49     0.100000        37376         1.11
        0.54     0.150000        53861         1.18
        0.57     0.200000        71012         1.25
        0.59     0.250000        94176         1.33
        0.61     0.300000       112922         1.43
        0.61     0.350000       121890         1.54
        0.64     0.400000       143860         1.67
        0.66     0.450000       161190         1.82
        0.68     0.500000       174359         2.00
        0.69     0.525000       190231         2.11
        0.70     0.550000       199087         2.22
        0.71     0.575000       208451         2.35
        0.72     0.600000       217700         2.50
        0.72     0.625000       217700         2.67
        0.73     0.650000       227162         2.86
        0.73     0.675000       236423         3.08
        0.74     0.700000       245001         3.33
        0.75     0.725000       252880         3.64
        0.77     0.750000       266324         4.00
        0.77     0.762500       266324         4.21
        0.78     0.775000       271626         4.44
        0.78     0.787500       276021         4.71
        0.79     0.800000       279791         5.00
        0.80     0.812500       282822         5.33
        0.81     0.825000       287292         5.71
        0.84     0.837500       291970         6.15
        0.87     0.850000       296559         6.67
        0.90     0.862500       300326         7.27
        0.92     0.875000       305852         8.00
        0.93     0.881250       308152         8.42
        0.94     0.887500       310829         8.89
        0.94     0.893750       310829         9.41
        0.94     0.900000       313706        10.00
        0.95     0.906250       316829        10.67
        0.96     0.912500       320048        11.43
        0.96     0.918750       320048        12.31
        0.97     0.925000       323420        13.33
        0.97     0.931250       326652        14.55
        0.97     0.937500       326652        16.00
        0.98     0.940625       329716        16.84
        0.98     0.943750       329716        17.78
        0.98     0.946875       329716        18.82
        0.99     0.950000       332523        20.00
        0.99     0.953125       332523        21.33
        0.99     0.956250       332523        22.86
        1.00     0.959375       335107        24.62
        1.00     0.962500       335107        26.67
        1.01     0.965625       337393        29.09
        1.01     0.968750       337393        32.00
        1.01     0.970313       339210        33.68
        1.01     0.971875       339210        35.56
        1.01     0.973437       339210        37.65
        1.01     0.975000       339210        40.00
        1.02     0.976562       340718        42.67
        1.02     0.978125       340718        45.71
        1.02     0.979688       340718        49.23
        1.03     0.981250       341912        53.33
        1.03     0.982812       341912        58.18
        1.04     0.984375       342839        64.00
        1.04     0.985156       342839        67.37
        1.04     0.985938       342839        71.11
        1.05     0.986719       343554        75.29
        1.05     0.987500       343554        80.00
        1.05     0.988281       344118        85.33
        1.05     0.989062       344118        91.43
        1.06     0.989844       344535        98.46
        1.06     0.990625       344535       106.67
        1.07     0.991406       344905       116.36
        1.08     0.992188       345172       128.00
        1.08     0.992578       345172       134.74
        1.09     0.992969       345411       142.22
        1.09     0.993359       345411       150.59
        1.09     0.993750       345606       160.00
        1.10     0.994141       345763       170.67
        1.11     0.994531       345923       182.86
        1.12     0.994922       346071       196.92
        1.13     0.995313       346218       213.33
        1.14     0.995703       346326       232.73
        1.14     0.996094       346452       256.00
        1.14     0.996289       346452       269.47
        1.15     0.996484       346548       284.44
        1.16     0.996680       346643       301.18
        1.16     0.996875       346643       320.00
        1.17     0.997070       346722       341.33
        1.18     0.997266       346798       365.71
        1.18     0.997461       346881       393.85
        1.19     0.997656       346952       426.67
        1.20     0.997852       347004       465.45
        1.21     0.998047       347064       512.00
        1.22     0.998145       347110       538.95
        1.22     0.998242       347110       568.89
        1.22     0.998340       347162       602.35
        1.23     0.998437       347201       640.00
        1.24     0.998535       347231       682.67
        1.25     0.998633       347263       731.43
        1.25     0.998730       347295       787.69
        1.26     0.998828       347320       853.33
        1.27     0.998926       347346       930.91
        1.29     0.999023       347403      1024.00
        1.29     0.999072       347403      1077.89
        1.29     0.999121       347425      1137.78
        1.30     0.999170       347459      1204.71
        1.30     0.999219       347459      1280.00
        1.31     0.999268       347482      1365.33
        1.31     0.999316       347482      1462.86
        1.32     0.999365       347500      1575.38
        1.33     0.999414       347523      1706.67
        1.33     0.999463       347543      1861.82
        1.34     0.999512       347557      2048.00
        1.34     0.999536       347557      2155.79
        1.35     0.999561       347569      2275.56
        1.36     0.999585       347582      2409.41
        1.36     0.999609       347582      2560.00
        1.37     0.999634       347593      2730.67
        1.38     0.999658       347599      2925.71
        1.38     0.999683       347610      3150.77
        1.39     0.999707       347618      3413.33
        1.40     0.999731       347625      3723.64
        1.42     0.999756       347636      4096.00
        1.42     0.999768       347643      4311.58
        1.42     0.999780       347643      4551.11
        1.43     0.999792       347645      4818.82
        1.44     0.999805       347650      5120.00
        1.46     0.999817       347657      5461.33
        1.46     0.999829       347663      5851.43
        1.46     0.999841       347663      6301.54
        1.47     0.999854       347667      6826.67
        1.50     0.999866       347672      7447.27
        1.50     0.999878       347676      8192.00
        1.51     0.999884       347678      8623.16
        1.53     0.999890       347680      9102.22
        1.53     0.999896       347681      9637.65
        1.57     0.999902       347684     10240.00
        1.58     0.999908       347687     10922.67
        1.59     0.999915       347688     11702.86
        1.61     0.999921       347690     12603.08
        1.66     0.999927       347692     13653.33
        3.89     0.999933       347694     14894.55
        4.09     0.999939       347696     16384.00
        4.25     0.999942       347697     17246.32
        4.54     0.999945       347698     18204.44
        4.58     0.999948       347699     19275.29
        4.64     0.999951       347701     20480.00
        4.67     0.999954       347702     21845.33
        4.70     0.999957       347703     23405.71
        4.99     0.999960       347704     25206.15
        5.02     0.999963       347705     27306.67
        6.97     0.999966       347706     29789.09
        7.13     0.999969       347707     32768.00
        7.13     0.999971       347707     34492.63
        7.23     0.999973       347708     36408.89
        7.23     0.999974       347708     38550.59
        7.26     0.999976       347710     40960.00
        7.26     0.999977       347710     43690.67
        7.26     0.999979       347710     46811.43
        7.33     0.999980       347711     50412.31
        7.33     0.999982       347711     54613.33
        7.46     0.999983       347713     59578.18
        7.46     0.999985       347713     65536.00
        7.46     0.999986       347713     68985.26
        7.46     0.999986       347713     72817.78
        7.46     0.999987       347713     77101.18
        7.46     0.999988       347713     81920.00
        7.65     0.999989       347714     87381.33
        7.65     0.999989       347714     93622.86
        7.65     0.999990       347714    100824.62
        7.65     0.999991       347714    109226.67
        7.68     0.999992       347715    119156.36
        7.68     0.999992       347715    131072.00
        7.68     0.999993       347715    137970.53
        7.68     0.999993       347715    145635.56
        7.68     0.999994       347715    154202.35
        7.68     0.999994       347715    163840.00
        7.71     0.999994       347716    174762.67
        7.71     0.999995       347716    187245.71
        7.71     0.999995       347716    201649.23
        7.71     0.999995       347716    218453.33
        7.71     0.999996       347716    238312.73
        7.71     0.999996       347716    262144.00
        7.71     0.999996       347716    275941.05
        7.71     0.999997       347716    291271.11
        7.71     0.999997       347716    308404.71
        7.71     0.999997       347716    327680.00
        7.87     0.999997       347717    349525.33
        7.87     1.000000       347717          inf
#[Mean    =        0.689, StdDeviation   =        0.162]
#[Max     =        7.871, Total count    =       347717]
#[Buckets =           20, SubBuckets     =          256]
