       Value   Percentile   TotalCount 1/(1-Percentile)

        0.22     0.000000            1         1.00
        0.62     0.050000        17374         1.05
        0.66     0.100000        36669         1.11
        0.67     0.150000        52199         1.18
        0.69     0.200000        72346         1.25
        0.69     0.250000        84004         1.33
        0.71     0.300000       110676         1.43
        0.72     0.350000       125306         1.54
        0.73     0.400000       140415         1.67
        0.73     0.450000       155963         1.82
        0.74     0.500000       171428         2.00
        0.74     0.525000       171428         2.11
        0.75     0.550000       186722         2.22
        0.75     0.575000       186722         2.35
        0.76     0.600000       201473         2.50
        0.77     0.625000       215554         2.67
        0.77     0.650000       215554         2.86
        0.78     0.675000       228594         3.08
        0.78     0.700000       228594         3.33
        0.78     0.725000       240526         3.64
        0.79     0.750000       251483         4.00
        0.79     0.762500       251483         4.21
        0.79     0.775000       251483         4.44
        0.80     0.787500       261580         4.71
        0.80     0.800000       261580         5.00
        0.81     0.812500       270358         5.33
        0.81     0.825000       270358         5.71
        0.81     0.837500       278199         6.15
        0.81     0.850000       278199         6.67
        0.82     0.862500       285093         7.27
        0.82     0.875000       285093         8.00
        0.83     0.881250       291032         8.42
        0.83     0.887500       291032         8.89
        0.83     0.893750       291032         9.41
        0.84     0.900000       296142        10.00
        0.84     0.906250       296142        10.67
        0.84     0.912500       296142        11.43
        0.85     0.918750       300574        12.31
        0.85     0.925000       300574        13.33
        0.85     0.931250       304453        14.55
        0.85     0.937500       304453        16.00
        0.86     0.940625       307619        16.84
        0.86     0.943750       307619        17.78
        0.86     0.946875       307619        18.82
        0.87     0.950000       310245        20.00
        0.87     0.953125       310245        21.33
        0.87     0.956250       310245        22.86
        0.88     0.959375       312539        24.62
        0.88     0.962500       312539        26.67
        0.89     0.965625       314469        29.09
        0.89     0.968750       314469        32.00
        0.89     0.970313       314469        33.68
        0.90     0.971875       316070        35.56
        0.90     0.973437       316070        37.65
        0.90     0.975000       316070        40.00
        0.90     0.976562       317456        42.67
        0.90     0.978125       317456        45.71
        0.90     0.979688       317456        49.23
        0.91     0.981250       318604        53.33
        0.91     0.982812       318604        58.18
        0.92     0.984375       319542        64.00
        0.92     0.985156       319542        67.37
        0.92     0.985938       319542        71.11
        0.93     0.986719       320295        75.29
        0.93     0.987500       320295        80.00
        0.93     0.988281       320295        85.33
        0.94     0.989062       320911        91.43
        0.94     0.989844       320911        98.46
        0.94     0.990625       320911       106.67
        0.94     0.991406       321443       116.36
        0.94     0.992188       321443       128.00
        0.95     0.992578       321879       134.74
        0.95     0.992969       321879       142.22
        0.95     0.993359       321879       150.59
        0.96     0.993750       322215       160.00
        0.96     0.994141       322215       170.67
        0.96     0.994531       322215       182.86
        0.97     0.994922       322522       196.92
        0.97     0.995313       322522       213.33
        0.97     0.995703       322763       232.73
        0.97     0.996094       322763       256.00
        0.97     0.996289       322763       269.47
        0.98     0.996484       322952       284.44
        0.98     0.996680       322952       301.18
        0.98     0.996875       322952       320.00
        0.99     0.997070       323101       341.33
        0.99     0.997266       323101       365.71
        1.00     0.997461       323226       393.85
        1.00     0.997656       323226       426.67
        1.01     0.997852       323327       465.45
        1.01     0.998047       323327       512.00
        1.01     0.998145       323404       538.95
        1.01     0.998242       323404       568.89
        1.02     0.998340       323463       602.35
        1.02     0.998437       323463       640.00
        1.03     0.998535       323500       682.67
        1.03     0.998633       323500       731.43
        1.04     0.998730       323549       787.69
        1.05     0.998828       323590       853.33
        1.05     0.998926       323613       930.91
        1.06     0.999023       323629      1024.00
        1.07     0.999072       323647      1077.89
        1.08     0.999121       323659      1137.78
        1.09     0.999170       323678      1204.71
        1.09     0.999219       323691      1280.00
        1.11     0.999268       323716      1365.33
        1.12     0.999316       323730      1462.86
        1.13     0.999365       323738      1575.38
        1.15     0.999414       323759      1706.67
        1.16     0.999463       323770      1861.82
        1.18     0.999512       323784      2048.00
        1.19     0.999536       323793      2155.79
        1.20     0.999561       323800      2275.56
        1.21     0.999585       323809      2409.41
        1.22     0.999609       323817      2560.00
        1.23     0.999634       323827      2730.67
        1.24     0.999658       323834      2925.71
        1.25     0.999683       323844      3150.77
        1.25     0.999707       323851      3413.33
        1.26     0.999731       323856      3723.64
        1.27     0.999756       323863      4096.00
        1.28     0.999768       323869      4311.58
        1.29     0.999780       323875      4551.11
        1.29     0.999792       323875      4818.82
        1.29     0.999805       323881      5120.00
        1.30     0.999817       323884      5461.33
        1.32     0.999829       323888      5851.43
        1.33     0.999841       323893      6301.54
        1.33     0.999854       323895      6826.67
        1.37     0.999866       323902      7447.27
        1.38     0.999878       323903      8192.00
        1.39     0.999884       323905      8623.16
        1.41     0.999890       323907      9102.22
        1.46     0.999896       323909      9637.65
        2.53     0.999902       323911     10240.00
        3.07     0.999908       323913     10922.67
        3.33     0.999915       323915     11702.86
        3.41     0.999921       323917     12603.08
        3.42     0.999927       323919     13653.33
        3.49     0.999933       323921     14894.55
        3.87     0.999939       323923     16384.00
        3.89     0.999942       323924     17246.32
        3.95     0.999945       323925     18204.44
        4.09     0.999948       323927     19275.29
        4.09     0.999951       323927     20480.00
        4.16     0.999954       323928     21845.33
        4.19     0.999957       323929     23405.71
        4.25     0.999960       323930     25206.15
        4.54     0.999963       323931     27306.67
        4.58     0.999966       323932     29789.09
        4.80     0.999969       323933     32768.00
        4.80     0.999971       323933     34492.63
        4.93     0.999973       323934     36408.89
        4.93     0.999974       323934     38550.59
        4.96     0.999976       323935     40960.00
        4.96     0.999977       323935     43690.67
        5.09     0.999979       323938     46811.43
        5.09     0.999980       323938     50412.31
        5.09     0.999982       323938     54613.33
        5.09     0.999983       323938     59578.18
        5.09     0.999985       323938     65536.00
        5.09     0.999986       323938     68985.26
        5.09     0.999986       323938     72817.78
        5.09     0.999987       323938     77101.18
        5.41     0.999988       323939     81920.00
        5.41     0.999989       323939     87381.33
        5.41     0.999989       323939     93622.86
        5.41     0.999990       323939    100824.62
        5.50     0.999991       323940    109226.67
        5.50     0.999992       323940    119156.36
        5.50     0.999992       323940    131072.00
        5.50     0.999993       323940    137970.53
        5.50     0.999993       323940    145635.56
        5.50     0.999994       323940    154202.35
        5.92     0.999994       323941    163840.00
        5.92     0.999994       323941    174762.67
        5.92     0.999995       323941    187245.71
        5.92     0.999995       323941    201649.23
        5.92     0.999995       323941    218453.33
        5.92     0.999996       323941    238312.73
        5.92     0.999996       323941    262144.00
        5.92     0.999996       323941    275941.05
        5.92     0.999997       323941    291271.11
        5.92     0.999997       323941    308404.71
        5.98     0.999997       323942    327680.00
        5.98     1.000000       323942          inf
#[Mean    =        0.740, StdDeviation   =        0.086]
#[Max     =        5.983, Total count    =       323942]
#[Buckets =           20, SubBuckets     =          256]
