       Value   Percentile   TotalCount 1/(1-Percentile)

        0.11     0.000000           40         1.00
        0.26     0.050000       806870         1.05
        0.32     0.100000      1565290         1.11
        0.61     0.150000      2224360         1.18
        0.97     0.200000      2981860         1.25
        1.09     0.250000      3732540         1.33
        1.14     0.300000      4443470         1.43
        1.18     0.350000      5376470         1.54
        1.20     0.400000      6197420         1.67
        1.22     0.450000      6848010         1.82
        1.23     0.500000      7550440         2.00
        1.24     0.525000      7896980         2.11
        1.25     0.550000      8241410         2.22
        1.25     0.575000      8577360         2.35
        1.26     0.600000      8898030         2.50
        1.28     0.625000      9508190         2.67
        1.29     0.650000      9790250         2.86
        1.29     0.675000     10058470         3.08
        1.31     0.700000     10537720         3.33
        1.32     0.725000     10750690         3.64
        1.33     0.750000     11114310         4.00
        1.35     0.762500     11406630         4.21
        1.36     0.775000     11527240         4.44
        1.38     0.787500     11723860         4.71
        1.39     0.800000     11869160         5.00
        1.42     0.812500     12029330         5.33
        1.46     0.825000     12212320         5.71
        1.50     0.837500     12409310         6.15
        1.55     0.850000     12589100         6.67
        1.60     0.862500     12774700         7.27
        1.65     0.875000     12981950         8.00
        1.66     0.881250     13051940         8.42
        1.69     0.887500     13160550         8.89
        1.70     0.893750     13231000         9.41
        1.73     0.900000     13338800        10.00
        1.75     0.906250     13443880        10.67
        1.77     0.912500     13513980        11.43
        1.79     0.918750     13624870        12.31
        1.81     0.925000     13697430        13.33
        1.83     0.931250     13808690        14.55
        1.85     0.937500     13883760        16.00
        1.85     0.940625     13921200        16.84
        1.87     0.943750     13991970        17.78
        1.88     0.946875     14027320        18.82
        1.89     0.950000     14060590        20.00
        1.90     0.953125     14127190        21.33
        1.91     0.956250     14159140        22.86
        1.93     0.959375     14220060        24.62
        1.94     0.962500     14246630        26.67
        1.95     0.965625     14297340        29.09
        1.97     0.968750     14341020        32.00
        1.98     0.970313     14360110        33.68
        1.99     0.971875     14392490        35.56
        2.00     0.973437     14407470        37.65
        2.02     0.975000     14431820        40.00
        2.03     0.976562     14451860        42.67
        2.06     0.978125     14480490        45.71
        2.10     0.979688     14498910        49.23
        2.16     0.981250     14522520        53.33
        2.27     0.982812     14547170        58.18
        2.40     0.984375     14567430        64.00
        2.48     0.985156     14579970        67.37
        2.56     0.985938     14592830        71.11
        2.64     0.986719     14602680        75.29
        2.78     0.987500     14614140        80.00
        3.02     0.988281     14625230        85.33
        3.33     0.989062     14636840        91.43
        3.76     0.989844     14648280        98.46
        4.45     0.990625     14660050       106.67
        5.41     0.991406     14671460       116.36
        6.66     0.992188     14683100       128.00
        7.20     0.992578     14688880       134.74
        7.68     0.992969     14694600       142.22
        8.00     0.993359     14700510       150.59
        8.38     0.993750     14706310       160.00
        8.96     0.994141     14712110       170.67
        9.54     0.994531     14717760       182.86
       10.18     0.994922     14723760       196.92
       11.39     0.995313     14729220       213.33
       13.25     0.995703     14735080       232.73
       16.38     0.996094     14741890       256.00
       16.77     0.996289     14744290       269.47
       17.15     0.996484     14746550       284.44
       18.69     0.996680     14749520       301.18
       20.35     0.996875     14754950       320.00
       20.48     0.997070     14757210       341.33
       20.73     0.997266     14758550       365.71
       21.38     0.997461     14761150       393.85
       23.17     0.997656     14763920       426.67
       24.32     0.997852     14774190       465.45
       24.32     0.998047     14774190       512.00
       24.32     0.998145     14774190       538.95
       24.32     0.998242     14774190       568.89
       24.32     0.998340     14774190       602.35
       24.45     0.998437     14781390       640.00
       24.45     0.998535     14781390       682.67
       24.45     0.998633     14781390       731.43
       24.45     0.998730     14781390       787.69
       24.45     0.998828     14781390       853.33
       24.70     0.998926     14782890       930.91
       24.96     0.999023     14784570      1024.00
       25.09     0.999072     14785030      1077.89
       25.47     0.999121     14785570      1137.78
       25.98     0.999170     14786370      1204.71
       27.14     0.999219     14787090      1280.00
       28.29     0.999268     14789360      1365.33
       28.29     0.999316     14789360      1462.86
       28.29     0.999365     14789360      1575.38
       28.41     0.999414     14792310      1706.67
       28.41     0.999463     14792310      1861.82
       28.41     0.999512     14792310      2048.00
       28.41     0.999536     14792310      2155.79
       28.41     0.999561     14792310      2275.56
       28.54     0.999585     14792990      2409.41
       28.54     0.999609     14792990      2560.00
       28.80     0.999634     14793540      2730.67
       28.80     0.999658     14793540      2925.71
       28.93     0.999683     14793980      3150.77
       29.05     0.999707     14794240      3413.33
       29.44     0.999731     14794600      3723.64
       31.23     0.999756     14794960      4096.00
       31.49     0.999768     14795140      4311.58
       31.87     0.999780     14795340      4551.11
       32.26     0.999792     14795870      4818.82
       32.26     0.999805     14795870      5120.00
       32.26     0.999817     14795870      5461.33
       32.38     0.999829     14796750      5851.43
       32.38     0.999841     14796750      6301.54
       32.38     0.999854     14796750      6826.67
       32.38     0.999866     14796750      7447.27
       32.51     0.999878     14797170      8192.00
       32.51     0.999884     14797170      8623.16
       32.51     0.999890     14797170      9102.22
       32.51     0.999896     14797170      9637.65
       32.51     0.999902     14797170     10240.00
       32.64     0.999908     14797210     10922.67
       33.02     0.999915     14797320     11702.86
       33.28     0.999921     14797420     12603.08
       33.53     0.999927     14797500     13653.33
       34.56     0.999933     14797640     14894.55
       34.81     0.999939     14797660     16384.00
       35.07     0.999942     14797710     17246.32
       35.33     0.999945     14797770     18204.44
       36.09     0.999948     14797850     19275.29
       36.09     0.999951     14797850     20480.00
       36.35     0.999954     14798150     21845.33
       36.35     0.999957     14798150     23405.71
       36.35     0.999960     14798150     25206.15
       36.35     0.999963     14798150     27306.67
       36.35     0.999966     14798150     29789.09
       36.35     0.999969     14798150     32768.00
       36.35     0.999971     14798150     34492.63
       36.61     0.999973     14798240     36408.89
       36.61     0.999974     14798240     38550.59
       36.61     0.999976     14798240     40960.00
       36.61     0.999977     14798240     43690.67
       37.12     0.999979     14798300     46811.43
       37.12     0.999980     14798300     50412.31
       37.12     0.999982     14798300     54613.33
       37.38     0.999983     14798320     59578.18
       40.45     0.999985     14798530     65536.00
       40.45     0.999986     14798530     68985.26
       40.45     0.999986     14798530     72817.78
       40.45     0.999987     14798530     77101.18
       40.45     0.999988     14798530     81920.00
       40.45     0.999989     14798530     87381.33
       40.45     0.999989     14798530     93622.86
       40.45     0.999990     14798530    100824.62
       40.45     0.999991     14798530    109226.67
       40.45     0.999992     14798530    119156.36
       40.45     0.999992     14798530    131072.00
       40.45     0.999993     14798530    137970.53
       40.45     0.999993     14798530    145635.56
       40.45     0.999994     14798530    154202.35
       40.45     0.999994     14798530    163840.00
       40.45     0.999994     14798530    174762.67
       40.45     0.999995     14798530    187245.71
       40.45     0.999995     14798530    201649.23
       40.45     0.999995     14798530    218453.33
       40.45     0.999996     14798530    238312.73
       40.45     0.999996     14798530    262144.00
       40.45     0.999996     14798530    275941.05
       40.45     0.999997     14798530    291271.11
       40.45     0.999997     14798530    308404.71
       40.45     0.999997     14798530    327680.00
       40.45     0.999997     14798530    349525.33
       40.45     0.999997     14798530    374491.43
       40.45     0.999998     14798530    403298.46
       40.45     0.999998     14798530    436906.67
       40.45     0.999998     14798530    476625.45
       40.70     0.999998     14798560    524288.00
       40.70     1.000000     14798560          inf
#[Mean    =        1.291, StdDeviation   =        1.598]
#[Max     =       40.703, Total count    =     14798560]
#[Buckets =           20, SubBuckets     =          256]
