       Value   Percentile   TotalCount 1/(1-Percentile)

        0.21     0.000000            2         1.00
        0.30     0.050000        40070         1.05
        0.31     0.100000        56140         1.11
        0.36     0.150000        85124         1.18
        0.38     0.200000       109717         1.25
        0.39     0.250000       150186         1.33
        0.40     0.300000       171471         1.43
        0.41     0.350000       192938         1.54
        0.42     0.400000       222948         1.67
        0.44     0.450000       247129         1.82
        0.45     0.500000       267143         2.00
        0.46     0.525000       293523         2.11
        0.46     0.550000       293523         2.22
        0.46     0.575000       323289         2.35
        0.46     0.600000       323289         2.50
        0.47     0.625000       353747         2.67
        0.47     0.650000       353747         2.86
        0.48     0.675000       383149         3.08
        0.48     0.700000       383149         3.33
        0.49     0.725000       408989         3.64
        0.49     0.750000       408989         4.00
        0.49     0.762500       408989         4.21
        0.49     0.775000       427964         4.44
        0.49     0.787500       427964         4.71
        0.49     0.800000       427964         5.00
        0.50     0.812500       439188         5.33
        0.51     0.825000       445139         5.71
        0.52     0.837500       448626         6.15
        0.54     0.850000       453662         6.67
        0.61     0.862500       460696         7.27
        0.63     0.875000       470545         8.00
        0.63     0.881250       470545         8.42
        0.64     0.887500       479959         8.89
        0.64     0.893750       479959         9.41
        0.64     0.900000       479959        10.00
        0.65     0.906250       491336        10.67
        0.65     0.912500       491336        11.43
        0.65     0.918750       491336        12.31
        0.66     0.925000       502854        13.33
        0.66     0.931250       502854        14.55
        0.66     0.937500       502854        16.00
        0.66     0.940625       502854        16.84
        0.66     0.943750       502854        17.78
        0.66     0.946875       512891        18.82
        0.66     0.950000       512891        20.00
        0.66     0.953125       512891        21.33
        0.66     0.956250       512891        22.86
        0.66     0.959375       512891        24.62
        0.66     0.962500       512891        26.67
        0.67     0.965625       520072        29.09
        0.67     0.968750       520072        32.00
        0.67     0.970313       520072        33.68
        0.67     0.971875       520072        35.56
        0.67     0.973437       520072        37.65
        0.67     0.975000       520072        40.00
        0.67     0.976562       520072        42.67
        0.68     0.978125       524495        45.71
        0.68     0.979688       524495        49.23
        0.68     0.981250       524495        53.33
        0.68     0.982812       524495        58.18
        0.68     0.984375       524495        64.00
        0.69     0.985156       527001        67.37
        0.69     0.985938       527001        71.11
        0.69     0.986719       527001        75.29
        0.69     0.987500       527001        80.00
        0.69     0.988281       527001        85.33
        0.69     0.989062       527001        91.43
        0.69     0.989844       528383        98.46
        0.69     0.990625       528383       106.67
        0.69     0.991406       528383       116.36
        0.69     0.992188       528383       128.00
        0.70     0.992578       529251       134.74
        0.70     0.992969       529251       142.22
        0.70     0.993359       529251       150.59
        0.70     0.993750       529251       160.00
        0.71     0.994141       529824       170.67
        0.71     0.994531       529824       182.86
        0.71     0.994922       529824       196.92
        0.72     0.995313       530261       213.33
        0.72     0.995703       530261       232.73
        0.73     0.996094       530593       256.00
        0.73     0.996289       530593       269.47
        0.73     0.996484       530593       284.44
        0.73     0.996680       530915       301.18
        0.73     0.996875       530915       320.00
        0.73     0.997070       530915       341.33
        0.74     0.997266       531246       365.71
        0.74     0.997461       531246       393.85
        0.74     0.997656       531246       426.67
        0.75     0.997852       531480       465.45
        0.75     0.998047       531480       512.00
        0.75     0.998145       531480       538.95
        0.76     0.998242       531665       568.89
        0.76     0.998340       531665       602.35
        0.76     0.998437       531665       640.00
        0.77     0.998535       531831       682.67
        0.77     0.998633       531831       731.43
        0.77     0.998730       531831       787.69
        0.78     0.998828       531973       853.33
        0.78     0.998926       531973       930.91
        0.78     0.999023       531973      1024.00
        0.78     0.999072       531973      1077.89
        0.78     0.999121       532072      1137.78
        0.78     0.999170       532072      1204.71
        0.78     0.999219       532072      1280.00
        0.79     0.999268       532157      1365.33
        0.79     0.999316       532157      1462.86
        0.79     0.999365       532157      1575.38
        0.79     0.999414       532157      1706.67
        0.80     0.999463       532204      1861.82
        0.80     0.999512       532204      2048.00
        0.81     0.999536       532239      2155.79
        0.81     0.999561       532239      2275.56
        0.81     0.999585       532270      2409.41
        0.81     0.999609       532270      2560.00
        0.81     0.999634       532270      2730.67
        0.83     0.999658       532290      2925.71
        0.84     0.999683       532299      3150.77
        0.85     0.999707       532310      3413.33
        0.86     0.999731       532323      3723.64
        0.88     0.999756       532337      4096.00
        0.89     0.999768       532345      4311.58
        0.90     0.999780       532350      4551.11
        0.90     0.999792       532357      4818.82
        0.91     0.999805       532363      5120.00
        0.92     0.999817       532367      5461.33
        0.93     0.999829       532373      5851.43
        0.94     0.999841       532381      6301.54
        0.97     0.999854       532388      6826.67
        0.98     0.999866       532394      7447.27
        1.01     0.999878       532399      8192.00
        1.03     0.999884       532402      8623.16
        1.11     0.999890       532405      9102.22
        1.41     0.999896       532408      9637.65
        1.55     0.999902       532412     10240.00
        1.62     0.999908       532415     10922.67
        1.75     0.999915       532418     11702.86
        2.42     0.999921       532421     12603.08
        2.61     0.999927       532425     13653.33
        2.69     0.999933       532428     14894.55
        2.75     0.999939       532432     16384.00
        2.85     0.999942       532434     17246.32
        2.85     0.999945       532434     18204.44
        2.86     0.999948       532436     19275.29
        3.01     0.999951       532438     20480.00
        3.02     0.999954       532439     21845.33
        3.15     0.999957       532442     23405.71
        3.15     0.999960       532442     25206.15
        3.20     0.999963       532444     27306.67
        3.23     0.999966       532446     29789.09
        3.25     0.999969       532447     32768.00
        3.28     0.999971       532449     34492.63
        3.28     0.999973       532449     36408.89
        3.34     0.999974       532450     38550.59
        3.39     0.999976       532451     40960.00
        3.39     0.999977       532451     43690.67
        3.77     0.999979       532452     46811.43
        3.89     0.999980       532454     50412.31
        3.89     0.999982       532454     54613.33
        3.90     0.999983       532455     59578.18
        3.90     0.999985       532455     65536.00
        3.92     0.999986       532456     68985.26
        3.92     0.999986       532456     72817.78
        4.01     0.999987       532458     77101.18
        4.01     0.999988       532458     81920.00
        4.01     0.999989       532458     87381.33
        4.01     0.999989       532458     93622.86
        4.01     0.999990       532458    100824.62
        4.06     0.999991       532460    109226.67
        4.06     0.999992       532460    119156.36
        4.06     0.999992       532460    131072.00
        4.06     0.999993       532460    137970.53
        4.06     0.999993       532460    145635.56
        4.06     0.999994       532460    154202.35
        4.06     0.999994       532460    163840.00
        4.06     0.999994       532460    174762.67
        4.08     0.999995       532461    187245.71
        4.08     0.999995       532461    201649.23
        4.08     0.999995       532461    218453.33
        4.08     0.999996       532461    238312.73
        4.08     0.999996       532461    262144.00
        4.25     0.999996       532462    275941.05
        4.25     0.999997       532462    291271.11
        4.25     0.999997       532462    308404.71
        4.25     0.999997       532462    327680.00
        4.25     0.999997       532462    349525.33
        4.25     0.999997       532462    374491.43
        4.25     0.999998       532462    403298.46
        4.25     0.999998       532462    436906.67
        4.25     0.999998       532462    476625.45
        4.25     0.999998       532462    524288.00
        4.32     0.999998       532463    551882.11
        4.32     1.000000       532463          inf
#[Mean    =        0.450, StdDeviation   =        0.106]
#[Max     =        4.319, Total count    =       532463]
#[Buckets =           20, SubBuckets     =          256]
