       Value   Percentile   TotalCount 1/(1-Percentile)

        0.18     0.000000            1         1.00
        0.30     0.050000        29504         1.05
        0.32     0.100000        60063         1.11
        0.36     0.150000        79894         1.18
        0.38     0.200000       112487         1.25
        0.39     0.250000       131834         1.33
        0.41     0.300000       172802         1.43
        0.41     0.350000       192734         1.54
        0.43     0.400000       219966         1.67
        0.45     0.450000       244157         1.82
        0.46     0.500000       263919         2.00
        0.46     0.525000       289496         2.11
        0.46     0.550000       289496         2.22
        0.47     0.575000       317903         2.35
        0.47     0.600000       317903         2.50
        0.48     0.625000       347448         2.67
        0.48     0.650000       347448         2.86
        0.49     0.675000       375717         3.08
        0.49     0.700000       375717         3.33
        0.49     0.725000       401041         3.64
        0.49     0.750000       401041         4.00
        0.49     0.762500       401041         4.21
        0.50     0.775000       419516         4.44
        0.50     0.787500       419516         4.71
        0.50     0.800000       419516         5.00
        0.51     0.812500       430775         5.33
        0.52     0.825000       437129         5.71
        0.53     0.837500       440900         6.15
        0.55     0.850000       446409         6.67
        0.62     0.862500       453377         7.27
        0.64     0.875000       463021         8.00
        0.64     0.881250       463021         8.42
        0.65     0.887500       471681         8.89
        0.65     0.893750       471681         9.41
        0.65     0.900000       471681        10.00
        0.66     0.906250       482466        10.67
        0.66     0.912500       482466        11.43
        0.66     0.918750       482466        12.31
        0.66     0.925000       493437        13.33
        0.66     0.931250       493437        14.55
        0.66     0.937500       493437        16.00
        0.66     0.940625       493437        16.84
        0.67     0.943750       502970        17.78
        0.67     0.946875       502970        18.82
        0.67     0.950000       502970        20.00
        0.67     0.953125       502970        21.33
        0.67     0.956250       502970        22.86
        0.67     0.959375       502970        24.62
        0.68     0.962500       510056        26.67
        0.68     0.965625       510056        29.09
        0.68     0.968750       510056        32.00
        0.68     0.970313       510056        33.68
        0.68     0.971875       510056        35.56
        0.68     0.973437       510056        37.65
        0.69     0.975000       514654        40.00
        0.69     0.976562       514654        42.67
        0.69     0.978125       514654        45.71
        0.69     0.979688       514654        49.23
        0.69     0.981250       514654        53.33
        0.69     0.982812       517400        58.18
        0.69     0.984375       517400        64.00
        0.69     0.985156       517400        67.37
        0.69     0.985938       517400        71.11
        0.69     0.986719       517400        75.29
        0.70     0.987500       519063        80.00
        0.70     0.988281       519063        85.33
        0.70     0.989062       519063        91.43
        0.70     0.989844       519063        98.46
        0.70     0.990625       519063       106.67
        0.71     0.991406       520150       116.36
        0.71     0.992188       520150       128.00
        0.71     0.992578       520150       134.74
        0.72     0.992969       520881       142.22
        0.72     0.993359       520881       150.59
        0.72     0.993750       520881       160.00
        0.73     0.994141       521469       170.67
        0.73     0.994531       521469       182.86
        0.73     0.994922       521469       196.92
        0.73     0.995313       521935       213.33
        0.73     0.995703       521935       232.73
        0.73     0.996094       521935       256.00
        0.74     0.996289       522281       269.47
        0.74     0.996484       522281       284.44
        0.74     0.996680       522281       301.18
        0.75     0.996875       522572       320.00
        0.75     0.997070       522572       341.33
        0.75     0.997266       522572       365.71
        0.76     0.997461       522852       393.85
        0.76     0.997656       522852       426.67
        0.76     0.997852       522852       465.45
        0.77     0.998047       523079       512.00
        0.77     0.998145       523079       538.95
        0.77     0.998242       523079       568.89
        0.78     0.998340       523268       602.35
        0.78     0.998437       523268       640.00
        0.78     0.998535       523268       682.67
        0.78     0.998633       523268       731.43
        0.78     0.998730       523424       787.69
        0.78     0.998828       523424       853.33
        0.78     0.998926       523424       930.91
        0.79     0.999023       523567      1024.00
        0.79     0.999072       523567      1077.89
        0.79     0.999121       523567      1137.78
        0.79     0.999170       523567      1204.71
        0.79     0.999219       523567      1280.00
        0.80     0.999268       523684      1365.33
        0.80     0.999316       523684      1462.86
        0.80     0.999365       523684      1575.38
        0.80     0.999414       523684      1706.67
        0.80     0.999463       523684      1861.82
        0.81     0.999512       523755      2048.00
        0.81     0.999536       523755      2155.79
        0.81     0.999561       523755      2275.56
        0.81     0.999585       523755      2409.41
        0.81     0.999609       523808      2560.00
        0.81     0.999634       523808      2730.67
        0.81     0.999658       523808      2925.71
        0.81     0.999683       523808      3150.77
        0.82     0.999707       523838      3413.33
        0.82     0.999731       523838      3723.64
        0.82     0.999756       523838      4096.00
        0.83     0.999768       523863      4311.58
        0.83     0.999780       523863      4551.11
        0.83     0.999792       523863      4818.82
        0.83     0.999805       523863      5120.00
        0.84     0.999817       523869      5461.33
        0.85     0.999829       523875      5851.43
        0.89     0.999841       523880      6301.54
        0.90     0.999854       523887      6826.67
        0.93     0.999866       523893      7447.27
        1.35     0.999878       523899      8192.00
        1.44     0.999884       523902      8623.16
        1.62     0.999890       523905      9102.22
        1.95     0.999896       523908      9637.65
        2.32     0.999902       523911     10240.00
        2.45     0.999908       523915     10922.67
        2.50     0.999915       523919     11702.86
        2.51     0.999921       523921     12603.08
        2.54     0.999927       523925     13653.33
        2.58     0.999933       523927     14894.55
        2.61     0.999939       523931     16384.00
        2.64     0.999942       523932     17246.32
        2.69     0.999945       523935     18204.44
        2.69     0.999948       523935     19275.29
        2.73     0.999951       523937     20480.00
        2.78     0.999954       523940     21845.33
        2.78     0.999957       523940     23405.71
        2.81     0.999960       523942     25206.15
        2.85     0.999963       523944     27306.67
        2.88     0.999966       523945     29789.09
        3.01     0.999969       523947     32768.00
        3.01     0.999971       523947     34492.63
        3.04     0.999973       523948     36408.89
        3.06     0.999974       523949     38550.59
        3.10     0.999976       523950     40960.00
        3.74     0.999977       523951     43690.67
        3.74     0.999979       523951     46811.43
        3.76     0.999980       523952     50412.31
        3.79     0.999982       523953     54613.33
        3.81     0.999983       523956     59578.18
        3.81     0.999985       523956     65536.00
        3.81     0.999986       523956     68985.26
        3.81     0.999986       523956     72817.78
        3.81     0.999987       523956     77101.18
        3.81     0.999988       523956     81920.00
        3.85     0.999989       523957     87381.33
        3.85     0.999989       523957     93622.86
        3.85     0.999990       523957    100824.62
        3.87     0.999991       523958    109226.67
        3.87     0.999992       523958    119156.36
        3.92     0.999992       523960    131072.00
        3.92     0.999993       523960    137970.53
        3.92     0.999993       523960    145635.56
        3.92     0.999994       523960    154202.35
        3.92     0.999994       523960    163840.00
        3.92     0.999994       523960    174762.67
        3.92     0.999995       523960    187245.71
        3.92     0.999995       523960    201649.23
        3.92     0.999995       523960    218453.33
        3.92     0.999996       523960    238312.73
        4.05     0.999996       523961    262144.00
        4.05     0.999996       523961    275941.05
        4.05     0.999997       523961    291271.11
        4.05     0.999997       523961    308404.71
        4.05     0.999997       523961    327680.00
        4.05     0.999997       523961    349525.33
        4.05     0.999997       523961    374491.43
        4.05     0.999998       523961    403298.46
        4.05     0.999998       523961    436906.67
        4.05     0.999998       523961    476625.45
        4.06     0.999998       523962    524288.00
        4.06     1.000000       523962          inf
#[Mean    =        0.458, StdDeviation   =        0.108]
#[Max     =        4.063, Total count    =       523962]
#[Buckets =           20, SubBuckets     =          256]
