       Value   Percentile   TotalCount 1/(1-Percentile)

        0.20     0.000000            2         1.00
        0.31     0.050000        44120         1.05
        0.32     0.100000        60523         1.11
        0.36     0.150000        81336         1.18
        0.38     0.200000       114464         1.25
        0.39     0.250000       135824         1.33
        0.41     0.300000       180583         1.43
        0.41     0.350000       201855         1.54
        0.42     0.400000       218879         1.67
        0.44     0.450000       239641         1.82
        0.46     0.500000       272906         2.00
        0.46     0.525000       298494         2.11
        0.46     0.550000       298494         2.22
        0.47     0.575000       327747         2.35
        0.47     0.600000       327747         2.50
        0.48     0.625000       358431         2.67
        0.48     0.650000       358431         2.86
        0.48     0.675000       358431         3.08
        0.49     0.700000       389549         3.33
        0.49     0.725000       389549         3.64
        0.49     0.750000       417292         4.00
        0.49     0.762500       417292         4.21
        0.49     0.775000       417292         4.44
        0.49     0.787500       417292         4.71
        0.50     0.800000       436324         5.00
        0.50     0.812500       436324         5.33
        0.50     0.825000       436324         5.71
        0.51     0.837500       446313         6.15
        0.52     0.850000       450205         6.67
        0.61     0.862500       455722         7.27
        0.63     0.875000       462359         8.00
        0.64     0.881250       468993         8.42
        0.64     0.887500       468993         8.89
        0.65     0.893750       478970         9.41
        0.65     0.900000       478970        10.00
        0.65     0.906250       478970        10.67
        0.66     0.912500       491601        11.43
        0.66     0.918750       491601        12.31
        0.66     0.925000       491601        13.33
        0.66     0.931250       504032        14.55
        0.66     0.937500       504032        16.00
        0.66     0.940625       504032        16.84
        0.66     0.943750       504032        17.78
        0.66     0.946875       504032        18.82
        0.66     0.950000       504032        20.00
        0.66     0.953125       504032        21.33
        0.67     0.956250       514450        22.86
        0.67     0.959375       514450        24.62
        0.67     0.962500       514450        26.67
        0.67     0.965625       514450        29.09
        0.67     0.968750       514450        32.00
        0.67     0.970313       514450        33.68
        0.67     0.971875       514450        35.56
        0.67     0.973437       514450        37.65
        0.68     0.975000       521455        40.00
        0.68     0.976562       521455        42.67
        0.68     0.978125       521455        45.71
        0.68     0.979688       521455        49.23
        0.68     0.981250       521455        53.33
        0.68     0.982812       521455        58.18
        0.68     0.984375       521455        64.00
        0.68     0.985156       521455        67.37
        0.68     0.985938       521455        71.11
        0.68     0.986719       521455        75.29
        0.69     0.987500       525255        80.00
        0.69     0.988281       525255        85.33
        0.69     0.989062       525255        91.43
        0.69     0.989844       525255        98.46
        0.69     0.990625       525255       106.67
        0.69     0.991406       525255       116.36
        0.69     0.992188       525255       128.00
        0.69     0.992578       525255       134.74
        0.69     0.992969       525255       142.22
        0.69     0.993359       525255       150.59
        0.69     0.993750       525255       160.00
        0.69     0.994141       525255       170.67
        0.69     0.994531       527062       182.86
        0.69     0.994922       527062       196.92
        0.69     0.995313       527062       213.33
        0.69     0.995703       527062       232.73
        0.69     0.996094       527062       256.00
        0.69     0.996289       527062       269.47
        0.69     0.996484       527062       284.44
        0.69     0.996680       527062       301.18
        0.69     0.996875       527062       320.00
        0.69     0.997070       527062       341.33
        0.69     0.997266       527062       365.71
        0.69     0.997461       527062       393.85
        0.70     0.997656       527794       426.67
        0.70     0.997852       527794       465.45
        0.70     0.998047       527794       512.00
        0.70     0.998145       527794       538.95
        0.70     0.998242       527794       568.89
        0.70     0.998340       527794       602.35
        0.70     0.998437       527794       640.00
        0.70     0.998535       527794       682.67
        0.70     0.998633       527794       731.43
        0.70     0.998730       527794       787.69
        0.70     0.998828       527794       853.33
        0.70     0.998926       527794       930.91
        0.71     0.999023       528055      1024.00
        0.71     0.999072       528055      1077.89
        0.71     0.999121       528055      1137.78
        0.71     0.999170       528055      1204.71
        0.71     0.999219       528055      1280.00
        0.71     0.999268       528055      1365.33
        0.71     0.999316       528055      1462.86
        0.71     0.999365       528055      1575.38
        0.71     0.999414       528055      1706.67
        0.71     0.999463       528055      1861.82
        0.72     0.999512       528154      2048.00
        0.72     0.999536       528154      2155.79
        0.72     0.999561       528154      2275.56
        0.72     0.999585       528154      2409.41
        0.72     0.999609       528154      2560.00
        0.72     0.999634       528154      2730.67
        0.73     0.999658       528195      2925.71
        0.73     0.999683       528195      3150.77
        0.73     0.999707       528195      3413.33
        0.73     0.999731       528218      3723.64
        0.73     0.999756       528218      4096.00
        0.73     0.999768       528218      4311.58
        0.74     0.999780       528233      4551.11
        0.74     0.999792       528233      4818.82
        0.75     0.999805       528247      5120.00
        0.75     0.999817       528247      5461.33
        0.75     0.999829       528247      5851.43
        0.76     0.999841       528254      6301.54
        0.77     0.999854       528260      6826.67
        0.78     0.999866       528267      7447.27
        0.79     0.999878       528278      8192.00
        0.79     0.999884       528278      8623.16
        0.80     0.999890       528284      9102.22
        0.80     0.999896       528284      9637.65
        0.81     0.999902       528289     10240.00
        0.81     0.999908       528289     10922.67
        0.81     0.999915       528293     11702.86
        0.82     0.999921       528299     12603.08
        0.82     0.999927       528299     13653.33
        0.83     0.999933       528304     14894.55
        0.84     0.999939       528306     16384.00
        0.85     0.999942       528314     17246.32
        0.85     0.999945       528314     18204.44
        0.85     0.999948       528314     19275.29
        0.85     0.999951       528314     20480.00
        0.85     0.999954       528314     21845.33
        0.85     0.999957       528316     23405.71
        0.86     0.999960       528317     25206.15
        0.87     0.999963       528319     27306.67
        0.88     0.999966       528322     29789.09
        0.88     0.999969       528322     32768.00
        0.88     0.999971       528322     34492.63
        0.89     0.999973       528324     36408.89
        0.89     0.999974       528324     38550.59
        0.90     0.999976       528325     40960.00
        0.90     0.999977       528325     43690.67
        0.91     0.999979       528328     46811.43
        0.91     0.999980       528328     50412.31
        0.91     0.999982       528328     54613.33
        0.92     0.999983       528330     59578.18
        0.92     0.999985       528330     65536.00
        0.92     0.999986       528330     68985.26
        0.92     0.999986       528330     72817.78
        0.99     0.999987       528331     77101.18
        0.99     0.999988       528331     81920.00
        0.99     0.999989       528331     87381.33
        1.03     0.999989       528332     93622.86
        1.03     0.999990       528332    100824.62
        1.09     0.999991       528333    109226.67
        1.09     0.999992       528333    119156.36
        1.09     0.999992       528333    131072.00
        1.11     0.999993       528334    137970.53
        1.11     0.999993       528334    145635.56
        1.11     0.999994       528334    154202.35
        1.11     0.999994       528334    163840.00
        1.11     0.999994       528334    174762.67
        1.14     0.999995       528335    187245.71
        1.14     0.999995       528335    201649.23
        1.14     0.999995       528335    218453.33
        1.14     0.999996       528335    238312.73
        1.14     0.999996       528335    262144.00
        1.19     0.999996       528336    275941.05
        1.19     0.999997       528336    291271.11
        1.19     0.999997       528336    308404.71
        1.19     0.999997       528336    327680.00
        1.19     0.999997       528336    349525.33
        1.19     0.999997       528336    374491.43
        1.19     0.999998       528336    403298.46
        1.19     0.999998       528336    436906.67
        1.19     0.999998       528336    476625.45
        1.19     0.999998       528336    524288.00
        1.28     0.999998       528337    551882.11
        1.28     1.000000       528337          inf
#[Mean    =        0.454, StdDeviation   =        0.101]
#[Max     =        1.279, Total count    =       528337]
#[Buckets =           20, SubBuckets     =          256]
