       Value   Percentile   TotalCount 1/(1-Percentile)

        0.06     0.000000           10         1.00
        0.18     0.050000      1487870         1.05
        0.48     0.100000      2932240         1.11
        0.56     0.150000      4317340         1.18
        0.59     0.200000      6545020         1.25
        0.60     0.250000      8005830         1.33
        0.61     0.300000      9543770         1.43
        0.61     0.350000     10819870         1.54
        0.62     0.400000     11951720         1.67
        0.63     0.450000     13065000         1.82
        0.65     0.500000     15536000         2.00
        0.65     0.525000     15536000         2.11
        0.66     0.550000     16909870         2.22
        0.66     0.575000     16909870         2.35
        0.66     0.600000     18299660         2.50
        0.66     0.625000     18299660         2.67
        0.67     0.650000     19606290         2.86
        0.67     0.675000     19606290         3.08
        0.68     0.700000     20760490         3.33
        0.68     0.725000     20760490         3.64
        0.69     0.750000     21709580         4.00
        0.69     0.762500     22439690         4.21
        0.69     0.775000     22439690         4.44
        0.70     0.787500     22971670         4.71
        0.70     0.800000     22971670         5.00
        0.71     0.812500     23339260         5.33
        0.72     0.825000     23605270         5.71
        0.73     0.837500     23946920         6.15
        0.76     0.850000     24324630         6.67
        0.79     0.862500     24693270         7.27
        0.82     0.875000     25051110         8.00
        0.84     0.881250     25219720         8.42
        0.85     0.887500     25384060         8.89
        0.87     0.893750     25556990         9.41
        0.89     0.900000     25742760        10.00
        0.90     0.906250     25954330        10.67
        0.91     0.912500     26069350        11.43
        0.93     0.918750     26325440        12.31
        0.94     0.925000     26460050        13.33
        0.94     0.931250     26605990        14.55
        0.96     0.937500     26917540        16.00
        0.96     0.940625     26917540        16.84
        0.97     0.943750     27079730        17.78
        0.97     0.946875     27079730        18.82
        0.97     0.950000     27243620        20.00
        0.97     0.953125     27243620        21.33
        0.98     0.956250     27404350        22.86
        0.99     0.959375     27556040        24.62
        0.99     0.962500     27556040        26.67
        1.00     0.965625     27693000        29.09
        1.00     0.968750     27693000        32.00
        1.01     0.970313     27815010        33.68
        1.01     0.971875     27815010        35.56
        1.01     0.973437     27815010        37.65
        1.01     0.975000     27923300        40.00
        1.01     0.976562     27923300        42.67
        1.02     0.978125     28012150        45.71
        1.02     0.979688     28012150        49.23
        1.03     0.981250     28084840        53.33
        1.03     0.982812     28084840        58.18
        1.04     0.984375     28141000        64.00
        1.05     0.985156     28184890        67.37
        1.05     0.985938     28184890        71.11
        1.05     0.986719     28218670        75.29
        1.05     0.987500     28218670        80.00
        1.06     0.988281     28245300        85.33
        1.07     0.989062     28265830        91.43
        1.08     0.989844     28282900        98.46
        1.09     0.990625     28306900       106.67
        1.11     0.991406     28323640       116.36
        1.14     0.992188     28346540       128.00
        1.16     0.992578     28355380       134.74
        1.18     0.992969     28365310       142.22
        1.22     0.993359     28376980       150.59
        1.25     0.993750     28387760       160.00
        1.32     0.994141     28399940       170.67
        1.38     0.994531     28411100       182.86
        1.43     0.994922     28421340       196.92
        1.49     0.995313     28432470       213.33
        1.56     0.995703     28443830       232.73
        1.68     0.996094     28454660       256.00
        1.79     0.996289     28460520       269.47
        1.96     0.996484     28465750       284.44
        2.11     0.996680     28471510       301.18
        2.33     0.996875     28477290       320.00
        2.67     0.997070     28482770       341.33
        3.01     0.997266     28488230       365.71
        3.62     0.997461     28493690       393.85
        4.32     0.997656     28499180       426.67
        5.60     0.997852     28504730       465.45
        6.69     0.998047     28510340       512.00
        6.97     0.998145     28513090       538.95
        7.39     0.998242     28516270       568.89
        7.55     0.998340     28518860       602.35
        7.87     0.998437     28521780       640.00
        8.26     0.998535     28524350       682.67
        8.70     0.998633     28527330       731.43
        9.21     0.998730     28529830       787.69
        9.86     0.998828     28532720       853.33
       10.56     0.998926     28535610       930.91
       12.22     0.999023     28538290      1024.00
       12.86     0.999072     28539620      1077.89
       14.34     0.999121     28541030      1137.78
       15.23     0.999170     28542390      1204.71
       15.81     0.999219     28543820      1280.00
       16.38     0.999268     28545720      1365.33
       16.51     0.999316     28546700      1462.86
       17.02     0.999365     28548180      1575.38
       17.79     0.999414     28549410      1706.67
       18.82     0.999463     28550790      1861.82
       20.22     0.999512     28552840      2048.00
       20.22     0.999536     28552840      2155.79
       20.48     0.999561     28553840      2275.56
       20.73     0.999585     28554400      2409.41
       21.25     0.999609     28555050      2560.00
       22.27     0.999634     28555740      2730.67
       23.42     0.999658     28556340      2925.71
       24.19     0.999683     28559410      3150.77
       24.19     0.999707     28559410      3413.33
       24.19     0.999731     28559410      3723.64
       24.19     0.999756     28559410      4096.00
       24.32     0.999768     28560670      4311.58
       24.32     0.999780     28560670      4551.11
       24.32     0.999792     28560670      4818.82
       24.32     0.999805     28560670      5120.00
       24.45     0.999817     28561010      5461.33
       24.57     0.999829     28561490      5851.43
       24.70     0.999841     28561660      6301.54
       25.09     0.999854     28561920      6826.67
       25.60     0.999866     28562300      7447.27
       26.88     0.999878     28562630      8192.00
       27.77     0.999884     28562820      8623.16
       28.16     0.999890     28563390      9102.22
       28.16     0.999896     28563390      9637.65
       28.16     0.999902     28563390     10240.00
       28.29     0.999908     28563960     10922.67
       28.29     0.999915     28563960     11702.86
       28.29     0.999921     28563960     12603.08
       28.41     0.999927     28564070     13653.33
       28.54     0.999933     28564220     14894.55
       28.67     0.999939     28564350     16384.00
       28.80     0.999942     28564460     17246.32
       29.05     0.999945     28564560     18204.44
       29.57     0.999948     28564630     19275.29
       30.21     0.999951     28564720     20480.00
       30.46     0.999954     28564860     21845.33
       30.59     0.999957     28564920     23405.71
       30.72     0.999960     28564970     25206.15
       31.23     0.999963     28565050     27306.67
       32.13     0.999966     28565270     29789.09
       32.13     0.999969     28565270     32768.00
       32.13     0.999971     28565270     34492.63
       32.26     0.999973     28565770     36408.89
       32.26     0.999974     28565770     38550.59
       32.26     0.999976     28565770     40960.00
       32.26     0.999977     28565770     43690.67
       32.26     0.999979     28565770     46811.43
       32.26     0.999980     28565770     50412.31
       32.26     0.999982     28565770     54613.33
       32.26     0.999983     28565770     59578.18
       32.26     0.999985     28565770     65536.00
       32.26     0.999986     28565770     68985.26
       32.26     0.999986     28565770     72817.78
       32.26     0.999987     28565770     77101.18
       32.26     0.999988     28565770     81920.00
       32.26     0.999989     28565770     87381.33
       32.64     0.999989     28565810     93622.86
       32.64     0.999990     28565810    100824.62
       33.02     0.999991     28565850    109226.67
       34.30     0.999992     28565870    119156.36
       34.56     0.999992     28565910    131072.00
       34.56     0.999993     28565910    137970.53
       34.56     0.999993     28565910    145635.56
       34.56     0.999994     28565910    154202.35
       34.81     0.999994     28565930    163840.00
       34.81     0.999994     28565930    174762.67
       36.09     0.999995     28565940    187245.71
       36.35     0.999995     28566090    201649.23
       36.35     1.000000     28566090          inf
#[Mean    =        0.670, StdDeviation   =        0.721]
#[Max     =       36.351, Total count    =     28566090]
#[Buckets =           20, SubBuckets     =          256]
