       Value   Percentile   TotalCount 1/(1-Percentile)

        0.15     0.000000            1         1.00
        0.23     0.050000        59793         1.05
        0.24     0.100000        80854         1.11
        0.26     0.150000       105664         1.18
        0.28     0.200000       139877         1.25
        0.29     0.250000       191308         1.33
        0.30     0.300000       221942         1.43
        0.31     0.350000       256970         1.54
        0.32     0.400000       286209         1.67
        0.34     0.450000       319825         1.82
        0.34     0.500000       349951         2.00
        0.35     0.525000       394122         2.11
        0.35     0.550000       394122         2.22
        0.36     0.575000       438306         2.35
        0.36     0.600000       438306         2.50
        0.36     0.625000       438306         2.67
        0.37     0.650000       476934         2.86
        0.37     0.675000       476934         3.08
        0.38     0.700000       513766         3.33
        0.38     0.725000       513766         3.64
        0.38     0.750000       545520         4.00
        0.38     0.762500       545520         4.21
        0.38     0.775000       545520         4.44
        0.39     0.787500       565937         4.71
        0.39     0.800000       565937         5.00
        0.39     0.812500       565937         5.33
        0.40     0.825000       577829         5.71
        0.41     0.837500       584910         6.15
        0.42     0.850000       591951         6.67
        0.46     0.862500       601738         7.27
        0.48     0.875000       612910         8.00
        0.49     0.881250       621395         8.42
        0.49     0.887500       621395         8.89
        0.49     0.893750       635521         9.41
        0.49     0.900000       635521        10.00
        0.49     0.906250       635521        10.67
        0.49     0.912500       635521        11.43
        0.50     0.918750       654121        12.31
        0.50     0.925000       654121        13.33
        0.50     0.931250       654121        14.55
        0.50     0.937500       654121        16.00
        0.51     0.940625       671196        16.84
        0.51     0.943750       671196        17.78
        0.51     0.946875       671196        18.82
        0.51     0.950000       671196        20.00
        0.51     0.953125       671196        21.33
        0.51     0.956250       671196        22.86
        0.51     0.959375       671196        24.62
        0.51     0.962500       671196        26.67
        0.52     0.965625       682191        29.09
        0.52     0.968750       682191        32.00
        0.52     0.970313       682191        33.68
        0.52     0.971875       682191        35.56
        0.52     0.973437       682191        37.65
        0.52     0.975000       682191        40.00
        0.52     0.976562       682191        42.67
        0.52     0.978125       682191        45.71
        0.52     0.979688       682191        49.23
        0.53     0.981250       687468        53.33
        0.53     0.982812       687468        58.18
        0.53     0.984375       687468        64.00
        0.53     0.985156       687468        67.37
        0.53     0.985938       687468        71.11
        0.53     0.986719       687468        75.29
        0.53     0.987500       687468        80.00
        0.53     0.988281       687468        85.33
        0.54     0.989062       689690        91.43
        0.54     0.989844       689690        98.46
        0.54     0.990625       689690       106.67
        0.54     0.991406       689690       116.36
        0.54     0.992188       690857       128.00
        0.54     0.992578       690857       134.74
        0.54     0.992969       690857       142.22
        0.55     0.993359       691614       150.59
        0.55     0.993750       691614       160.00
        0.55     0.994141       691614       170.67
        0.56     0.994531       692213       182.86
        0.56     0.994922       692213       196.92
        0.57     0.995313       692750       213.33
        0.57     0.995703       692750       232.73
        0.57     0.996094       693215       256.00
        0.57     0.996289       693215       269.47
        0.57     0.996484       693215       284.44
        0.58     0.996680       693624       301.18
        0.58     0.996875       693624       320.00
        0.58     0.997070       693624       341.33
        0.59     0.997266       694009       365.71
        0.59     0.997461       694009       393.85
        0.59     0.997656       694009       426.67
        0.60     0.997852       694328       465.45
        0.60     0.998047       694328       512.00
        0.60     0.998145       694328       538.95
        0.61     0.998242       694578       568.89
        0.61     0.998340       694578       602.35
        0.61     0.998437       694578       640.00
        0.61     0.998535       694793       682.67
        0.61     0.998633       694793       731.43
        0.61     0.998730       694793       787.69
        0.61     0.998828       694793       853.33
        0.62     0.998926       694984       930.91
        0.62     0.999023       694984      1024.00
        0.62     0.999072       694984      1077.89
        0.63     0.999121       695140      1137.78
        0.63     0.999170       695140      1204.71
        0.63     0.999219       695140      1280.00
        0.63     0.999268       695140      1365.33
        0.63     0.999316       695140      1462.86
        0.64     0.999365       695215      1575.38
        0.64     0.999414       695215      1706.67
        0.65     0.999463       695294      1861.82
        0.65     0.999512       695294      2048.00
        0.65     0.999536       695294      2155.79
        0.65     0.999561       695294      2275.56
        0.66     0.999585       695343      2409.41
        0.66     0.999609       695343      2560.00
        0.66     0.999634       695378      2730.67
        0.66     0.999658       695378      2925.71
        0.67     0.999683       695393      3150.77
        0.68     0.999707       695410      3413.33
        0.69     0.999731       695421      3723.64
        0.69     0.999756       695430      4096.00
        0.70     0.999768       695438      4311.58
        0.72     0.999780       695447      4551.11
        0.74     0.999792       695458      4818.82
        0.78     0.999805       695465      5120.00
        0.80     0.999817       695475      5461.33
        0.81     0.999829       695481      5851.43
        0.82     0.999841       695490      6301.54
        0.84     0.999854       695502      6826.67
        0.85     0.999866       695506      7447.27
        0.87     0.999878       695521      8192.00
        0.87     0.999884       695521      8623.16
        0.88     0.999890       695527      9102.22
        0.88     0.999896       695527      9637.65
        0.90     0.999902       695532     10240.00
        0.92     0.999908       695537     10922.67
        0.97     0.999915       695540     11702.86
        1.14     0.999921       695544     12603.08
        1.42     0.999927       695549     13653.33
        1.61     0.999933       695553     14894.55
        2.59     0.999939       695560     16384.00
        2.59     0.999942       695560     17246.32
        2.61     0.999945       695561     18204.44
        2.62     0.999948       695563     19275.29
        2.67     0.999951       695567     20480.00
        2.69     0.999954       695568     21845.33
        2.70     0.999957       695570     23405.71
        2.73     0.999960       695572     25206.15
        2.75     0.999963       695574     27306.67
        2.81     0.999966       695578     29789.09
        2.81     0.999969       695578     32768.00
        2.86     0.999971       695579     34492.63
        2.88     0.999973       695580     36408.89
        2.90     0.999974       695582     38550.59
        2.94     0.999976       695584     40960.00
        2.94     0.999977       695584     43690.67
        2.96     0.999979       695585     46811.43
        3.09     0.999980       695586     50412.31
        3.10     0.999982       695587     54613.33
        3.12     0.999983       695590     59578.18
        3.12     0.999985       695590     65536.00
        3.12     0.999986       695590     68985.26
        3.12     0.999986       695590     72817.78
        3.12     0.999987       695590     77101.18
        3.18     0.999988       695592     81920.00
        3.18     0.999989       695592     87381.33
        3.18     0.999989       695592     93622.86
        3.25     0.999990       695593    100824.62
        3.25     0.999991       695593    109226.67
        3.26     0.999992       695594    119156.36
        3.26     0.999992       695594    131072.00
        3.26     0.999993       695594    137970.53
        3.28     0.999993       695595    145635.56
        3.28     0.999994       695595    154202.35
        3.28     0.999994       695595    163840.00
        3.29     0.999994       695597    174762.67
        3.29     0.999995       695597    187245.71
        3.29     0.999995       695597    201649.23
        3.29     0.999995       695597    218453.33
        3.29     0.999996       695597    238312.73
        3.29     0.999996       695597    262144.00
        3.29     0.999996       695597    275941.05
        3.29     0.999997       695597    291271.11
        3.29     0.999997       695597    308404.71
        3.29     0.999997       695597    327680.00
        3.34     0.999997       695598    349525.33
        3.34     0.999997       695598    374491.43
        3.34     0.999998       695598    403298.46
        3.34     0.999998       695598    436906.67
        3.34     0.999998       695598    476625.45
        3.34     0.999998       695598    524288.00
        3.34     0.999998       695598    551882.11
        3.34     0.999998       695598    582542.22
        3.34     0.999998       695598    616809.41
        3.34     0.999998       695598    655360.00
        3.36     0.999999       695599    699050.67
        3.36     1.000000       695599          inf
#[Mean    =        0.345, StdDeviation   =        0.084]
#[Max     =        3.359, Total count    =       695599]
#[Buckets =           20, SubBuckets     =          256]
