       Value   Percentile   TotalCount 1/(1-Percentile)

        0.24     0.000000            1         1.00
        0.41     0.050000        21884         1.05
        0.44     0.100000        43470         1.11
        0.48     0.150000        61720         1.18
        0.50     0.200000        79288         1.25
        0.52     0.250000       100447         1.33
        0.54     0.300000       126377         1.43
        0.54     0.350000       138568         1.54
        0.56     0.400000       158264         1.67
        0.58     0.450000       179862         1.82
        0.61     0.500000       208089         2.00
        0.61     0.525000       208089         2.11
        0.61     0.550000       220264         2.22
        0.62     0.575000       233188         2.35
        0.63     0.600000       246593         2.50
        0.64     0.625000       260092         2.67
        0.64     0.650000       260092         2.86
        0.65     0.675000       273150         3.08
        0.66     0.700000       285222         3.33
        0.66     0.725000       296216         3.64
        0.67     0.750000       305806         4.00
        0.67     0.762500       305806         4.21
        0.68     0.775000       313832         4.44
        0.68     0.787500       313832         4.71
        0.69     0.800000       320033         5.00
        0.69     0.812500       324766         5.33
        0.70     0.825000       328463         5.71
        0.71     0.837500       331172         6.15
        0.73     0.850000       336053         6.67
        0.78     0.862500       341224         7.27
        0.81     0.875000       346214         8.00
        0.81     0.881250       348910         8.42
        0.82     0.887500       352091         8.89
        0.83     0.893750       355818         9.41
        0.83     0.900000       355818        10.00
        0.84     0.906250       360084        10.67
        0.85     0.912500       364496        11.43
        0.85     0.918750       364496        12.31
        0.85     0.925000       369125        13.33
        0.85     0.931250       369125        14.55
        0.86     0.937500       373660        16.00
        0.86     0.940625       373660        16.84
        0.86     0.943750       373660        17.78
        0.87     0.946875       377888        18.82
        0.87     0.950000       377888        20.00
        0.87     0.953125       377888        21.33
        0.88     0.956250       381664        22.86
        0.88     0.959375       381664        24.62
        0.88     0.962500       381664        26.67
        0.89     0.965625       384847        29.09
        0.89     0.968750       384847        32.00
        0.89     0.970313       384847        33.68
        0.89     0.971875       384847        35.56
        0.89     0.973437       384847        37.65
        0.90     0.975000       387286        40.00
        0.90     0.976562       387286        42.67
        0.90     0.978125       387286        45.71
        0.90     0.979688       387286        49.23
        0.90     0.981250       389257        53.33
        0.90     0.982812       389257        58.18
        0.90     0.984375       389257        64.00
        0.91     0.985156       390639        67.37
        0.91     0.985938       390639        71.11
        0.91     0.986719       390639        75.29
        0.91     0.987500       390639        80.00
        0.92     0.988281       391680        85.33
        0.92     0.989062       391680        91.43
        0.92     0.989844       391680        98.46
        0.92     0.990625       391680       106.67
        0.93     0.991406       392441       116.36
        0.93     0.992188       392441       128.00
        0.93     0.992578       392441       134.74
        0.94     0.992969       393016       142.22
        0.94     0.993359       393016       150.59
        0.94     0.993750       393016       160.00
        0.94     0.994141       393016       170.67
        0.94     0.994531       393401       182.86
        0.94     0.994922       393401       196.92
        0.95     0.995313       393723       213.33
        0.95     0.995703       393723       232.73
        0.96     0.996094       393977       256.00
        0.96     0.996289       393977       269.47
        0.96     0.996484       393977       284.44
        0.96     0.996680       393977       301.18
        0.97     0.996875       394202       320.00
        0.97     0.997070       394202       341.33
        0.97     0.997266       394372       365.71
        0.97     0.997461       394372       393.85
        0.97     0.997656       394372       426.67
        0.98     0.997852       394501       465.45
        0.99     0.998047       394609       512.00
        0.99     0.998145       394609       538.95
        0.99     0.998242       394609       568.89
        1.00     0.998340       394696       602.35
        1.00     0.998437       394696       640.00
        1.01     0.998535       394790       682.67
        1.01     0.998633       394790       731.43
        1.01     0.998730       394790       787.69
        1.01     0.998828       394860       853.33
        1.01     0.998926       394860       930.91
        1.02     0.999023       394912      1024.00
        1.03     0.999072       394958      1077.89
        1.03     0.999121       394958      1137.78
        1.03     0.999170       394958      1204.71
        1.04     0.999219       395001      1280.00
        1.04     0.999268       395001      1365.33
        1.05     0.999316       395037      1462.86
        1.05     0.999365       395037      1575.38
        1.05     0.999414       395075      1706.67
        1.05     0.999463       395075      1861.82
        1.06     0.999512       395098      2048.00
        1.07     0.999536       395115      2155.79
        1.07     0.999561       395115      2275.56
        1.08     0.999585       395129      2409.41
        1.08     0.999609       395129      2560.00
        1.09     0.999634       395144      2730.67
        1.10     0.999658       395149      2925.71
        1.11     0.999683       395158      3150.77
        1.14     0.999707       395173      3413.33
        1.17     0.999731       395179      3723.64
        1.19     0.999756       395187      4096.00
        1.22     0.999768       395192      4311.58
        1.24     0.999780       395197      4551.11
        1.28     0.999792       395203      4818.82
        1.30     0.999805       395207      5120.00
        1.32     0.999817       395211      5461.33
        1.38     0.999829       395216      5851.43
        1.42     0.999841       395221      6301.54
        1.66     0.999854       395226      6826.67
        1.70     0.999866       395230      7447.27
        2.24     0.999878       395235      8192.00
        2.65     0.999884       395238      8623.16
        3.34     0.999890       395240      9102.22
        3.54     0.999896       395242      9637.65
        3.60     0.999902       395245     10240.00
        3.62     0.999908       395247     10922.67
        3.71     0.999915       395250     11702.86
        3.74     0.999921       395252     12603.08
        3.79     0.999927       395255     13653.33
        3.89     0.999933       395258     14894.55
        3.98     0.999939       395260     16384.00
        4.01     0.999942       395261     17246.32
        4.08     0.999945       395263     18204.44
        4.08     0.999948       395263     19275.29
        4.09     0.999951       395265     20480.00
        4.09     0.999954       395265     21845.33
        4.13     0.999957       395268     23405.71
        4.13     0.999960       395268     25206.15
        4.25     0.999963       395269     27306.67
        4.29     0.999966       395270     29789.09
        4.45     0.999969       395271     32768.00
        5.89     0.999971       395272     34492.63
        5.95     0.999973       395273     36408.89
        5.95     0.999974       395273     38550.59
        6.01     0.999976       395274     40960.00
        6.01     0.999977       395274     43690.67
        6.21     0.999979       395278     46811.43
        6.21     0.999980       395278     50412.31
        6.21     0.999982       395278     54613.33
        6.21     0.999983       395278     59578.18
        6.21     0.999985       395278     65536.00
        6.21     0.999986       395278     68985.26
        6.21     0.999986       395278     72817.78
        6.21     0.999987       395278     77101.18
        6.24     0.999988       395280     81920.00
        6.24     0.999989       395280     87381.33
        6.24     0.999989       395280     93622.86
        6.24     0.999990       395280    100824.62
        6.24     0.999991       395280    109226.67
        6.24     0.999992       395280    119156.36
        6.24     0.999992       395280    131072.00
        6.40     0.999993       395281    137970.53
        6.40     0.999993       395281    145635.56
        6.40     0.999994       395281    154202.35
        6.40     0.999994       395281    163840.00
        6.40     0.999994       395281    174762.67
        6.40     0.999995       395281    187245.71
        6.53     0.999995       395282    201649.23
        6.53     0.999995       395282    218453.33
        6.53     0.999996       395282    238312.73
        6.53     0.999996       395282    262144.00
        6.53     0.999996       395282    275941.05
        6.53     0.999997       395282    291271.11
        6.53     0.999997       395282    308404.71
        6.53     0.999997       395282    327680.00
        6.53     0.999997       395282    349525.33
        6.53     0.999997       395282    374491.43
        6.56     0.999998       395283    403298.46
        6.56     1.000000       395283          inf
#[Mean    =        0.607, StdDeviation   =        0.139]
#[Max     =        6.559, Total count    =       395283]
#[Buckets =           20, SubBuckets     =          256]
