       Value   Percentile   TotalCount 1/(1-Percentile)

        0.17     0.000000            1         1.00
        0.42     0.050000        23761         1.05
        0.45     0.100000        40290         1.11
        0.49     0.150000        57807         1.18
        0.53     0.200000        84657         1.25
        0.54     0.250000       108255         1.33
        0.55     0.300000       121382         1.43
        0.57     0.350000       144999         1.54
        0.57     0.400000       154316         1.67
        0.60     0.450000       174560         1.82
        0.62     0.500000       197895         2.00
        0.63     0.525000       208442         2.11
        0.64     0.550000       220134         2.22
        0.65     0.575000       232893         2.35
        0.65     0.600000       232893         2.50
        0.66     0.625000       245933         2.67
        0.66     0.650000       258995         2.86
        0.67     0.675000       271824         3.08
        0.67     0.700000       271824         3.33
        0.68     0.725000       283674         3.64
        0.69     0.750000       294278         4.00
        0.69     0.762500       294278         4.21
        0.69     0.775000       303495         4.44
        0.69     0.787500       303495         4.71
        0.70     0.800000       310789         5.00
        0.71     0.812500       316506         5.33
        0.72     0.825000       320741         5.71
        0.73     0.837500       323845         6.15
        0.74     0.850000       327244         6.67
        0.81     0.862500       331543         7.27
        0.84     0.875000       337437         8.00
        0.85     0.881250       340255         8.42
        0.85     0.887500       343605         8.89
        0.85     0.893750       343605         9.41
        0.86     0.900000       347478        10.00
        0.87     0.906250       351790        10.67
        0.87     0.912500       351790        11.43
        0.88     0.918750       356324        12.31
        0.88     0.925000       356324        13.33
        0.89     0.931250       361018        14.55
        0.89     0.937500       361018        16.00
        0.90     0.940625       365538        16.84
        0.90     0.943750       365538        17.78
        0.90     0.946875       365538        18.82
        0.90     0.950000       365538        20.00
        0.90     0.953125       369939        21.33
        0.90     0.956250       369939        22.86
        0.90     0.959375       369939        24.62
        0.90     0.962500       369939        26.67
        0.91     0.965625       373795        29.09
        0.91     0.968750       373795        32.00
        0.91     0.970313       373795        33.68
        0.91     0.971875       373795        35.56
        0.92     0.973437       376889        37.65
        0.92     0.975000       376889        40.00
        0.92     0.976562       376889        42.67
        0.92     0.978125       376889        45.71
        0.92     0.979688       376889        49.23
        0.93     0.981250       379370        53.33
        0.93     0.982812       379370        58.18
        0.93     0.984375       379370        64.00
        0.93     0.985156       379370        67.37
        0.93     0.985938       379370        71.11
        0.93     0.986719       379370        75.29
        0.94     0.987500       381177        80.00
        0.94     0.988281       381177        85.33
        0.94     0.989062       381177        91.43
        0.94     0.989844       381177        98.46
        0.94     0.990625       381177       106.67
        0.94     0.991406       381177       116.36
        0.94     0.992188       382295       128.00
        0.94     0.992578       382295       134.74
        0.94     0.992969       382295       142.22
        0.94     0.993359       382295       150.59
        0.94     0.993750       382295       160.00
        0.94     0.994141       382295       170.67
        0.94     0.994531       382295       182.86
        0.95     0.994922       383069       196.92
        0.95     0.995313       383069       213.33
        0.95     0.995703       383069       232.73
        0.95     0.996094       383069       256.00
        0.95     0.996289       383069       269.47
        0.95     0.996484       383069       284.44
        0.95     0.996680       383069       301.18
        0.96     0.996875       383535       320.00
        0.96     0.997070       383535       341.33
        0.96     0.997266       383535       365.71
        0.96     0.997461       383535       393.85
        0.96     0.997656       383535       426.67
        0.96     0.997852       383535       465.45
        0.97     0.998047       383850       512.00
        0.97     0.998145       383850       538.95
        0.97     0.998242       383850       568.89
        0.97     0.998340       383850       602.35
        0.97     0.998437       383850       640.00
        0.97     0.998535       383850       682.67
        0.97     0.998633       383850       731.43
        0.97     0.998730       383850       787.69
        0.97     0.998828       383850       853.33
        0.97     0.998926       384010       930.91
        0.97     0.999023       384010      1024.00
        0.97     0.999072       384010      1077.89
        0.97     0.999121       384010      1137.78
        0.97     0.999170       384010      1204.71
        0.97     0.999219       384010      1280.00
        0.97     0.999268       384010      1365.33
        0.98     0.999316       384106      1462.86
        0.98     0.999365       384106      1575.38
        0.98     0.999414       384106      1706.67
        0.98     0.999463       384106      1861.82
        0.98     0.999512       384106      2048.00
        0.99     0.999536       384155      2155.79
        0.99     0.999561       384155      2275.56
        0.99     0.999585       384155      2409.41
        0.99     0.999609       384155      2560.00
        0.99     0.999634       384155      2730.67
        1.00     0.999658       384181      2925.71
        1.00     0.999683       384181      3150.77
        1.00     0.999707       384181      3413.33
        1.01     0.999731       384212      3723.64
        1.01     0.999756       384212      4096.00
        1.01     0.999768       384212      4311.58
        1.01     0.999780       384212      4551.11
        1.01     0.999792       384212      4818.82
        1.01     0.999805       384227      5120.00
        1.01     0.999817       384227      5461.33
        1.01     0.999829       384227      5851.43
        1.02     0.999841       384236      6301.54
        1.02     0.999854       384236      6826.67
        1.04     0.999866       384239      7447.27
        1.05     0.999878       384246      8192.00
        1.05     0.999884       384246      8623.16
        1.06     0.999890       384248      9102.22
        1.07     0.999896       384251      9637.65
        1.08     0.999902       384256     10240.00
        1.08     0.999908       384256     10922.67
        1.09     0.999915       384259     11702.86
        1.09     0.999921       384262     12603.08
        1.09     0.999927       384262     13653.33
        1.10     0.999933       384266     14894.55
        1.12     0.999939       384271     16384.00
        1.12     0.999942       384271     17246.32
        1.12     0.999945       384271     18204.44
        1.12     0.999948       384271     19275.29
        1.13     0.999951       384272     20480.00
        1.14     0.999954       384274     21845.33
        1.14     0.999957       384274     23405.71
        1.15     0.999960       384276     25206.15
        1.15     0.999963       384276     27306.67
        1.22     0.999966       384280     29789.09
        1.22     0.999969       384280     32768.00
        1.22     0.999971       384280     34492.63
        1.22     0.999973       384280     36408.89
        1.23     0.999974       384281     38550.59
        1.23     0.999976       384281     40960.00
        1.26     0.999977       384282     43690.67
        1.26     0.999979       384282     46811.43
        1.27     0.999980       384283     50412.31
        1.27     0.999982       384283     54613.33
        1.30     0.999983       384284     59578.18
        1.39     0.999985       384285     65536.00
        1.39     0.999986       384285     68985.26
        1.39     0.999986       384285     72817.78
        1.44     0.999987       384287     77101.18
        1.44     0.999988       384287     81920.00
        1.44     0.999989       384287     87381.33
        1.44     0.999989       384287     93622.86
        1.44     0.999990       384287    100824.62
        1.44     0.999991       384287    109226.67
        1.44     0.999992       384287    119156.36
        1.48     0.999992       384288    131072.00
        1.48     0.999993       384288    137970.53
        1.48     0.999993       384288    145635.56
        1.48     0.999994       384288    154202.35
        1.48     0.999994       384288    163840.00
        1.48     0.999994       384288    174762.67
        1.48     0.999995       384288    187245.71
        1.52     0.999995       384289    201649.23
        1.52     0.999995       384289    218453.33
        1.52     0.999996       384289    238312.73
        1.52     0.999996       384289    262144.00
        1.52     0.999996       384289    275941.05
        1.52     0.999997       384289    291271.11
        1.52     0.999997       384289    308404.71
        1.52     0.999997       384289    327680.00
        1.52     0.999997       384289    349525.33
        1.52     0.999997       384289    374491.43
        1.60     0.999998       384290    403298.46
        1.60     1.000000       384290          inf
#[Mean    =        0.624, StdDeviation   =        0.135]
#[Max     =        1.599, Total count    =       384290]
#[Buckets =           20, SubBuckets     =          256]
