       Value   Percentile   TotalCount 1/(1-Percentile)

        0.17     0.000000            2         1.00
        0.29     0.050000        44202         1.05
        0.30     0.100000        61269         1.11
        0.34     0.150000        83923         1.18
        0.37     0.200000       124366         1.25
        0.38     0.250000       146982         1.33
        0.38     0.300000       170375         1.43
        0.39     0.350000       193896         1.54
        0.41     0.400000       228716         1.67
        0.42     0.450000       253815         1.82
        0.44     0.500000       302669         2.00
        0.44     0.525000       302669         2.11
        0.45     0.550000       335042         2.22
        0.45     0.575000       335042         2.35
        0.45     0.600000       335042         2.50
        0.46     0.625000       367727         2.67
        0.46     0.650000       367727         2.86
        0.46     0.675000       400109         3.08
        0.46     0.700000       400109         3.33
        0.46     0.725000       400109         3.64
        0.47     0.750000       428015         4.00
        0.47     0.762500       428015         4.21
        0.47     0.775000       428015         4.44
        0.48     0.787500       446859         4.71
        0.48     0.800000       446859         5.00
        0.49     0.812500       457435         5.33
        0.49     0.825000       457435         5.71
        0.49     0.837500       462737         6.15
        0.52     0.850000       469017         6.67
        0.59     0.862500       475814         7.27
        0.61     0.875000       484208         8.00
        0.61     0.881250       493089         8.42
        0.61     0.887500       493089         8.89
        0.61     0.893750       493089         9.41
        0.62     0.900000       504948        10.00
        0.62     0.906250       504948        10.67
        0.62     0.912500       504948        11.43
        0.63     0.918750       517880        12.31
        0.63     0.925000       517880        13.33
        0.63     0.931250       517880        14.55
        0.63     0.937500       517880        16.00
        0.64     0.940625       529217        16.84
        0.64     0.943750       529217        17.78
        0.64     0.946875       529217        18.82
        0.64     0.950000       529217        20.00
        0.64     0.953125       529217        21.33
        0.64     0.956250       529217        22.86
        0.64     0.959375       529217        24.62
        0.65     0.962500       537478        26.67
        0.65     0.965625       537478        29.09
        0.65     0.968750       537478        32.00
        0.65     0.970313       537478        33.68
        0.65     0.971875       537478        35.56
        0.65     0.973437       537478        37.65
        0.65     0.975000       537478        40.00
        0.66     0.976562       542656        42.67
        0.66     0.978125       542656        45.71
        0.66     0.979688       542656        49.23
        0.66     0.981250       542656        53.33
        0.66     0.982812       542656        58.18
        0.66     0.984375       542656        64.00
        0.66     0.985156       545475        67.37
        0.66     0.985938       545475        71.11
        0.66     0.986719       545475        75.29
        0.66     0.987500       545475        80.00
        0.66     0.988281       545475        85.33
        0.66     0.989062       545475        91.43
        0.67     0.989844       546919        98.46
        0.67     0.990625       546919       106.67
        0.67     0.991406       546919       116.36
        0.67     0.992188       546919       128.00
        0.68     0.992578       547778       134.74
        0.68     0.992969       547778       142.22
        0.68     0.993359       547778       150.59
        0.68     0.993750       547778       160.00
        0.69     0.994141       548383       170.67
        0.69     0.994531       548383       182.86
        0.69     0.994922       548840       196.92
        0.69     0.995313       548840       213.33
        0.69     0.995703       548840       232.73
        0.70     0.996094       549232       256.00
        0.70     0.996289       549232       269.47
        0.71     0.996484       549576       284.44
        0.71     0.996680       549576       301.18
        0.71     0.996875       549576       320.00
        0.72     0.997070       549870       341.33
        0.72     0.997266       549870       365.71
        0.72     0.997461       549870       393.85
        0.73     0.997656       550139       426.67
        0.73     0.997852       550139       465.45
        0.73     0.998047       550139       512.00
        0.73     0.998145       550397       538.95
        0.73     0.998242       550397       568.89
        0.73     0.998340       550397       602.35
        0.73     0.998437       550397       640.00
        0.73     0.998535       550397       682.67
        0.74     0.998633       550597       731.43
        0.74     0.998730       550597       787.69
        0.74     0.998828       550597       853.33
        0.75     0.998926       550748       930.91
        0.75     0.999023       550748      1024.00
        0.75     0.999072       550748      1077.89
        0.75     0.999121       550748      1137.78
        0.75     0.999170       550748      1204.71
        0.76     0.999219       550888      1280.00
        0.76     0.999268       550888      1365.33
        0.76     0.999316       550888      1462.86
        0.76     0.999365       550888      1575.38
        0.76     0.999414       550888      1706.67
        0.77     0.999463       550969      1861.82
        0.77     0.999512       550969      2048.00
        0.77     0.999536       550969      2155.79
        0.77     0.999561       550969      2275.56
        0.77     0.999585       550969      2409.41
        0.78     0.999609       551031      2560.00
        0.78     0.999634       551031      2730.67
        0.78     0.999658       551031      2925.71
        0.78     0.999683       551031      3150.77
        0.78     0.999707       551031      3413.33
        0.78     0.999731       551070      3723.64
        0.78     0.999756       551070      4096.00
        0.78     0.999768       551070      4311.58
        0.78     0.999780       551070      4551.11
        0.79     0.999792       551090      4818.82
        0.79     0.999805       551090      5120.00
        0.80     0.999817       551100      5461.33
        0.80     0.999829       551100      5851.43
        0.81     0.999841       551114      6301.54
        0.81     0.999854       551114      6826.67
        0.81     0.999866       551117      7447.27
        0.86     0.999878       551125      8192.00
        0.87     0.999884       551129      8623.16
        0.89     0.999890       551131      9102.22
        0.95     0.999896       551134      9637.65
        1.64     0.999902       551138     10240.00
        1.67     0.999908       551141     10922.67
        2.32     0.999915       551144     11702.86
        2.53     0.999921       551148     12603.08
        2.64     0.999927       551152     13653.33
        2.67     0.999933       551154     14894.55
        2.75     0.999939       551159     16384.00
        2.77     0.999942       551160     17246.32
        2.78     0.999945       551161     18204.44
        2.90     0.999948       551163     19275.29
        3.04     0.999951       551167     20480.00
        3.04     0.999954       551167     21845.33
        3.15     0.999957       551170     23405.71
        3.15     0.999960       551170     25206.15
        3.17     0.999963       551171     27306.67
        3.21     0.999966       551173     29789.09
        3.39     0.999969       551175     32768.00
        3.62     0.999971       551177     34492.63
        3.62     0.999973       551177     36408.89
        3.62     0.999974       551177     38550.59
        3.71     0.999976       551178     40960.00
        3.73     0.999977       551179     43690.67
        3.85     0.999979       551183     46811.43
        3.85     0.999980       551183     50412.31
        3.85     0.999982       551183     54613.33
        3.85     0.999983       551183     59578.18
        3.85     0.999985       551183     65536.00
        3.89     0.999986       551184     68985.26
        3.89     0.999986       551184     72817.78
        3.89     0.999987       551184     77101.18
        4.09     0.999988       551185     81920.00
        4.09     0.999989       551185     87381.33
        4.13     0.999989       551186     93622.86
        4.13     0.999990       551186    100824.62
        4.13     0.999991       551186    109226.67
        4.19     0.999992       551187    119156.36
        4.19     0.999992       551187    131072.00
        8.38     0.999993       551188    137970.53
        8.38     0.999993       551188    145635.56
        8.38     0.999994       551188    154202.35
        8.38     0.999994       551188    163840.00
        8.38     0.999994       551188    174762.67
        8.45     0.999995       551189    187245.71
        8.45     0.999995       551189    201649.23
        8.45     0.999995       551189    218453.33
        8.45     0.999996       551189    238312.73
        8.45     0.999996       551189    262144.00
        8.57     0.999996       551190    275941.05
        8.57     0.999997       551190    291271.11
        8.57     0.999997       551190    308404.71
        8.57     0.999997       551190    327680.00
        8.57     0.999997       551190    349525.33
        8.57     0.999997       551190    374491.43
        8.57     0.999998       551190    403298.46
        8.57     0.999998       551190    436906.67
        8.57     0.999998       551190    476625.45
        8.57     0.999998       551190    524288.00
        8.64     0.999998       551191    551882.11
        8.64     1.000000       551191          inf
#[Mean    =        0.435, StdDeviation   =        0.104]
#[Max     =        8.639, Total count    =       551191]
#[Buckets =           20, SubBuckets     =          256]
