       Value   Percentile   TotalCount 1/(1-Percentile)

       28.41     0.000000            1         1.00
      528.38     0.050000        46723         1.05
      532.48     0.100000       113508         1.11
      536.58     0.150000       266413         1.18
      536.58     0.200000       266413         1.25
      536.58     0.250000       266413         1.33
      540.67     0.300000       476413         1.43
      540.67     0.350000       476413         1.54
      540.67     0.400000       476413         1.67
      540.67     0.450000       476413         1.82
      540.67     0.500000       476413         2.00
      540.67     0.525000       476413         2.11
      544.77     0.550000       617576         2.22
      544.77     0.575000       617576         2.35
      544.77     0.600000       617576         2.50
      544.77     0.625000       617576         2.67
      544.77     0.650000       617576         2.86
      544.77     0.675000       617576         3.08
      548.86     0.700000       678418         3.33
      548.86     0.725000       678418         3.64
      548.86     0.750000       678418         4.00
      552.96     0.762500       710999         4.21
      552.96     0.775000       710999         4.44
      557.05     0.787500       728134         4.71
      557.05     0.800000       728134         5.00
      561.15     0.812500       750212         5.33
      561.15     0.825000       750212         5.71
      565.25     0.837500       770341         6.15
      565.25     0.850000       770341         6.67
      569.34     0.862500       790334         7.27
      573.44     0.875000       809966         8.00
      573.44     0.881250       809966         8.42
      573.44     0.887500       809966         8.89
      573.44     0.893750       809966         9.41
      577.53     0.900000       826208        10.00
      577.53     0.906250       826208        10.67
      577.53     0.912500       826208        11.43
      581.63     0.918750       840956        12.31
      581.63     0.925000       840956        13.33
      585.73     0.931250       853837        14.55
      585.73     0.937500       853837        16.00
      585.73     0.940625       853837        16.84
      585.73     0.943750       853837        17.78
      589.82     0.946875       865816        18.82
      589.82     0.950000       865816        20.00
      589.82     0.953125       865816        21.33
      589.82     0.956250       865816        22.86
      593.92     0.959375       878056        24.62
      593.92     0.962500       878056        26.67
      593.92     0.965625       878056        29.09
      593.92     0.968750       878056        32.00
      593.92     0.970313       878056        33.68
      598.01     0.971875       887039        35.56
      598.01     0.973437       887039        37.65
      598.01     0.975000       887039        40.00
      598.01     0.976562       887039        42.67
      598.01     0.978125       887039        45.71
      598.01     0.979688       887039        49.23
      598.01     0.981250       887039        53.33
      602.11     0.982812       893879        58.18
      602.11     0.984375       893879        64.00
      602.11     0.985156       893879        67.37
      602.11     0.985938       893879        71.11
      602.11     0.986719       893879        75.29
      602.11     0.987500       893879        80.00
      602.11     0.988281       893879        85.33
      606.21     0.989062       896806        91.43
      606.21     0.989844       896806        98.46
      606.21     0.990625       896806       106.67
      606.21     0.991406       896806       116.36
      610.30     0.992188       897367       128.00
      610.30     0.992578       897367       134.74
      618.50     0.992969       897571       142.22
      638.98     0.993359       897928       150.59
      651.26     0.993750       898292       160.00
      671.74     0.994141       898701       170.67
      684.03     0.994531       899019       182.86
      704.51     0.994922       899418       196.92
      716.80     0.995313       899711       213.33
      733.18     0.995703       900026       232.73
      753.66     0.996094       900421       256.00
      761.86     0.996289       900585       269.47
      770.05     0.996484       900744       284.44
      782.34     0.996680       900969       301.18
      790.53     0.996875       901127       320.00
      798.72     0.997070       901297       341.33
      806.91     0.997266       901446       365.71
      819.20     0.997461       901688       393.85
      827.39     0.997656       901841       426.67
      835.58     0.997852       902031       465.45
      839.68     0.998047       902152       512.00
      843.77     0.998145       902260       538.95
      847.87     0.998242       902398       568.89
      851.97     0.998340       902549       602.35
      851.97     0.998437       902549       640.00
      856.06     0.998535       902708       682.67
      856.06     0.998633       902708       731.43
      860.16     0.998730       902896       787.69
      860.16     0.998828       902896       853.33
      864.25     0.998926       903044       930.91
      864.25     0.999023       903044      1024.00
      868.35     0.999072       903146      1077.89
      868.35     0.999121       903146      1137.78
      872.45     0.999170       903240      1204.71
      872.45     0.999219       903240      1280.00
      876.54     0.999268       903323      1365.33
      876.54     0.999316       903323      1462.86
      880.64     0.999365       903393      1575.38
      880.64     0.999414       903393      1706.67
      884.74     0.999463       903452      1861.82
      888.83     0.999512       903516      2048.00
      888.83     0.999536       903516      2155.79
      888.83     0.999561       903516      2275.56
      892.93     0.999585       903574      2409.41
      892.93     0.999609       903574      2560.00
      892.93     0.999634       903574      2730.67
      897.02     0.999658       903620      2925.71
      897.02     0.999683       903620      3150.77
      901.12     0.999707       903667      3413.33
      901.12     0.999731       903667      3723.64
      905.22     0.999756       903711      4096.00
      905.22     0.999768       903711      4311.58
      905.22     0.999780       903711      4551.11
      909.31     0.999792       903748      4818.82
      909.31     0.999805       903748      5120.00
      909.31     0.999817       903748      5461.33
      913.41     0.999829       903781      5851.43
      913.41     0.999841       903781      6301.54
      913.41     0.999854       903781      6826.67
      917.50     0.999866       903806      7447.27
      917.50     0.999878       903806      8192.00
      917.50     0.999884       903806      8623.16
      917.50     0.999890       903806      9102.22
      921.60     0.999896       903827      9637.65
      921.60     0.999902       903827     10240.00
      921.60     0.999908       903827     10922.67
      925.70     0.999915       903853     11702.86
      925.70     0.999921       903853     12603.08
      925.70     0.999927       903853     13653.33
      925.70     0.999933       903853     14894.55
      925.70     0.999939       903853     16384.00
      925.70     0.999942       903853     17246.32
      929.79     0.999945       903869     18204.44
      929.79     0.999948       903869     19275.29
      929.79     0.999951       903869     20480.00
      929.79     0.999954       903869     21845.33
      929.79     0.999957       903869     23405.71
      933.89     0.999960       903884     25206.15
      933.89     0.999963       903884     27306.67
      933.89     0.999966       903884     29789.09
      933.89     0.999969       903884     32768.00
      933.89     0.999971       903884     34492.63
      933.89     0.999973       903884     36408.89
      933.89     0.999974       903884     38550.59
      933.89     0.999976       903884     40960.00
      937.98     0.999977       903894     43690.67
      937.98     0.999979       903894     46811.43
      937.98     0.999980       903894     50412.31
      937.98     0.999982       903894     54613.33
      937.98     0.999983       903894     59578.18
      937.98     0.999985       903894     65536.00
      937.98     0.999986       903894     68985.26
      937.98     0.999986       903894     72817.78
      937.98     0.999987       903894     77101.18
      937.98     0.999988       903894     81920.00
      942.08     0.999989       903901     87381.33
      942.08     0.999989       903901     93622.86
      942.08     0.999990       903901    100824.62
      942.08     0.999991       903901    109226.67
      942.08     0.999992       903901    119156.36
      942.08     0.999992       903901    131072.00
      942.08     0.999993       903901    137970.53
      942.08     0.999993       903901    145635.56
      942.08     0.999994       903901    154202.35
      942.08     0.999994       903901    163840.00
      942.08     0.999994       903901    174762.67
      942.08     0.999995       903901    187245.71
      942.08     0.999995       903901    201649.23
      942.08     0.999995       903901    218453.33
      946.17     0.999996       903904    238312.73
      946.17     0.999996       903904    262144.00
      946.17     0.999996       903904    275941.05
      946.17     0.999997       903904    291271.11
      946.17     0.999997       903904    308404.71
      946.17     0.999997       903904    327680.00
      946.17     0.999997       903904    349525.33
      946.17     0.999997       903904    374491.43
      946.17     0.999998       903904    403298.46
      946.17     0.999998       903904    436906.67
      946.17     0.999998       903904    476625.45
      946.17     0.999998       903904    524288.00
      946.17     0.999998       903904    551882.11
      946.17     0.999998       903904    582542.22
      946.17     0.999998       903904    616809.41
      946.17     0.999998       903904    655360.00
      946.17     0.999999       903904    699050.67
      946.17     0.999999       903904    748982.86
      946.17     0.999999       903904    806596.92
      946.17     0.999999       903904    873813.33
      950.27     0.999999       903905    953250.91
      950.27     1.000000       903905          inf
#[Mean    =      545.100, StdDeviation   =       34.071]
#[Max     =      950.271, Total count    =       903905]
#[Buckets =           20, SubBuckets     =          256]
