       Value   Percentile   TotalCount 1/(1-Percentile)

        0.23     0.000000            1         1.00
        0.46     0.050000        21147         1.05
        0.49     0.100000        35080         1.11
        0.54     0.150000        53025         1.18
        0.57     0.200000        74191         1.25
        0.59     0.250000        91322         1.33
        0.61     0.300000       112083         1.43
        0.62     0.350000       131014         1.54
        0.64     0.400000       145371         1.67
        0.66     0.450000       161529         1.82
        0.69     0.500000       181437         2.00
        0.69     0.525000       190200         2.11
        0.70     0.550000       199682         2.22
        0.71     0.575000       209924         2.35
        0.71     0.600000       209924         2.50
        0.72     0.625000       220707         2.67
        0.73     0.650000       231712         2.86
        0.73     0.675000       242627         3.08
        0.74     0.700000       252933         3.33
        0.75     0.725000       262597         3.64
        0.75     0.750000       262597         4.00
        0.76     0.762500       270936         4.21
        0.77     0.775000       278034         4.44
        0.77     0.787500       278034         4.71
        0.78     0.800000       283919         5.00
        0.78     0.812500       288442         5.33
        0.79     0.825000       291877         5.71
        0.80     0.837500       294417         6.15
        0.81     0.850000       297387         6.67
        0.89     0.862500       302033         7.27
        0.92     0.875000       306496         8.00
        0.93     0.881250       308541         8.42
        0.94     0.887500       310966         8.89
        0.94     0.893750       313977         9.41
        0.95     0.900000       317348        10.00
        0.95     0.906250       317348        10.67
        0.96     0.912500       321057        11.43
        0.97     0.918750       325028        12.31
        0.97     0.925000       325028        13.33
        0.97     0.931250       329135        14.55
        0.97     0.937500       329135        16.00
        0.97     0.940625       329135        16.84
        0.98     0.943750       333077        17.78
        0.98     0.946875       333077        18.82
        0.98     0.950000       333077        20.00
        0.99     0.953125       336712        21.33
        0.99     0.956250       336712        22.86
        0.99     0.959375       336712        24.62
        0.99     0.962500       336712        26.67
        1.00     0.965625       339971        29.09
        1.00     0.968750       339971        32.00
        1.00     0.970313       339971        33.68
        1.00     0.971875       339971        35.56
        1.01     0.973437       342621        37.65
        1.01     0.975000       342621        40.00
        1.01     0.976562       342621        42.67
        1.01     0.978125       342621        45.71
        1.01     0.979688       342621        49.23
        1.01     0.981250       344692        53.33
        1.01     0.982812       344692        58.18
        1.01     0.984375       344692        64.00
        1.01     0.985156       344692        67.37
        1.02     0.985938       346228        71.11
        1.02     0.986719       346228        75.29
        1.02     0.987500       346228        80.00
        1.02     0.988281       346228        85.33
        1.02     0.989062       346228        91.43
        1.02     0.989844       346228        98.46
        1.03     0.990625       347356       106.67
        1.03     0.991406       347356       116.36
        1.03     0.992188       347356       128.00
        1.03     0.992578       347356       134.74
        1.03     0.992969       347356       142.22
        1.03     0.993359       347356       150.59
        1.04     0.993750       348153       160.00
        1.04     0.994141       348153       170.67
        1.04     0.994531       348153       182.86
        1.04     0.994922       348153       196.92
        1.04     0.995313       348153       213.33
        1.05     0.995703       348661       232.73
        1.05     0.996094       348661       256.00
        1.05     0.996289       348661       269.47
        1.05     0.996484       348661       284.44
        1.05     0.996680       348661       301.18
        1.05     0.996875       348661       320.00
        1.05     0.997070       348661       341.33
        1.05     0.997266       349028       365.71
        1.05     0.997461       349028       393.85
        1.05     0.997656       349028       426.67
        1.05     0.997852       349028       465.45
        1.05     0.998047       349028       512.00
        1.05     0.998145       349028       538.95
        1.06     0.998242       349242       568.89
        1.06     0.998340       349242       602.35
        1.06     0.998437       349242       640.00
        1.06     0.998535       349242       682.67
        1.06     0.998633       349242       731.43
        1.06     0.998730       349242       787.69
        1.07     0.998828       349373       853.33
        1.07     0.998926       349373       930.91
        1.07     0.999023       349373      1024.00
        1.07     0.999072       349373      1077.89
        1.07     0.999121       349373      1137.78
        1.08     0.999170       349459      1204.71
        1.08     0.999219       349459      1280.00
        1.08     0.999268       349459      1365.33
        1.08     0.999316       349459      1462.86
        1.08     0.999365       349459      1575.38
        1.09     0.999414       349512      1706.67
        1.09     0.999463       349512      1861.82
        1.09     0.999512       349512      2048.00
        1.09     0.999536       349546      2155.79
        1.09     0.999561       349546      2275.56
        1.09     0.999585       349546      2409.41
        1.09     0.999609       349546      2560.00
        1.10     0.999634       349564      2730.67
        1.10     0.999658       349564      2925.71
        1.11     0.999683       349575      3150.77
        1.11     0.999707       349575      3413.33
        1.13     0.999731       349588      3723.64
        1.14     0.999756       349591      4096.00
        1.15     0.999768       349599      4311.58
        1.16     0.999780       349604      4551.11
        1.16     0.999792       349604      4818.82
        1.18     0.999805       349616      5120.00
        1.18     0.999817       349616      5461.33
        1.19     0.999829       349618      5851.43
        1.21     0.999841       349625      6301.54
        1.21     0.999854       349625      6826.67
        1.23     0.999866       349630      7447.27
        1.24     0.999878       349634      8192.00
        1.25     0.999884       349637      8623.16
        1.25     0.999890       349639      9102.22
        1.26     0.999896       349641      9637.65
        1.27     0.999902       349644     10240.00
        1.27     0.999908       349644     10922.67
        1.29     0.999915       349647     11702.86
        1.30     0.999921       349649     12603.08
        1.36     0.999927       349651     13653.33
        1.37     0.999933       349653     14894.55
        1.38     0.999939       349655     16384.00
        1.40     0.999942       349656     17246.32
        1.41     0.999945       349657     18204.44
        1.42     0.999948       349658     19275.29
        1.43     0.999951       349660     20480.00
        1.43     0.999954       349660     21845.33
        1.46     0.999957       349663     23405.71
        1.46     0.999960       349663     25206.15
        1.56     0.999963       349664     27306.67
        1.58     0.999966       349665     29789.09
        1.64     0.999969       349666     32768.00
        1.64     0.999971       349666     34492.63
        1.65     0.999973       349667     36408.89
        1.65     0.999974       349667     38550.59
        1.69     0.999976       349668     40960.00
        1.69     0.999977       349668     43690.67
        1.74     0.999979       349669     46811.43
        1.77     0.999980       349670     50412.31
        1.77     0.999982       349670     54613.33
        2.05     0.999983       349671     59578.18
        2.05     0.999985       349671     65536.00
        2.05     0.999986       349671     68985.26
        2.14     0.999986       349672     72817.78
        2.14     0.999987       349672     77101.18
        2.14     0.999988       349672     81920.00
        2.14     0.999989       349672     87381.33
        8.64     0.999989       349674     93622.86
        8.64     0.999990       349674    100824.62
        8.64     0.999991       349674    109226.67
        8.64     0.999992       349674    119156.36
        8.64     0.999992       349674    131072.00
        8.64     0.999993       349674    137970.53
        8.64     0.999993       349674    145635.56
        8.64     0.999994       349674    154202.35
        8.64     0.999994       349674    163840.00
        8.64     0.999994       349674    174762.67
        8.96     0.999995       349675    187245.71
        8.96     0.999995       349675    201649.23
        8.96     0.999995       349675    218453.33
        8.96     0.999996       349675    238312.73
        8.96     0.999996       349675    262144.00
        8.96     0.999996       349675    275941.05
        8.96     0.999997       349675    291271.11
        8.96     0.999997       349675    308404.71
        8.96     0.999997       349675    327680.00
        8.96     0.999997       349675    349525.33
        9.15     0.999997       349676    374491.43
        9.15     1.000000       349676          inf
#[Mean    =        0.686, StdDeviation   =        0.151]
#[Max     =        9.151, Total count    =       349676]
#[Buckets =           20, SubBuckets     =          256]
