       Value   Percentile   TotalCount 1/(1-Percentile)

        0.15     0.000000            3         1.00
        0.32     0.050000        31172         1.05
        0.34     0.100000        62349         1.11
        0.36     0.150000        76394         1.18
        0.40     0.200000       106237         1.25
        0.41     0.250000       143861         1.33
        0.42     0.300000       163282         1.43
        0.43     0.350000       183107         1.54
        0.45     0.400000       214716         1.67
        0.46     0.450000       232302         1.82
        0.48     0.500000       263560         2.00
        0.49     0.525000       287647         2.11
        0.49     0.550000       287647         2.22
        0.49     0.575000       314445         2.35
        0.49     0.600000       314445         2.50
        0.50     0.625000       342543         2.67
        0.50     0.650000       342543         2.86
        0.50     0.675000       342543         3.08
        0.51     0.700000       370464         3.33
        0.51     0.725000       370464         3.64
        0.52     0.750000       395774         4.00
        0.52     0.762500       395774         4.21
        0.52     0.775000       395774         4.44
        0.53     0.787500       414221         4.71
        0.53     0.800000       414221         5.00
        0.53     0.812500       414221         5.33
        0.54     0.825000       424768         5.71
        0.54     0.837500       424768         6.15
        0.54     0.850000       429568         6.67
        0.64     0.862500       435343         7.27
        0.67     0.875000       447240         8.00
        0.67     0.881250       447240         8.42
        0.68     0.887500       456089         8.89
        0.68     0.893750       456089         9.41
        0.68     0.900000       456089        10.00
        0.69     0.906250       467183        10.67
        0.69     0.912500       467183        11.43
        0.69     0.918750       467183        12.31
        0.69     0.925000       467183        13.33
        0.69     0.931250       478620        14.55
        0.69     0.937500       478620        16.00
        0.69     0.940625       478620        16.84
        0.69     0.943750       478620        17.78
        0.69     0.946875       478620        18.82
        0.70     0.950000       488746        20.00
        0.70     0.953125       488746        21.33
        0.70     0.956250       488746        22.86
        0.70     0.959375       488746        24.62
        0.70     0.962500       488746        26.67
        0.70     0.965625       488746        29.09
        0.71     0.968750       495956        32.00
        0.71     0.970313       495956        33.68
        0.71     0.971875       495956        35.56
        0.71     0.973437       495956        37.65
        0.71     0.975000       495956        40.00
        0.71     0.976562       495956        42.67
        0.71     0.978125       495956        45.71
        0.71     0.979688       495956        49.23
        0.71     0.981250       495956        53.33
        0.71     0.982812       495956        58.18
        0.72     0.984375       500455        64.00
        0.72     0.985156       500455        67.37
        0.72     0.985938       500455        71.11
        0.72     0.986719       500455        75.29
        0.72     0.987500       500455        80.00
        0.72     0.988281       500455        85.33
        0.72     0.989062       500455        91.43
        0.72     0.989844       500455        98.46
        0.72     0.990625       500455       106.67
        0.72     0.991406       500455       116.36
        0.73     0.992188       502771       128.00
        0.73     0.992578       502771       134.74
        0.73     0.992969       502771       142.22
        0.73     0.993359       502771       150.59
        0.73     0.993750       502771       160.00
        0.73     0.994141       502771       170.67
        0.73     0.994531       502771       182.86
        0.73     0.994922       502771       196.92
        0.73     0.995313       502771       213.33
        0.73     0.995703       502771       232.73
        0.73     0.996094       502771       256.00
        0.73     0.996289       502771       269.47
        0.73     0.996484       502771       284.44
        0.73     0.996680       503807       301.18
        0.73     0.996875       503807       320.00
        0.73     0.997070       503807       341.33
        0.73     0.997266       503807       365.71
        0.73     0.997461       503807       393.85
        0.73     0.997656       503807       426.67
        0.73     0.997852       503807       465.45
        0.73     0.998047       503807       512.00
        0.73     0.998145       503807       538.95
        0.73     0.998242       503807       568.89
        0.73     0.998340       503807       602.35
        0.73     0.998437       503807       640.00
        0.73     0.998535       503807       682.67
        0.74     0.998633       504212       731.43
        0.74     0.998730       504212       787.69
        0.74     0.998828       504212       853.33
        0.74     0.998926       504212       930.91
        0.74     0.999023       504212      1024.00
        0.74     0.999072       504212      1077.89
        0.74     0.999121       504212      1137.78
        0.74     0.999170       504212      1204.71
        0.74     0.999219       504212      1280.00
        0.74     0.999268       504212      1365.33
        0.74     0.999316       504212      1462.86
        0.74     0.999365       504212      1575.38
        0.75     0.999414       504362      1706.67
        0.75     0.999463       504362      1861.82
        0.75     0.999512       504362      2048.00
        0.75     0.999536       504362      2155.79
        0.75     0.999561       504362      2275.56
        0.75     0.999585       504362      2409.41
        0.75     0.999609       504362      2560.00
        0.75     0.999634       504362      2730.67
        0.75     0.999658       504362      2925.71
        0.75     0.999683       504362      3150.77
        0.76     0.999707       504406      3413.33
        0.76     0.999731       504406      3723.64
        0.76     0.999756       504406      4096.00
        0.76     0.999768       504406      4311.58
        0.77     0.999780       504431      4551.11
        0.77     0.999792       504431      4818.82
        0.77     0.999805       504431      5120.00
        0.77     0.999817       504431      5461.33
        0.78     0.999829       504448      5851.43
        0.78     0.999841       504448      6301.54
        0.78     0.999854       504448      6826.67
        0.78     0.999866       504460      7447.27
        0.78     0.999878       504460      8192.00
        0.79     0.999884       504468      8623.16
        0.79     0.999890       504468      9102.22
        0.80     0.999896       504476      9637.65
        0.80     0.999902       504476     10240.00
        0.80     0.999908       504476     10922.67
        0.81     0.999915       504485     11702.86
        0.81     0.999921       504485     12603.08
        0.81     0.999927       504485     13653.33
        0.81     0.999933       504493     14894.55
        0.81     0.999939       504493     16384.00
        0.81     0.999942       504493     17246.32
        0.82     0.999945       504498     18204.44
        0.82     0.999948       504498     19275.29
        0.82     0.999951       504498     20480.00
        0.82     0.999954       504498     21845.33
        0.83     0.999957       504502     23405.71
        0.83     0.999960       504502     25206.15
        0.84     0.999963       504504     27306.67
        0.85     0.999966       504509     29789.09
        0.85     0.999969       504509     32768.00
        0.85     0.999971       504509     34492.63
        0.85     0.999973       504509     36408.89
        0.85     0.999974       504509     38550.59
        0.85     0.999976       504509     40960.00
        0.85     0.999977       504514     43690.67
        0.85     0.999979       504514     46811.43
        0.85     0.999980       504514     50412.31
        0.85     0.999982       504514     54613.33
        0.85     0.999983       504514     59578.18
        0.85     0.999985       504514     65536.00
        0.85     0.999986       504514     68985.26
        0.88     0.999986       504516     72817.78
        0.88     0.999987       504516     77101.18
        0.88     0.999988       504516     81920.00
        0.88     0.999989       504516     87381.33
        0.88     0.999989       504516     93622.86
        0.88     0.999990       504516    100824.62
        0.97     0.999991       504517    109226.67
        0.97     0.999992       504517    119156.36
        0.99     0.999992       504518    131072.00
        0.99     0.999993       504518    137970.53
        0.99     0.999993       504518    145635.56
        0.99     0.999994       504518    154202.35
        0.99     0.999994       504518    163840.00
        1.06     0.999994       504519    174762.67
        1.06     0.999995       504519    187245.71
        1.06     0.999995       504519    201649.23
        1.06     0.999995       504519    218453.33
        1.06     0.999996       504519    238312.73
        1.09     0.999996       504520    262144.00
        1.09     0.999996       504520    275941.05
        1.09     0.999997       504520    291271.11
        1.09     0.999997       504520    308404.71
        1.09     0.999997       504520    327680.00
        1.09     0.999997       504520    349525.33
        1.09     0.999997       504520    374491.43
        1.09     0.999998       504520    403298.46
        1.09     0.999998       504520    436906.67
        1.09     0.999998       504520    476625.45
        1.12     0.999998       504521    524288.00
        1.12     1.000000       504521          inf
#[Mean    =        0.475, StdDeviation   =        0.108]
#[Max     =        1.119, Total count    =       504521]
#[Buckets =           20, SubBuckets     =          256]
