       Value   Percentile   TotalCount 1/(1-Percentile)

        0.20     0.000000            1         1.00
        0.63     0.050000        16394         1.05
        0.66     0.100000        33546         1.11
        0.69     0.150000        56022         1.18
        0.69     0.200000        65605         1.25
        0.71     0.250000        88317         1.33
        0.72     0.300000       100873         1.43
        0.73     0.350000       114384         1.54
        0.73     0.400000       128489         1.67
        0.74     0.450000       143232         1.82
        0.76     0.500000       172736         2.00
        0.76     0.525000       172736         2.11
        0.77     0.550000       186987         2.22
        0.77     0.575000       186987         2.35
        0.78     0.600000       200854         2.50
        0.78     0.625000       200854         2.67
        0.78     0.650000       213907         2.86
        0.79     0.675000       226039         3.08
        0.79     0.700000       226039         3.33
        0.80     0.725000       237435         3.64
        0.81     0.750000       247987         4.00
        0.81     0.762500       247987         4.21
        0.81     0.775000       247987         4.44
        0.81     0.787500       257366         4.71
        0.81     0.800000       257366         5.00
        0.82     0.812500       265598         5.33
        0.82     0.825000       265598         5.71
        0.83     0.837500       273079         6.15
        0.83     0.850000       273079         6.67
        0.84     0.862500       279562         7.27
        0.84     0.875000       279562         8.00
        0.85     0.881250       285334         8.42
        0.85     0.887500       285334         8.89
        0.85     0.893750       285334         9.41
        0.85     0.900000       290335        10.00
        0.85     0.906250       290335        10.67
        0.85     0.912500       290335        11.43
        0.86     0.918750       294692        12.31
        0.86     0.925000       294692        13.33
        0.87     0.931250       298417        14.55
        0.87     0.937500       298417        16.00
        0.88     0.940625       301641        16.84
        0.88     0.943750       301641        17.78
        0.88     0.946875       301641        18.82
        0.89     0.950000       304287        20.00
        0.89     0.953125       304287        21.33
        0.89     0.956250       304287        22.86
        0.90     0.959375       306493        24.62
        0.90     0.962500       306493        26.67
        0.90     0.965625       308382        29.09
        0.90     0.968750       308382        32.00
        0.91     0.970313       309965        33.68
        0.91     0.971875       309965        35.56
        0.91     0.973437       309965        37.65
        0.92     0.975000       311301        40.00
        0.92     0.976562       311301        42.67
        0.92     0.978125       311301        45.71
        0.93     0.979688       312423        49.23
        0.93     0.981250       312423        53.33
        0.94     0.982812       313389        58.18
        0.94     0.984375       313389        64.00
        0.94     0.985156       313389        67.37
        0.94     0.985938       314213        71.11
        0.94     0.986719       314213        75.29
        0.94     0.987500       314213        80.00
        0.95     0.988281       314873        85.33
        0.95     0.989062       314873        91.43
        0.95     0.989844       314873        98.46
        0.96     0.990625       315467       106.67
        0.96     0.991406       315467       116.36
        0.97     0.992188       315922       128.00
        0.97     0.992578       315922       134.74
        0.97     0.992969       315922       142.22
        0.97     0.993359       316269       150.59
        0.97     0.993750       316269       160.00
        0.97     0.994141       316269       170.67
        0.98     0.994531       316603       182.86
        0.98     0.994922       316603       196.92
        0.99     0.995313       316866       213.33
        0.99     0.995703       316866       232.73
        0.99     0.996094       316866       256.00
        1.00     0.996289       317063       269.47
        1.00     0.996484       317063       284.44
        1.00     0.996680       317063       301.18
        1.01     0.996875       317204       320.00
        1.01     0.997070       317204       341.33
        1.01     0.997266       317328       365.71
        1.01     0.997461       317328       393.85
        1.02     0.997656       317424       426.67
        1.02     0.997852       317424       465.45
        1.03     0.998047       317511       512.00
        1.03     0.998145       317511       538.95
        1.04     0.998242       317593       568.89
        1.04     0.998340       317593       602.35
        1.05     0.998437       317661       640.00
        1.05     0.998535       317661       682.67
        1.05     0.998633       317661       731.43
        1.05     0.998730       317704       787.69
        1.06     0.998828       317735       853.33
        1.07     0.998926       317762       930.91
        1.09     0.999023       317805      1024.00
        1.09     0.999072       317805      1077.89
        1.09     0.999121       317817      1137.78
        1.10     0.999170       317832      1204.71
        1.11     0.999219       317847      1280.00
        1.13     0.999268       317868      1365.33
        1.14     0.999316       317885      1462.86
        1.16     0.999365       317902      1575.38
        1.18     0.999414       317915      1706.67
        1.18     0.999463       317927      1861.82
        1.20     0.999512       317952      2048.00
        1.20     0.999536       317952      2155.79
        1.21     0.999561       317959      2275.56
        1.22     0.999585       317966      2409.41
        1.22     0.999609       317972      2560.00
        1.23     0.999634       317982      2730.67
        1.24     0.999658       317994      2925.71
        1.25     0.999683       318003      3150.77
        1.25     0.999707       318003      3413.33
        1.26     0.999731       318015      3723.64
        1.27     0.999756       318019      4096.00
        1.28     0.999768       318024      4311.58
        1.29     0.999780       318027      4551.11
        1.29     0.999792       318029      4818.82
        1.30     0.999805       318036      5120.00
        1.31     0.999817       318037      5461.33
        1.32     0.999829       318041      5851.43
        1.34     0.999841       318046      6301.54
        1.35     0.999854       318049      6826.67
        1.39     0.999866       318053      7447.27
        1.41     0.999878       318058      8192.00
        1.42     0.999884       318059      8623.16
        1.44     0.999890       318061      9102.22
        1.46     0.999896       318062      9637.65
        1.48     0.999902       318065     10240.00
        1.52     0.999908       318066     10922.67
        1.94     0.999915       318068     11702.86
        2.17     0.999921       318070     12603.08
        2.46     0.999927       318072     13653.33
        3.20     0.999933       318075     14894.55
        3.36     0.999939       318076     16384.00
        3.82     0.999942       318077     17246.32
        3.85     0.999945       318078     18204.44
        3.98     0.999948       318079     19275.29
        4.00     0.999951       318080     20480.00
        4.05     0.999954       318081     21845.33
        4.08     0.999957       318082     23405.71
        4.22     0.999960       318083     25206.15
        4.29     0.999963       318084     27306.67
        4.51     0.999966       318085     29789.09
        4.86     0.999969       318086     32768.00
        4.86     0.999971       318086     34492.63
        4.89     0.999973       318088     36408.89
        4.89     0.999974       318088     38550.59
        4.89     0.999976       318088     40960.00
        4.89     0.999977       318088     43690.67
        5.12     0.999979       318089     46811.43
        5.12     0.999980       318089     50412.31
        5.25     0.999982       318090     54613.33
        5.25     0.999983       318090     59578.18
        5.41     0.999985       318092     65536.00
        5.41     0.999986       318092     68985.26
        5.41     0.999986       318092     72817.78
        5.41     0.999987       318092     77101.18
        5.41     0.999988       318092     81920.00
        5.41     0.999989       318092     87381.33
        5.41     0.999989       318092     93622.86
        5.41     0.999990       318092    100824.62
        5.47     0.999991       318093    109226.67
        5.47     0.999992       318093    119156.36
        5.47     0.999992       318093    131072.00
        5.47     0.999993       318093    137970.53
        5.47     0.999993       318093    145635.56
        5.47     0.999994       318093    154202.35
        5.57     0.999994       318094    163840.00
        5.57     0.999994       318094    174762.67
        5.57     0.999995       318094    187245.71
        5.57     0.999995       318094    201649.23
        5.57     0.999995       318094    218453.33
        5.57     0.999996       318094    238312.73
        5.57     0.999996       318094    262144.00
        5.57     0.999996       318094    275941.05
        5.57     0.999997       318094    291271.11
        5.57     0.999997       318094    308404.71
        5.63     0.999997       318095    327680.00
        5.63     1.000000       318095          inf
#[Mean    =        0.753, StdDeviation   =        0.087]
#[Max     =        5.631, Total count    =       318095]
#[Buckets =           20, SubBuckets     =          256]
