       Value   Percentile   TotalCount 1/(1-Percentile)

        0.20     0.000000            1         1.00
        0.61     0.050000        17191         1.05
        0.64     0.100000        33613         1.11
        0.66     0.150000        51067         1.18
        0.67     0.200000        74798         1.25
        0.68     0.250000        88892         1.33
        0.69     0.300000       104373         1.43
        0.69     0.350000       121114         1.54
        0.70     0.400000       138983         1.67
        0.71     0.450000       157543         1.82
        0.72     0.500000       176041         2.00
        0.72     0.525000       176041         2.11
        0.73     0.550000       194502         2.22
        0.73     0.575000       194502         2.35
        0.73     0.600000       212082         2.50
        0.73     0.625000       212082         2.67
        0.74     0.650000       228668         2.86
        0.74     0.675000       228668         3.08
        0.75     0.700000       243678         3.33
        0.75     0.725000       243678         3.64
        0.76     0.750000       257493         4.00
        0.76     0.762500       257493         4.21
        0.77     0.775000       269517         4.44
        0.77     0.787500       269517         4.71
        0.77     0.800000       269517         5.00
        0.78     0.812500       280003         5.33
        0.78     0.825000       280003         5.71
        0.78     0.837500       280003         6.15
        0.78     0.850000       289069         6.67
        0.78     0.862500       289069         7.27
        0.79     0.875000       296536         8.00
        0.79     0.881250       296536         8.42
        0.79     0.887500       296536         8.89
        0.80     0.893750       302972         9.41
        0.80     0.900000       302972        10.00
        0.80     0.906250       302972        10.67
        0.81     0.912500       308298        11.43
        0.81     0.918750       308298        12.31
        0.81     0.925000       312563        13.33
        0.81     0.931250       312563        14.55
        0.82     0.937500       316170        16.00
        0.82     0.940625       316170        16.84
        0.82     0.943750       316170        17.78
        0.83     0.946875       319195        18.82
        0.83     0.950000       319195        20.00
        0.83     0.953125       319195        21.33
        0.84     0.956250       321702        22.86
        0.84     0.959375       321702        24.62
        0.84     0.962500       321702        26.67
        0.85     0.965625       323672        29.09
        0.85     0.968750       323672        32.00
        0.85     0.970313       325410        33.68
        0.85     0.971875       325410        35.56
        0.85     0.973437       325410        37.65
        0.86     0.975000       326821        40.00
        0.86     0.976562       326821        42.67
        0.86     0.978125       326821        45.71
        0.87     0.979688       328054        49.23
        0.87     0.981250       328054        53.33
        0.88     0.982812       329073        58.18
        0.88     0.984375       329073        64.00
        0.89     0.985156       329935        67.37
        0.89     0.985938       329935        71.11
        0.89     0.986719       329935        75.29
        0.89     0.987500       329935        80.00
        0.90     0.988281       330651        85.33
        0.90     0.989062       330651        91.43
        0.90     0.989844       331246        98.46
        0.90     0.990625       331246       106.67
        0.90     0.991406       331246       116.36
        0.91     0.992188       331779       128.00
        0.91     0.992578       331779       134.74
        0.91     0.992969       331779       142.22
        0.92     0.993359       332189       150.59
        0.92     0.993750       332189       160.00
        0.92     0.994141       332189       170.67
        0.93     0.994531       332549       182.86
        0.93     0.994922       332549       196.92
        0.93     0.995313       332549       213.33
        0.94     0.995703       332834       232.73
        0.94     0.996094       332834       256.00
        0.94     0.996289       332834       269.47
        0.94     0.996484       333061       284.44
        0.94     0.996680       333061       301.18
        0.94     0.996875       333061       320.00
        0.95     0.997070       333245       341.33
        0.95     0.997266       333245       365.71
        0.95     0.997461       333245       393.85
        0.96     0.997656       333375       426.67
        0.96     0.997852       333375       465.45
        0.97     0.998047       333489       512.00
        0.97     0.998145       333489       538.95
        0.97     0.998242       333489       568.89
        0.97     0.998340       333579       602.35
        0.97     0.998437       333579       640.00
        0.97     0.998535       333579       682.67
        0.98     0.998633       333632       731.43
        0.98     0.998730       333632       787.69
        0.99     0.998828       333688       853.33
        1.00     0.998926       333720       930.91
        1.01     0.999023       333757      1024.00
        1.01     0.999072       333757      1077.89
        1.01     0.999121       333786      1137.78
        1.01     0.999170       333786      1204.71
        1.02     0.999219       333804      1280.00
        1.03     0.999268       333813      1365.33
        1.05     0.999316       333833      1462.86
        1.05     0.999365       333843      1575.38
        1.07     0.999414       333860      1706.67
        1.09     0.999463       333878      1861.82
        1.10     0.999512       333896      2048.00
        1.11     0.999536       333903      2155.79
        1.12     0.999561       333912      2275.56
        1.13     0.999585       333917      2409.41
        1.14     0.999609       333926      2560.00
        1.15     0.999634       333937      2730.67
        1.16     0.999658       333947      2925.71
        1.17     0.999683       333955      3150.77
        1.18     0.999707       333959      3413.33
        1.18     0.999731       333966      3723.64
        1.20     0.999756       333974      4096.00
        1.21     0.999768       333978      4311.58
        1.22     0.999780       333982      4551.11
        1.22     0.999792       333989      4818.82
        1.22     0.999805       333989      5120.00
        1.23     0.999817       333994      5461.33
        1.25     0.999829       333998      5851.43
        1.26     0.999841       334004      6301.54
        1.27     0.999854       334008      6826.67
        1.28     0.999866       334010      7447.27
        1.29     0.999878       334015      8192.00
        1.30     0.999884       334016      8623.16
        1.31     0.999890       334018      9102.22
        1.33     0.999896       334020      9637.65
        1.34     0.999902       334022     10240.00
        1.37     0.999908       334026     10922.67
        1.37     0.999915       334026     11702.86
        1.39     0.999921       334028     12603.08
        1.42     0.999927       334031     13653.33
        1.47     0.999933       334032     14894.55
        1.49     0.999939       334034     16384.00
        2.16     0.999942       334035     17246.32
        2.54     0.999945       334037     18204.44
        2.54     0.999948       334037     19275.29
        2.61     0.999951       334038     20480.00
        2.85     0.999954       334039     21845.33
        2.96     0.999957       334040     23405.71
        2.99     0.999960       334041     25206.15
        3.39     0.999963       334043     27306.67
        3.39     0.999966       334043     29789.09
        3.44     0.999969       334044     32768.00
        3.58     0.999971       334045     34492.63
        3.58     0.999973       334045     36408.89
        3.60     0.999974       334046     38550.59
        3.60     0.999976       334046     40960.00
        4.03     0.999977       334047     43690.67
        4.03     0.999979       334047     46811.43
        4.08     0.999980       334048     50412.31
        4.08     0.999982       334048     54613.33
        4.16     0.999983       334049     59578.18
        4.16     0.999985       334049     65536.00
        4.35     0.999986       334050     68985.26
        4.35     0.999986       334050     72817.78
        4.35     0.999987       334050     77101.18
        4.35     0.999988       334050     81920.00
        4.58     0.999989       334051     87381.33
        4.58     0.999989       334051     93622.86
        4.58     0.999990       334051    100824.62
        4.58     0.999991       334051    109226.67
        4.67     0.999992       334052    119156.36
        4.67     0.999992       334052    131072.00
        4.67     0.999993       334052    137970.53
        4.67     0.999993       334052    145635.56
        4.67     0.999994       334052    154202.35
        4.67     0.999994       334052    163840.00
        4.70     0.999994       334054    174762.67
        4.70     1.000000       334054          inf
#[Mean    =        0.717, StdDeviation   =        0.072]
#[Max     =        4.703, Total count    =       334054]
#[Buckets =           20, SubBuckets     =          256]
