       Value   Percentile   TotalCount 1/(1-Percentile)

        0.15     0.000000            4         1.00
        0.29     0.050000        28829         1.05
        0.31     0.100000        56936         1.11
        0.33     0.150000        85007         1.18
        0.38     0.200000       114695         1.25
        0.39     0.250000       147788         1.33
        0.40     0.300000       168408         1.43
        0.41     0.350000       189132         1.54
        0.42     0.400000       227082         1.67
        0.44     0.450000       249060         1.82
        0.46     0.500000       276547         2.00
        0.46     0.525000       298515         2.11
        0.46     0.550000       298515         2.22
        0.47     0.575000       324386         2.35
        0.47     0.600000       324386         2.50
        0.48     0.625000       352551         2.67
        0.48     0.650000       352551         2.86
        0.49     0.675000       381497         3.08
        0.49     0.700000       381497         3.33
        0.49     0.725000       408848         3.64
        0.49     0.750000       408848         4.00
        0.49     0.762500       408848         4.21
        0.50     0.775000       430034         4.44
        0.50     0.787500       430034         4.71
        0.50     0.800000       430034         5.00
        0.51     0.812500       443362         5.33
        0.51     0.825000       443362         5.71
        0.52     0.837500       450615         6.15
        0.53     0.850000       454337         6.67
        0.56     0.862500       459569         7.27
        0.64     0.875000       470302         8.00
        0.64     0.881250       470302         8.42
        0.65     0.887500       477777         8.89
        0.65     0.893750       477777         9.41
        0.66     0.900000       487788        10.00
        0.66     0.906250       487788        10.67
        0.66     0.912500       487788        11.43
        0.66     0.918750       499130        12.31
        0.66     0.925000       499130        13.33
        0.66     0.931250       499130        14.55
        0.67     0.937500       509599        16.00
        0.67     0.940625       509599        16.84
        0.67     0.943750       509599        17.78
        0.67     0.946875       509599        18.82
        0.67     0.950000       509599        20.00
        0.67     0.953125       509599        21.33
        0.67     0.956250       509599        22.86
        0.68     0.959375       517811        24.62
        0.68     0.962500       517811        26.67
        0.68     0.965625       517811        29.09
        0.68     0.968750       517811        32.00
        0.68     0.970313       517811        33.68
        0.68     0.971875       517811        35.56
        0.69     0.973437       523398        37.65
        0.69     0.975000       523398        40.00
        0.69     0.976562       523398        42.67
        0.69     0.978125       523398        45.71
        0.69     0.979688       523398        49.23
        0.69     0.981250       523398        53.33
        0.69     0.982812       523398        58.18
        0.69     0.984375       526609        64.00
        0.69     0.985156       526609        67.37
        0.69     0.985938       526609        71.11
        0.69     0.986719       526609        75.29
        0.69     0.987500       526609        80.00
        0.69     0.988281       526609        85.33
        0.70     0.989062       528488        91.43
        0.70     0.989844       528488        98.46
        0.70     0.990625       528488       106.67
        0.70     0.991406       528488       116.36
        0.70     0.992188       528488       128.00
        0.71     0.992578       529515       134.74
        0.71     0.992969       529515       142.22
        0.71     0.993359       529515       150.59
        0.71     0.993750       529515       160.00
        0.71     0.994141       529515       170.67
        0.72     0.994531       530165       182.86
        0.72     0.994922       530165       196.92
        0.72     0.995313       530165       213.33
        0.72     0.995703       530165       232.73
        0.73     0.996094       530595       256.00
        0.73     0.996289       530595       269.47
        0.73     0.996484       530595       284.44
        0.73     0.996680       530921       301.18
        0.73     0.996875       530921       320.00
        0.73     0.997070       530921       341.33
        0.74     0.997266       531161       365.71
        0.74     0.997461       531161       393.85
        0.75     0.997656       531387       426.67
        0.75     0.997852       531387       465.45
        0.76     0.998047       531578       512.00
        0.76     0.998145       531578       538.95
        0.76     0.998242       531578       568.89
        0.76     0.998340       531578       602.35
        0.77     0.998437       531760       640.00
        0.77     0.998535       531760       682.67
        0.77     0.998633       531760       731.43
        0.78     0.998730       531900       787.69
        0.78     0.998828       531900       853.33
        0.78     0.998926       531900       930.91
        0.78     0.999023       532014      1024.00
        0.78     0.999072       532014      1077.89
        0.78     0.999121       532014      1137.78
        0.78     0.999170       532014      1204.71
        0.79     0.999219       532107      1280.00
        0.79     0.999268       532107      1365.33
        0.79     0.999316       532107      1462.86
        0.79     0.999365       532107      1575.38
        0.80     0.999414       532177      1706.67
        0.80     0.999463       532177      1861.82
        0.81     0.999512       532229      2048.00
        0.81     0.999536       532229      2155.79
        0.81     0.999561       532229      2275.56
        0.81     0.999585       532229      2409.41
        0.81     0.999609       532266      2560.00
        0.81     0.999634       532266      2730.67
        0.81     0.999658       532266      2925.71
        0.82     0.999683       532292      3150.77
        0.82     0.999707       532292      3413.33
        0.83     0.999731       532308      3723.64
        0.84     0.999756       532318      4096.00
        0.85     0.999768       532323      4311.58
        0.86     0.999780       532327      4551.11
        0.89     0.999792       532332      4818.82
        0.93     0.999805       532341      5120.00
        0.94     0.999817       532345      5461.33
        1.00     0.999829       532354      5851.43
        1.05     0.999841       532358      6301.54
        1.13     0.999854       532365      6826.67
        1.24     0.999866       532371      7447.27
        1.41     0.999878       532378      8192.00
        1.53     0.999884       532381      8623.16
        1.63     0.999890       532385      9102.22
        1.98     0.999896       532387      9637.65
        2.33     0.999902       532392     10240.00
        2.38     0.999908       532394     10922.67
        2.43     0.999915       532397     11702.86
        2.50     0.999921       532400     12603.08
        2.56     0.999927       532404     13653.33
        2.70     0.999933       532408     14894.55
        2.75     0.999939       532411     16384.00
        2.77     0.999942       532412     17246.32
        2.78     0.999945       532414     18204.44
        2.80     0.999948       532415     19275.29
        2.86     0.999951       532417     20480.00
        2.88     0.999954       532418     21845.33
        2.99     0.999957       532420     23405.71
        3.06     0.999960       532422     25206.15
        3.13     0.999963       532423     27306.67
        3.34     0.999966       532425     29789.09
        3.44     0.999969       532426     32768.00
        3.46     0.999971       532427     34492.63
        3.50     0.999973       532428     36408.89
        3.54     0.999974       532429     38550.59
        3.65     0.999976       532430     40960.00
        3.65     0.999977       532430     43690.67
        3.69     0.999979       532431     46811.43
        3.71     0.999980       532433     50412.31
        3.71     0.999982       532433     54613.33
        3.76     0.999983       532435     59578.18
        3.76     0.999985       532435     65536.00
        3.76     0.999986       532435     68985.26
        3.76     0.999986       532435     72817.78
        3.77     0.999987       532436     77101.18
        3.77     0.999988       532436     81920.00
        3.77     0.999989       532436     87381.33
        3.79     0.999989       532438     93622.86
        3.79     0.999990       532438    100824.62
        3.79     0.999991       532438    109226.67
        3.79     0.999992       532438    119156.36
        3.79     0.999992       532438    131072.00
        3.84     0.999993       532439    137970.53
        3.84     0.999993       532439    145635.56
        3.84     0.999994       532439    154202.35
        3.84     0.999994       532439    163840.00
        3.84     0.999994       532439    174762.67
        3.89     0.999995       532440    187245.71
        3.89     0.999995       532440    201649.23
        3.89     0.999995       532440    218453.33
        3.89     0.999996       532440    238312.73
        3.89     0.999996       532440    262144.00
        3.90     0.999996       532441    275941.05
        3.90     0.999997       532441    291271.11
        3.90     0.999997       532441    308404.71
        3.90     0.999997       532441    327680.00
        3.90     0.999997       532441    349525.33
        3.90     0.999997       532441    374491.43
        3.90     0.999998       532441    403298.46
        3.90     0.999998       532441    436906.67
        3.90     0.999998       532441    476625.45
        3.90     0.999998       532441    524288.00
        4.05     0.999998       532442    551882.11
        4.05     1.000000       532442          inf
#[Mean    =        0.451, StdDeviation   =        0.113]
#[Max     =        4.047, Total count    =       532442]
#[Buckets =           20, SubBuckets     =          256]
