       Value   Percentile   TotalCount 1/(1-Percentile)

        0.25     0.000000            2         1.00
        0.41     0.050000        24680         1.05
        0.44     0.100000        40534         1.11
        0.48     0.150000        59422         1.18
        0.51     0.200000        82568         1.25
        0.53     0.250000       104629         1.33
        0.54     0.300000       129854         1.43
        0.55     0.350000       141452         1.54
        0.57     0.400000       160248         1.67
        0.59     0.450000       181667         1.82
        0.61     0.500000       199088         2.00
        0.61     0.525000       209727         2.11
        0.62     0.550000       221573         2.22
        0.63     0.575000       234265         2.35
        0.64     0.600000       247344         2.50
        0.64     0.625000       247344         2.67
        0.65     0.650000       260387         2.86
        0.66     0.675000       273117         3.08
        0.66     0.700000       284981         3.33
        0.66     0.725000       284981         3.64
        0.67     0.750000       295529         4.00
        0.68     0.762500       304551         4.21
        0.68     0.775000       304551         4.44
        0.69     0.787500       311965         4.71
        0.69     0.800000       317951         5.00
        0.70     0.812500       322512         5.33
        0.71     0.825000       325864         5.71
        0.72     0.837500       328514         6.15
        0.74     0.850000       332958         6.67
        0.79     0.862500       338226         7.27
        0.81     0.875000       343127         8.00
        0.82     0.881250       345728         8.42
        0.83     0.887500       348840         8.89
        0.84     0.893750       352537         9.41
        0.84     0.900000       352537        10.00
        0.85     0.906250       356549        10.67
        0.85     0.912500       360856        11.43
        0.85     0.918750       360856        12.31
        0.86     0.925000       365389        13.33
        0.86     0.931250       365389        14.55
        0.87     0.937500       369841        16.00
        0.87     0.940625       369841        16.84
        0.87     0.943750       369841        17.78
        0.88     0.946875       374048        18.82
        0.88     0.950000       374048        20.00
        0.88     0.953125       374048        21.33
        0.89     0.956250       377857        22.86
        0.89     0.959375       377857        24.62
        0.89     0.962500       377857        26.67
        0.90     0.965625       381074        29.09
        0.90     0.968750       381074        32.00
        0.90     0.970313       381074        33.68
        0.90     0.971875       381074        35.56
        0.90     0.973437       383637        37.65
        0.90     0.975000       383637        40.00
        0.90     0.976562       383637        42.67
        0.90     0.978125       383637        45.71
        0.91     0.979688       385594        49.23
        0.91     0.981250       385594        53.33
        0.91     0.982812       385594        58.18
        0.91     0.984375       385594        64.00
        0.92     0.985156       387134        67.37
        0.92     0.985938       387134        71.11
        0.92     0.986719       387134        75.29
        0.92     0.987500       387134        80.00
        0.92     0.988281       387134        85.33
        0.93     0.989062       388215        91.43
        0.93     0.989844       388215        98.46
        0.93     0.990625       388215       106.67
        0.94     0.991406       388991       116.36
        0.94     0.992188       388991       128.00
        0.94     0.992578       388991       134.74
        0.94     0.992969       388991       142.22
        0.94     0.993359       389555       150.59
        0.94     0.993750       389555       160.00
        0.94     0.994141       389555       170.67
        0.94     0.994531       389555       182.86
        0.95     0.994922       389983       196.92
        0.95     0.995313       389983       213.33
        0.95     0.995703       389983       232.73
        0.96     0.996094       390267       256.00
        0.96     0.996289       390267       269.47
        0.96     0.996484       390267       284.44
        0.97     0.996680       390495       301.18
        0.97     0.996875       390495       320.00
        0.97     0.997070       390495       341.33
        0.97     0.997266       390665       365.71
        0.97     0.997461       390665       393.85
        0.98     0.997656       390788       426.67
        0.98     0.997852       390788       465.45
        0.99     0.998047       390892       512.00
        1.00     0.998145       390987       538.95
        1.00     0.998242       390987       568.89
        1.00     0.998340       390987       602.35
        1.01     0.998437       391053       640.00
        1.01     0.998535       391053       682.67
        1.01     0.998633       391118       731.43
        1.02     0.998730       391181       787.69
        1.02     0.998828       391181       853.33
        1.03     0.998926       391239       930.91
        1.03     0.999023       391239      1024.00
        1.04     0.999072       391287      1077.89
        1.04     0.999121       391287      1137.78
        1.05     0.999170       391319      1204.71
        1.05     0.999219       391319      1280.00
        1.05     0.999268       391353      1365.33
        1.06     0.999316       391378      1462.86
        1.06     0.999365       391378      1575.38
        1.07     0.999414       391405      1706.67
        1.08     0.999463       391421      1861.82
        1.09     0.999512       391437      2048.00
        1.09     0.999536       391451      2155.79
        1.09     0.999561       391451      2275.56
        1.10     0.999585       391461      2409.41
        1.12     0.999609       391469      2560.00
        1.14     0.999634       391479      2730.67
        1.17     0.999658       391488      2925.71
        1.19     0.999683       391497      3150.77
        1.22     0.999707       391508      3413.33
        1.24     0.999731       391518      3723.64
        1.25     0.999756       391526      4096.00
        1.29     0.999768       391532      4311.58
        1.32     0.999780       391535      4551.11
        1.35     0.999792       391542      4818.82
        1.37     0.999805       391545      5120.00
        1.45     0.999817       391551      5461.33
        1.49     0.999829       391555      5851.43
        1.53     0.999841       391561      6301.54
        1.68     0.999854       391564      6826.67
        2.37     0.999866       391569      7447.27
        3.04     0.999878       391574      8192.00
        3.26     0.999884       391576      8623.16
        3.50     0.999890       391578      9102.22
        3.58     0.999896       391582      9637.65
        3.60     0.999902       391583     10240.00
        3.63     0.999908       391586     10922.67
        3.68     0.999915       391588     11702.86
        3.71     0.999921       391590     12603.08
        3.73     0.999927       391593     13653.33
        3.79     0.999933       391595     14894.55
        3.87     0.999939       391598     16384.00
        3.90     0.999942       391599     17246.32
        3.94     0.999945       391600     18204.44
        3.97     0.999948       391601     19275.29
        4.00     0.999951       391602     20480.00
        4.06     0.999954       391604     21845.33
        4.09     0.999957       391605     23405.71
        4.13     0.999960       391606     25206.15
        4.29     0.999963       391607     27306.67
        4.35     0.999966       391608     29789.09
        5.86     0.999969       391610     32768.00
        5.86     0.999971       391610     34492.63
        5.95     0.999973       391612     36408.89
        5.95     0.999974       391612     38550.59
        5.95     0.999976       391612     40960.00
        5.98     0.999977       391613     43690.67
        5.98     0.999979       391613     46811.43
        6.01     0.999980       391614     50412.31
        6.01     0.999982       391614     54613.33
        6.11     0.999983       391618     59578.18
        6.11     0.999985       391618     65536.00
        6.11     0.999986       391618     68985.26
        6.11     0.999986       391618     72817.78
        6.11     0.999987       391618     77101.18
        6.11     0.999988       391618     81920.00
        6.11     0.999989       391618     87381.33
        6.11     0.999989       391618     93622.86
        6.11     0.999990       391618    100824.62
        6.11     0.999991       391618    109226.67
        6.11     0.999992       391618    119156.36
        6.24     0.999992       391619    131072.00
        6.24     0.999993       391619    137970.53
        6.24     0.999993       391619    145635.56
        6.24     0.999994       391619    154202.35
        6.24     0.999994       391619    163840.00
        6.24     0.999994       391619    174762.67
        6.24     0.999995       391619    187245.71
        6.37     0.999995       391620    201649.23
        6.37     0.999995       391620    218453.33
        6.37     0.999996       391620    238312.73
        6.37     0.999996       391620    262144.00
        6.37     0.999996       391620    275941.05
        6.37     0.999997       391620    291271.11
        6.37     0.999997       391620    308404.71
        6.37     0.999997       391620    327680.00
        6.37     0.999997       391620    349525.33
        6.37     0.999997       391620    374491.43
        6.50     0.999998       391621    403298.46
        6.50     1.000000       391621          inf
#[Mean    =        0.612, StdDeviation   =        0.141]
#[Max     =        6.495, Total count    =       391621]
#[Buckets =           20, SubBuckets     =          256]
