       Value   Percentile   TotalCount 1/(1-Percentile)

        0.04     0.000000           78         1.00
        0.07     0.050000       222220         1.05
        0.07     0.100000       222220         1.11
        0.08     0.150000       309104         1.18
        0.09     0.200000       707299         1.25
        0.09     0.250000       707299         1.33
        0.09     0.300000       707299         1.43
        0.09     0.350000       707299         1.54
        0.10     0.400000      1059712         1.67
        0.10     0.450000      1059712         1.82
        0.10     0.500000      1059712         2.00
        0.10     0.525000      1059712         2.11
        0.10     0.550000      1059712         2.22
        0.10     0.575000      1059712         2.35
        0.10     0.600000      1203157         2.50
        0.10     0.625000      1203157         2.67
        0.10     0.650000      1203157         2.86
        0.11     0.675000      1353551         3.08
        0.11     0.700000      1353551         3.33
        0.11     0.725000      1353551         3.64
        0.11     0.750000      1353551         4.00
        0.12     0.762500      1484333         4.21
        0.12     0.775000      1484333         4.44
        0.12     0.787500      1484333         4.71
        0.12     0.800000      1484333         5.00
        0.12     0.812500      1484333         5.33
        0.12     0.825000      1484333         5.71
        0.13     0.837500      1566338         6.15
        0.13     0.850000      1566338         6.67
        0.13     0.862500      1566338         7.27
        0.13     0.875000      1566338         8.00
        0.14     0.881250      1635493         8.42
        0.14     0.887500      1635493         8.89
        0.14     0.893750      1635493         9.41
        0.14     0.900000      1635493        10.00
        0.14     0.906250      1635493        10.67
        0.14     0.912500      1635493        11.43
        0.14     0.918750      1682354        12.31
        0.14     0.925000      1682354        13.33
        0.14     0.931250      1682354        14.55
        0.14     0.937500      1682354        16.00
        0.14     0.940625      1682354        16.84
        0.15     0.943750      1710164        17.78
        0.15     0.946875      1710164        18.82
        0.15     0.950000      1710164        20.00
        0.15     0.953125      1710164        21.33
        0.15     0.956250      1710164        22.86
        0.16     0.959375      1728474        24.62
        0.16     0.962500      1728474        26.67
        0.16     0.965625      1728474        29.09
        0.17     0.968750      1739233        32.00
        0.17     0.970313      1739233        33.68
        0.17     0.971875      1739233        35.56
        0.17     0.973437      1745929        37.65
        0.17     0.975000      1745929        40.00
        0.17     0.976562      1745929        42.67
        0.18     0.978125      1751185        45.71
        0.18     0.979688      1751185        49.23
        0.19     0.981250      1754798        53.33
        0.20     0.982812      1757664        58.18
        0.21     0.984375      1759874        64.00
        0.21     0.985156      1761318        67.37
        0.22     0.985938      1762604        71.11
        0.23     0.986719      1763643        75.29
        0.25     0.987500      1765155        80.00
        0.27     0.988281      1766713        85.33
        0.37     0.989062      1767815        91.43
        1.00     0.989844      1769504        98.46
        1.01     0.990625      1770932       106.67
        1.03     0.991406      1773088       116.36
        1.04     0.992188      1774381       128.00
        1.04     0.992578      1774381       134.74
        1.05     0.992969      1775768       142.22
        1.05     0.993359      1775768       150.59
        1.05     0.993750      1777112       160.00
        1.05     0.994141      1777112       170.67
        1.06     0.994531      1778301       182.86
        1.06     0.994922      1778301       196.92
        1.07     0.995313      1779445       213.33
        1.08     0.995703      1780471       232.73
        1.08     0.996094      1780471       256.00
        1.09     0.996289      1781351       269.47
        1.09     0.996484      1781351       284.44
        1.09     0.996680      1782095       301.18
        1.09     0.996875      1782095       320.00
        1.10     0.997070      1782667       341.33
        1.10     0.997266      1782667       365.71
        1.11     0.997461      1783145       393.85
        1.12     0.997656      1783523       426.67
        1.12     0.997852      1783523       465.45
        1.14     0.998047      1784059       512.00
        1.14     0.998145      1784059       538.95
        1.14     0.998242      1784230       568.89
        1.16     0.998340      1784463       602.35
        1.18     0.998437      1784614       640.00
        1.21     0.998535      1784763       682.67
        1.36     0.998633      1784917       731.43
        2.27     0.998730      1785090       787.69
        3.68     0.998828      1785266       853.33
        3.89     0.998926      1785445       930.91
        3.97     0.999023      1785669      1024.00
        3.98     0.999072      1785723      1077.89
        4.00     0.999121      1785793      1137.78
        4.03     0.999170      1785936      1204.71
        4.05     0.999219      1786020      1280.00
        4.06     0.999268      1786108      1365.33
        4.08     0.999316      1786201      1462.86
        4.09     0.999365      1786297      1575.38
        4.13     0.999414      1786518      1706.67
        4.13     0.999463      1786518      1861.82
        4.13     0.999512      1786518      2048.00
        4.16     0.999536      1786690      2155.79
        4.16     0.999561      1786690      2275.56
        4.16     0.999585      1786690      2409.41
        4.16     0.999609      1786690      2560.00
        4.19     0.999634      1786837      2730.67
        4.19     0.999658      1786837      2925.71
        4.19     0.999683      1786837      3150.77
        4.19     0.999707      1786837      3413.33
        4.22     0.999731      1786948      3723.64
        4.22     0.999756      1786948      4096.00
        4.22     0.999768      1786948      4311.58
        4.25     0.999780      1787019      4551.11
        4.25     0.999792      1787019      4818.82
        4.25     0.999805      1787019      5120.00
        4.29     0.999817      1787049      5461.33
        4.32     0.999829      1787085      5851.43
        4.32     0.999841      1787085      6301.54
        4.35     0.999854      1787121      6826.67
        4.35     0.999866      1787121      7447.27
        4.42     0.999878      1787155      8192.00
        4.42     0.999884      1787155      8623.16
        4.45     0.999890      1787170      9102.22
        4.48     0.999896      1787177      9637.65
        4.51     0.999902      1787186     10240.00
        4.58     0.999908      1787200     10922.67
        4.61     0.999915      1787210     11702.86
        4.64     0.999921      1787228     12603.08
        4.67     0.999927      1787239     13653.33
        4.67     0.999933      1787239     14894.55
        4.70     0.999939      1787255     16384.00
        4.74     0.999942      1787260     17246.32
        4.77     0.999945      1787269     18204.44
        4.77     0.999948      1787269     19275.29
        4.80     0.999951      1787279     20480.00
        4.80     0.999954      1787279     21845.33
        4.83     0.999957      1787289     23405.71
        4.83     0.999960      1787289     25206.15
        4.86     0.999963      1787294     27306.67
        4.89     0.999966      1787300     29789.09
        4.93     0.999969      1787305     32768.00
        4.96     0.999971      1787310     34492.63
        4.96     0.999973      1787310     36408.89
        4.99     0.999974      1787314     38550.59
        5.02     0.999976      1787317     40960.00
        5.05     0.999977      1787322     43690.67
        5.05     0.999979      1787322     46811.43
        5.12     0.999980      1787328     50412.31
        5.12     0.999982      1787328     54613.33
        5.15     0.999983      1787334     59578.18
        5.15     0.999985      1787334     65536.00
        5.15     0.999986      1787334     68985.26
        5.18     0.999986      1787338     72817.78
        5.18     0.999987      1787338     77101.18
        5.18     0.999988      1787338     81920.00
        5.25     0.999989      1787339     87381.33
        5.31     0.999989      1787340     93622.86
        5.34     0.999990      1787342    100824.62
        5.38     0.999991      1787344    109226.67
        5.38     0.999992      1787344    119156.36
        5.50     0.999992      1787347    131072.00
        5.50     0.999993      1787347    137970.53
        5.50     0.999993      1787347    145635.56
        5.54     0.999994      1787348    154202.35
        5.57     0.999994      1787350    163840.00
        5.57     0.999994      1787350    174762.67
        5.57     0.999995      1787350    187245.71
        5.63     0.999995      1787351    201649.23
        5.63     0.999995      1787351    218453.33
        5.73     0.999996      1787353    238312.73
        5.73     0.999996      1787353    262144.00
        5.73     0.999996      1787353    275941.05
        5.73     0.999997      1787353    291271.11
        5.76     0.999997      1787354    308404.71
        5.76     0.999997      1787354    327680.00
        5.76     0.999997      1787354    349525.33
        5.86     0.999997      1787355    374491.43
        5.86     0.999998      1787355    403298.46
        5.86     0.999998      1787355    436906.67
        5.98     0.999998      1787356    476625.45
        5.98     0.999998      1787356    524288.00
        5.98     0.999998      1787356    551882.11
        5.98     0.999998      1787356    582542.22
        7.46     0.999998      1787357    616809.41
        7.46     0.999998      1787357    655360.00
        7.46     0.999999      1787357    699050.67
        7.46     0.999999      1787357    748982.86
        7.46     0.999999      1787357    806596.92
        7.46     0.999999      1787357    873813.33
        7.84     0.999999      1787358    953250.91
        7.84     0.999999      1787358   1048576.00
        7.84     0.999999      1787358   1103764.21
        7.84     0.999999      1787358   1165084.44
        7.84     0.999999      1787358   1233618.82
        7.84     0.999999      1787358   1310720.00
        7.84     0.999999      1787358   1398101.33
        7.84     0.999999      1787358   1497965.71
        7.84     0.999999      1787358   1613193.85
        7.84     0.999999      1787358   1747626.67
        7.97     0.999999      1787359   1906501.82
        7.97     1.000000      1787359          inf
#[Mean    =        0.112, StdDeviation   =        0.172]
#[Max     =        7.967, Total count    =      1787359]
#[Buckets =           20, SubBuckets     =          256]
