       Value   Percentile   TotalCount 1/(1-Percentile)

        0.21     0.000000            3         1.00
        0.38     0.050000        21496         1.05
        0.41     0.100000        42713         1.11
        0.44     0.150000        64023         1.18
        0.48     0.200000        91510         1.25
        0.49     0.250000       115673         1.33
        0.50     0.300000       130092         1.43
        0.52     0.350000       157296         1.54
        0.53     0.400000       168232         1.67
        0.55     0.450000       192717         1.82
        0.57     0.500000       210378         2.00
        0.57     0.525000       221860         2.11
        0.58     0.550000       234611         2.22
        0.59     0.575000       248527         2.35
        0.60     0.600000       263010         2.50
        0.60     0.625000       263010         2.67
        0.61     0.650000       277577         2.86
        0.61     0.675000       291408         3.08
        0.62     0.700000       304570         3.33
        0.62     0.725000       304570         3.64
        0.63     0.750000       316158         4.00
        0.64     0.762500       325894         4.21
        0.64     0.775000       325894         4.44
        0.65     0.787500       333942         4.71
        0.66     0.800000       340382         5.00
        0.66     0.812500       340382         5.33
        0.66     0.825000       345346         5.71
        0.68     0.837500       351930         6.15
        0.69     0.850000       355618         6.67
        0.73     0.862500       361062         7.27
        0.77     0.875000       367806         8.00
        0.78     0.881250       370701         8.42
        0.78     0.887500       374122         8.89
        0.78     0.893750       374122         9.41
        0.79     0.900000       378153        10.00
        0.80     0.906250       382726        10.67
        0.80     0.912500       382726        11.43
        0.81     0.918750       387471        12.31
        0.81     0.925000       387471        13.33
        0.81     0.931250       392392        14.55
        0.81     0.937500       392392        16.00
        0.82     0.940625       397260        16.84
        0.82     0.943750       397260        17.78
        0.82     0.946875       397260        18.82
        0.83     0.950000       401690        20.00
        0.83     0.953125       401690        21.33
        0.83     0.956250       401690        22.86
        0.83     0.959375       401690        24.62
        0.84     0.962500       405637        26.67
        0.84     0.965625       405637        29.09
        0.84     0.968750       405637        32.00
        0.85     0.970313       408833        33.68
        0.85     0.971875       408833        35.56
        0.85     0.973437       408833        37.65
        0.85     0.975000       408833        40.00
        0.85     0.976562       408833        42.67
        0.85     0.978125       411235        45.71
        0.85     0.979688       411235        49.23
        0.85     0.981250       411235        53.33
        0.85     0.982812       411235        58.18
        0.86     0.984375       412994        64.00
        0.86     0.985156       412994        67.37
        0.86     0.985938       412994        71.11
        0.86     0.986719       412994        75.29
        0.87     0.987500       414256        80.00
        0.87     0.988281       414256        85.33
        0.87     0.989062       414256        91.43
        0.87     0.989844       414256        98.46
        0.88     0.990625       415110       106.67
        0.88     0.991406       415110       116.36
        0.88     0.992188       415110       128.00
        0.89     0.992578       415737       134.74
        0.89     0.992969       415737       142.22
        0.89     0.993359       415737       150.59
        0.89     0.993750       415737       160.00
        0.90     0.994141       416168       170.67
        0.90     0.994531       416168       182.86
        0.90     0.994922       416168       196.92
        0.90     0.995313       416492       213.33
        0.90     0.995703       416492       232.73
        0.91     0.996094       416750       256.00
        0.91     0.996289       416750       269.47
        0.92     0.996484       416943       284.44
        0.92     0.996680       416943       301.18
        0.93     0.996875       417113       320.00
        0.93     0.997070       417113       341.33
        0.94     0.997266       417272       365.71
        0.94     0.997461       417272       393.85
        0.94     0.997656       417415       426.67
        0.94     0.997852       417415       465.45
        0.95     0.998047       417542       512.00
        0.95     0.998145       417542       538.95
        0.95     0.998242       417542       568.89
        0.96     0.998340       417648       602.35
        0.96     0.998437       417648       640.00
        0.97     0.998535       417736       682.67
        0.97     0.998633       417736       731.43
        0.97     0.998730       417822       787.69
        0.97     0.998828       417822       853.33
        0.98     0.998926       417884       930.91
        0.98     0.999023       417884      1024.00
        0.99     0.999072       417936      1077.89
        0.99     0.999121       417936      1137.78
        0.99     0.999170       417936      1204.71
        1.00     0.999219       417991      1280.00
        1.00     0.999268       417991      1365.33
        1.00     0.999316       417991      1462.86
        1.01     0.999365       418041      1575.38
        1.01     0.999414       418041      1706.67
        1.01     0.999463       418060      1861.82
        1.02     0.999512       418088      2048.00
        1.02     0.999536       418088      2155.79
        1.03     0.999561       418107      2275.56
        1.03     0.999585       418107      2409.41
        1.04     0.999609       418122      2560.00
        1.04     0.999634       418122      2730.67
        1.05     0.999658       418133      2925.71
        1.06     0.999683       418153      3150.77
        1.06     0.999707       418153      3413.33
        1.08     0.999731       418164      3723.64
        1.11     0.999756       418175      4096.00
        1.12     0.999768       418178      4311.58
        1.15     0.999780       418184      4551.11
        1.17     0.999792       418192      4818.82
        1.18     0.999805       418195      5120.00
        1.22     0.999817       418199      5461.33
        1.23     0.999829       418204      5851.43
        1.25     0.999841       418209      6301.54
        1.32     0.999854       418214      6826.67
        1.62     0.999866       418219      7447.27
        2.17     0.999878       418224      8192.00
        2.56     0.999884       418227      8623.16
        3.42     0.999890       418231      9102.22
        3.47     0.999896       418232      9637.65
        3.50     0.999902       418236     10240.00
        3.52     0.999908       418237     10922.67
        3.55     0.999915       418240     11702.86
        3.57     0.999921       418242     12603.08
        3.62     0.999927       418245     13653.33
        3.71     0.999933       418247     14894.55
        3.79     0.999939       418250     16384.00
        3.84     0.999942       418253     17246.32
        3.84     0.999945       418253     18204.44
        3.85     0.999948       418254     19275.29
        3.89     0.999951       418255     20480.00
        3.90     0.999954       418256     21845.33
        3.92     0.999957       418258     23405.71
        4.00     0.999960       418259     25206.15
        4.03     0.999963       418260     27306.67
        4.13     0.999966       418261     29789.09
        4.32     0.999969       418263     32768.00
        4.32     0.999971       418263     34492.63
        5.79     0.999973       418265     36408.89
        5.79     0.999974       418265     38550.59
        5.79     0.999976       418265     40960.00
        5.86     0.999977       418266     43690.67
        5.89     0.999979       418267     46811.43
        5.89     0.999980       418267     50412.31
        5.92     0.999982       418269     54613.33
        5.92     0.999983       418269     59578.18
        5.92     0.999985       418269     65536.00
        5.92     0.999986       418269     68985.26
        5.95     0.999986       418270     72817.78
        5.95     0.999987       418270     77101.18
        5.95     0.999988       418270     81920.00
        6.05     0.999989       418272     87381.33
        6.05     0.999989       418272     93622.86
        6.05     0.999990       418272    100824.62
        6.05     0.999991       418272    109226.67
        6.05     0.999992       418272    119156.36
        6.05     0.999992       418272    131072.00
        6.05     0.999993       418272    137970.53
        6.08     0.999993       418273    145635.56
        6.08     0.999994       418273    154202.35
        6.08     0.999994       418273    163840.00
        6.08     0.999994       418273    174762.67
        6.08     0.999995       418273    187245.71
        6.08     0.999995       418273    201649.23
        6.27     0.999995       418274    218453.33
        6.27     0.999996       418274    238312.73
        6.27     0.999996       418274    262144.00
        6.27     0.999996       418274    275941.05
        6.27     0.999997       418274    291271.11
        6.27     0.999997       418274    308404.71
        6.27     0.999997       418274    327680.00
        6.27     0.999997       418274    349525.33
        6.27     0.999997       418274    374491.43
        6.27     0.999998       418274    403298.46
        6.30     0.999998       418275    436906.67
        6.30     1.000000       418275          inf
#[Mean    =        0.573, StdDeviation   =        0.134]
#[Max     =        6.303, Total count    =       418275]
#[Buckets =           20, SubBuckets     =          256]
