       Value   Percentile   TotalCount 1/(1-Percentile)

        0.10     0.000000            5         1.00
        0.26     0.050000       502785         1.05
        0.30     0.100000       845755         1.11
        0.57     0.150000      1253885         1.18
        0.84     0.200000      1685095         1.25
        0.97     0.250000      2084195         1.33
        1.04     0.300000      2518640         1.43
        1.07     0.350000      3009110         1.54
        1.09     0.400000      3570600         1.67
        1.09     0.450000      3937575         1.82
        1.10     0.500000      4332975         2.00
        1.11     0.525000      4752900         2.11
        1.11     0.550000      4752900         2.22
        1.12     0.575000      5165905         2.35
        1.12     0.600000      5165905         2.50
        1.13     0.625000      5538215         2.67
        1.13     0.650000      5538215         2.86
        1.14     0.675000      5859895         3.08
        1.14     0.700000      5859895         3.33
        1.14     0.725000      6126465         3.64
        1.15     0.750000      6337665         4.00
        1.16     0.762500      6494570         4.21
        1.16     0.775000      6494570         4.44
        1.17     0.787500      6611520         4.71
        1.18     0.800000      6700790         5.00
        1.18     0.812500      6772260         5.33
        1.20     0.825000      6879305         5.71
        1.22     0.837500      6987750         6.15
        1.25     0.850000      7086970         6.67
        1.30     0.862500      7197995         7.27
        1.34     0.875000      7292895         8.00
        1.37     0.881250      7360405         8.42
        1.38     0.887500      7410655         8.89
        1.40     0.893750      7462655         9.41
        1.42     0.900000      7513790        10.00
        1.43     0.906250      7559145        10.67
        1.45     0.912500      7603495        11.43
        1.47     0.918750      7664295        12.31
        1.50     0.925000      7718320        13.33
        1.52     0.931250      7766010        14.55
        1.54     0.937500      7809835        16.00
        1.56     0.940625      7836840        16.84
        1.57     0.943750      7863415        17.78
        1.59     0.946875      7887945        18.82
        1.61     0.950000      7923185        20.00
        1.63     0.953125      7946880        21.33
        1.65     0.956250      7969560        22.86
        1.66     0.959375      7991540        24.62
        1.69     0.962500      8022885        26.67
        1.71     0.965625      8049920        29.09
        1.74     0.968750      8073160        32.00
        1.75     0.970313      8086010        33.68
        1.77     0.971875      8097245        35.56
        1.79     0.973437      8111465        37.65
        1.81     0.975000      8119690        40.00
        1.84     0.976562      8132890        42.67
        1.89     0.978125      8146950        45.71
        1.95     0.979688      8159385        49.23
        2.04     0.981250      8172075        53.33
        2.14     0.982812      8184710        58.18
        2.35     0.984375      8198220        64.00
        2.50     0.985156      8204815        67.37
        2.61     0.985938      8210835        71.11
        2.77     0.986719      8217715        75.29
        2.98     0.987500      8223835        80.00
        3.44     0.988281      8230325        85.33
        3.97     0.989062      8236850        91.43
        4.64     0.989844      8243390        98.46
        5.70     0.990625      8249860       106.67
        6.62     0.991406      8256525       116.36
        7.23     0.992188      8263000       128.00
        7.55     0.992578      8266095       134.74
        7.87     0.992969      8269250       142.22
        8.26     0.993359      8272810       150.59
        8.57     0.993750      8275835       160.00
        9.02     0.994141      8279445       170.67
        9.47     0.994531      8282745       182.86
        9.92     0.994922      8285895       196.92
       10.30     0.995313      8288965       213.33
       10.88     0.995703      8292065       232.73
       12.67     0.996094      8295300       256.00
       13.63     0.996289      8296895       269.47
       15.62     0.996484      8298535       284.44
       16.38     0.996680      8300280       301.18
       16.89     0.996875      8302285       320.00
       17.54     0.997070      8303415       341.33
       18.94     0.997266      8305080       365.71
       20.22     0.997461      8306830       393.85
       20.48     0.997656      8308500       426.67
       20.86     0.997852      8310015       465.45
       22.27     0.998047      8311540       512.00
       23.04     0.998145      8312400       538.95
       24.06     0.998242      8313195       568.89
       24.32     0.998340      8317075       602.35
       24.32     0.998437      8317075       640.00
       24.32     0.998535      8317075       682.67
       24.32     0.998633      8317075       731.43
       24.45     0.998730      8319675       787.69
       24.45     0.998828      8319675       853.33
       24.45     0.998926      8319675       930.91
       24.45     0.999023      8319675      1024.00
       24.70     0.999072      8320370      1077.89
       24.83     0.999121      8320935      1137.78
       24.83     0.999170      8320935      1204.71
       25.09     0.999219      8321300      1280.00
       25.86     0.999268      8321690      1365.33
       26.50     0.999316      8322190      1462.86
       27.39     0.999365      8322555      1575.38
       28.16     0.999414      8323035      1706.67
       28.29     0.999463      8323855      1861.82
       28.29     0.999512      8323855      2048.00
       28.41     0.999536      8324810      2155.79
       28.41     0.999561      8324810      2275.56
       28.41     0.999585      8324810      2409.41
       28.41     0.999609      8324810      2560.00
       28.41     0.999634      8324810      2730.67
       28.54     0.999658      8325035      2925.71
       28.67     0.999683      8325210      3150.77
       28.80     0.999707      8325565      3413.33
       28.80     0.999731      8325565      3723.64
       29.05     0.999756      8325855      4096.00
       29.05     0.999768      8325855      4311.58
       29.31     0.999780      8326050      4551.11
       29.44     0.999792      8326135      4818.82
       29.57     0.999805      8326180      5120.00
       29.95     0.999817      8326280      5461.33
       30.08     0.999829      8326370      5851.43
       30.59     0.999841      8326490      6301.54
       32.00     0.999854      8326570      6826.67
       32.26     0.999866      8326700      7447.27
       32.38     0.999878      8326940      8192.00
       32.38     0.999884      8326940      8623.16
       32.38     0.999890      8326940      9102.22
       32.38     0.999896      8326940      9637.65
       32.51     0.999902      8327085     10240.00
       32.51     0.999908      8327085     10922.67
       32.51     0.999915      8327085     11702.86
       32.64     0.999921      8327150     12603.08
       32.77     0.999927      8327220     13653.33
       33.02     0.999933      8327275     14894.55
       33.28     0.999939      8327330     16384.00
       33.28     0.999942      8327330     17246.32
       33.28     0.999945      8327330     18204.44
       33.53     0.999948      8327355     19275.29
       33.79     0.999951      8327390     20480.00
       34.30     0.999954      8327410     21845.33
       35.58     0.999957      8327435     23405.71
       36.35     0.999960      8327565     25206.15
       36.35     0.999963      8327565     27306.67
       36.35     0.999966      8327565     29789.09
       36.35     0.999969      8327565     32768.00
       36.35     0.999971      8327565     34492.63
       36.35     0.999973      8327565     36408.89
       36.61     0.999974      8327655     38550.59
       36.61     0.999976      8327655     40960.00
       36.61     0.999977      8327655     43690.67
       36.61     0.999979      8327655     46811.43
       36.61     0.999980      8327655     50412.31
       36.61     0.999982      8327655     54613.33
       36.61     0.999983      8327655     59578.18
       36.86     0.999985      8327675     65536.00
       36.86     0.999986      8327675     68985.26
       36.86     0.999986      8327675     72817.78
       37.12     0.999987      8327680     77101.18
       37.38     0.999988      8327695     81920.00
       37.38     0.999989      8327695     87381.33
       37.63     0.999989      8327705     93622.86
       37.63     0.999990      8327705    100824.62
       37.89     0.999991      8327710    109226.67
       40.45     0.999992      8327740    119156.36
       40.45     0.999992      8327740    131072.00
       40.45     0.999993      8327740    137970.53
       40.45     0.999993      8327740    145635.56
       40.45     0.999994      8327740    154202.35
       40.45     0.999994      8327740    163840.00
       40.45     0.999994      8327740    174762.67
       40.70     0.999995      8327745    187245.71
       40.70     0.999995      8327745    201649.23
       40.96     0.999995      8327750    218453.33
       41.22     0.999996      8327785    238312.73
       41.22     1.000000      8327785          inf
#[Mean    =        1.147, StdDeviation   =        1.508]
#[Max     =       41.215, Total count    =      8327785]
#[Buckets =           20, SubBuckets     =          256]
