       Value   Percentile   TotalCount 1/(1-Percentile)

        0.06     0.000000           10         1.00
        0.50     0.050000       956550         1.05
        0.69     0.100000      1908940         1.11
        0.73     0.150000      2861320         1.18
        0.81     0.200000      3767480         1.25
        0.90     0.250000      4729300         1.33
        0.97     0.300000      5699040         1.43
        1.01     0.350000      6705360         1.54
        1.03     0.400000      7605150         1.67
        1.05     0.450000      8771500         1.82
        1.07     0.500000      9692140         2.00
        1.08     0.525000     10200590         2.11
        1.09     0.550000     10727080         2.22
        1.09     0.575000     10727080         2.35
        1.09     0.600000     11284870         2.50
        1.10     0.625000     11852750         2.67
        1.11     0.650000     12437600         2.86
        1.12     0.675000     13020220         3.08
        1.13     0.700000     13596710         3.33
        1.13     0.725000     13596710         3.64
        1.14     0.750000     14150600         4.00
        1.14     0.762500     14670600         4.21
        1.14     0.775000     14670600         4.44
        1.15     0.787500     15150040         4.71
        1.15     0.800000     15150040         5.00
        1.15     0.812500     15150040         5.33
        1.16     0.825000     15577570         5.71
        1.17     0.837500     15941340         6.15
        1.17     0.850000     15941340         6.67
        1.18     0.862500     16241180         7.27
        1.18     0.875000     16481170         8.00
        1.18     0.881250     16481170         8.42
        1.19     0.887500     16665090         8.89
        1.19     0.893750     16665090         9.41
        1.20     0.900000     16803820        10.00
        1.21     0.906250     16905340        10.67
        1.22     0.912500     17029710        11.43
        1.25     0.918750     17123640        12.31
        1.31     0.925000     17249960        13.33
        1.36     0.931250     17356870        14.55
        1.42     0.937500     17486030        16.00
        1.44     0.940625     17536990        16.84
        1.46     0.943750     17589740        17.78
        1.49     0.946875     17646580        18.82
        1.51     0.950000     17709010        20.00
        1.53     0.953125     17776660        21.33
        1.55     0.956250     17826760        22.86
        1.57     0.959375     17877840        24.62
        1.59     0.962500     17959250        26.67
        1.61     0.965625     18013800        29.09
        1.62     0.968750     18069470        32.00
        1.63     0.970313     18097710        33.68
        1.64     0.971875     18126490        35.56
        1.65     0.973437     18155880        37.65
        1.66     0.975000     18184690        40.00
        1.66     0.976562     18212250        42.67
        1.67     0.978125     18240050        45.71
        1.68     0.979688     18266720        49.23
        1.69     0.981250     18290780        53.33
        1.70     0.982812     18335430        58.18
        1.71     0.984375     18356240        64.00
        1.72     0.985156     18375040        67.37
        1.72     0.985938     18375040        71.11
        1.73     0.986719     18391660        75.29
        1.74     0.987500     18405930        80.00
        1.74     0.988281     18418850        85.33
        1.75     0.989062     18430930        91.43
        1.77     0.989844     18448730        98.46
        1.78     0.990625     18461340       106.67
        1.81     0.991406     18477240       116.36
        1.85     0.992188     18490220       128.00
        1.89     0.992578     18497430       134.74
        1.92     0.992969     18504690       142.22
        1.96     0.993359     18512060       150.59
        2.00     0.993750     18518750       160.00
        2.06     0.994141     18527460       170.67
        2.13     0.994531     18533690       182.86
        2.24     0.994922     18540170       196.92
        2.37     0.995313     18547340       213.33
        2.56     0.995703     18555220       232.73
        2.70     0.996094     18562400       256.00
        2.81     0.996289     18566130       269.47
        2.90     0.996484     18569640       284.44
        3.01     0.996680     18572800       301.18
        3.15     0.996875     18576540       320.00
        3.34     0.997070     18580100       341.33
        3.55     0.997266     18583970       365.71
        3.82     0.997461     18587430       393.85
        4.13     0.997656     18591040       426.67
        4.48     0.997852     18594690       465.45
        4.83     0.998047     18598600       512.00
        5.02     0.998145     18600240       538.95
        5.15     0.998242     18602010       568.89
        5.34     0.998340     18603900       602.35
        5.66     0.998437     18605780       640.00
        5.89     0.998535     18607620       682.67
        6.08     0.998633     18609270       731.43
        6.37     0.998730     18611240       787.69
        6.62     0.998828     18613040       853.33
        6.94     0.998926     18614720       930.91
        7.42     0.999023     18616720      1024.00
        7.58     0.999072     18617660      1077.89
        7.81     0.999121     18618370      1137.78
        8.10     0.999170     18619230      1204.71
        8.51     0.999219     18620310      1280.00
        8.70     0.999268     18621090      1365.33
        9.21     0.999316     18622010      1462.86
        9.47     0.999365     18623040      1575.38
        9.79     0.999414     18624050      1706.67
       10.05     0.999463     18624800      1861.82
       10.43     0.999512     18625600      2048.00
       10.62     0.999536     18626090      2155.79
       11.01     0.999561     18626510      2275.56
       11.46     0.999585     18626970      2409.41
       11.97     0.999609     18627420      2560.00
       12.16     0.999634     18627850      2730.67
       12.86     0.999658     18628340      2925.71
       13.31     0.999683     18628790      3150.77
       14.27     0.999707     18629240      3413.33
       14.91     0.999731     18629680      3723.64
       15.29     0.999756     18630200      4096.00
       15.42     0.999768     18630370      4311.58
       16.19     0.999780     18630630      4551.11
       16.64     0.999792     18630840      4818.82
       17.15     0.999805     18631060      5120.00
       18.05     0.999817     18631270      5461.33
       18.56     0.999829     18631650      5851.43
       19.07     0.999841     18631760      6301.54
       20.22     0.999854     18632240      6826.67
       20.22     0.999866     18632240      7447.27
       20.35     0.999878     18632400      8192.00
       20.73     0.999884     18632530      8623.16
       21.63     0.999890     18632690      9102.22
       22.02     0.999896     18632810      9637.65
       22.40     0.999902     18632940     10240.00
       22.53     0.999908     18632970     10922.67
       23.30     0.999915     18633170     11702.86
       23.55     0.999921     18633250     12603.08
       23.68     0.999927     18633330     13653.33
       24.19     0.999933     18633740     14894.55
       24.19     0.999939     18633740     16384.00
       24.19     0.999942     18633740     17246.32
       24.19     0.999945     18633740     18204.44
       24.19     0.999948     18633740     19275.29
       24.32     0.999951     18633980     20480.00
       24.32     0.999954     18633980     21845.33
       24.32     0.999957     18633980     23405.71
       24.32     0.999960     18633980     25206.15
       25.21     0.999963     18634000     27306.67
       25.73     0.999966     18634080     29789.09
       25.86     0.999969     18634120     32768.00
       26.37     0.999971     18634130     34492.63
       26.75     0.999973     18634160     36408.89
       27.01     0.999974     18634240     38550.59
       27.01     0.999976     18634240     40960.00
       28.03     0.999977     18634270     43690.67
       28.16     0.999979     18634340     46811.43
       28.16     0.999980     18634340     50412.31
       28.16     0.999982     18634340     54613.33
       28.29     0.999983     18634470     59578.18
       28.29     0.999985     18634470     65536.00
       28.29     0.999986     18634470     68985.26
       28.29     0.999986     18634470     72817.78
       28.29     0.999987     18634470     77101.18
       28.29     0.999988     18634470     81920.00
       28.29     0.999989     18634470     87381.33
       31.61     0.999989     18634480     93622.86
       31.74     0.999990     18634520    100824.62
       31.74     0.999991     18634520    109226.67
       31.74     0.999992     18634520    119156.36
       31.87     0.999992     18634550    131072.00
       31.87     0.999993     18634550    137970.53
       31.87     0.999993     18634550    145635.56
       31.87     0.999994     18634550    154202.35
       32.13     0.999994     18634580    163840.00
       32.13     0.999994     18634580    174762.67
       32.13     0.999995     18634580    187245.71
       32.13     0.999995     18634580    201649.23
       36.09     0.999995     18634590    218453.33
       48.13     0.999996     18634620    238312.73
       48.13     0.999996     18634620    262144.00
       48.13     0.999996     18634620    275941.05
       48.13     0.999997     18634620    291271.11
       48.13     0.999997     18634620    308404.71
       48.13     0.999997     18634620    327680.00
       48.13     0.999997     18634620    349525.33
       48.38     0.999997     18634670    374491.43
       48.38     1.000000     18634670          inf
#[Mean    =        1.028, StdDeviation   =        0.537]
#[Max     =       48.383, Total count    =     18634670]
#[Buckets =           20, SubBuckets     =          256]
