       Value   Percentile   TotalCount 1/(1-Percentile)

        0.17     0.000000            3         1.00
        0.24     0.050000        48615         1.05
        0.25     0.100000        73006         1.11
        0.28     0.150000       102057         1.18
        0.30     0.200000       159333         1.25
        0.31     0.250000       192185         1.33
        0.32     0.300000       225862         1.43
        0.33     0.350000       257575         1.54
        0.34     0.400000       277611         1.67
        0.35     0.450000       317752         1.82
        0.36     0.500000       358526         2.00
        0.36     0.525000       358526         2.11
        0.37     0.550000       407415         2.22
        0.37     0.575000       407415         2.35
        0.37     0.600000       407415         2.50
        0.38     0.625000       452525         2.67
        0.38     0.650000       452525         2.86
        0.38     0.675000       452525         3.08
        0.38     0.700000       492832         3.33
        0.38     0.725000       492832         3.64
        0.39     0.750000       526111         4.00
        0.39     0.762500       526111         4.21
        0.39     0.775000       526111         4.44
        0.40     0.787500       546535         4.71
        0.40     0.800000       546535         5.00
        0.40     0.812500       546535         5.33
        0.41     0.825000       556583         5.71
        0.41     0.837500       562074         6.15
        0.44     0.850000       569903         6.67
        0.49     0.862500       577726         7.27
        0.50     0.875000       589998         8.00
        0.50     0.881250       589998         8.42
        0.51     0.887500       603407         8.89
        0.51     0.893750       603407         9.41
        0.51     0.900000       603407        10.00
        0.52     0.906250       621316        10.67
        0.52     0.912500       621316        11.43
        0.52     0.918750       621316        12.31
        0.52     0.925000       621316        13.33
        0.53     0.931250       639480        14.55
        0.53     0.937500       639480        16.00
        0.53     0.940625       639480        16.84
        0.53     0.943750       639480        17.78
        0.53     0.946875       639480        18.82
        0.53     0.950000       639480        20.00
        0.53     0.953125       639480        21.33
        0.54     0.956250       652503        22.86
        0.54     0.959375       652503        24.62
        0.54     0.962500       652503        26.67
        0.54     0.965625       652503        29.09
        0.54     0.968750       652503        32.00
        0.54     0.970313       652503        33.68
        0.54     0.971875       652503        35.56
        0.54     0.973437       652503        37.65
        0.54     0.975000       659403        40.00
        0.54     0.976562       659403        42.67
        0.54     0.978125       659403        45.71
        0.54     0.979688       659403        49.23
        0.54     0.981250       659403        53.33
        0.54     0.982812       659403        58.18
        0.54     0.984375       659403        64.00
        0.54     0.985156       659403        67.37
        0.55     0.985938       662637        71.11
        0.55     0.986719       662637        75.29
        0.55     0.987500       662637        80.00
        0.55     0.988281       662637        85.33
        0.55     0.989062       662637        91.43
        0.55     0.989844       662637        98.46
        0.56     0.990625       664239       106.67
        0.56     0.991406       664239       116.36
        0.56     0.992188       664239       128.00
        0.57     0.992578       665203       134.74
        0.57     0.992969       665203       142.22
        0.57     0.993359       665203       150.59
        0.57     0.993750       665203       160.00
        0.57     0.994141       665928       170.67
        0.57     0.994531       665928       182.86
        0.57     0.994922       665928       196.92
        0.58     0.995313       666491       213.33
        0.58     0.995703       666491       232.73
        0.59     0.996094       666921       256.00
        0.59     0.996289       666921       269.47
        0.60     0.996484       667304       284.44
        0.60     0.996680       667304       301.18
        0.60     0.996875       667304       320.00
        0.61     0.997070       667641       341.33
        0.61     0.997266       667641       365.71
        0.61     0.997461       667641       393.85
        0.61     0.997656       667939       426.67
        0.61     0.997852       667939       465.45
        0.62     0.998047       668184       512.00
        0.62     0.998145       668184       538.95
        0.62     0.998242       668184       568.89
        0.62     0.998340       668184       602.35
        0.63     0.998437       668436       640.00
        0.63     0.998535       668436       682.67
        0.63     0.998633       668436       731.43
        0.64     0.998730       668629       787.69
        0.64     0.998828       668629       853.33
        0.64     0.998926       668629       930.91
        0.65     0.999023       668825      1024.00
        0.65     0.999072       668825      1077.89
        0.65     0.999121       668825      1137.78
        0.65     0.999170       668825      1204.71
        0.65     0.999219       668825      1280.00
        0.65     0.999268       668825      1365.33
        0.66     0.999316       668934      1462.86
        0.66     0.999365       668934      1575.38
        0.66     0.999414       668934      1706.67
        0.66     0.999463       668934      1861.82
        0.66     0.999512       669015      2048.00
        0.66     0.999536       669015      2155.79
        0.66     0.999561       669015      2275.56
        0.66     0.999585       669015      2409.41
        0.67     0.999609       669068      2560.00
        0.67     0.999634       669068      2730.67
        0.67     0.999658       669068      2925.71
        0.68     0.999683       669093      3150.77
        0.68     0.999707       669093      3413.33
        0.69     0.999731       669113      3723.64
        0.72     0.999756       669126      4096.00
        0.73     0.999768       669135      4311.58
        0.74     0.999780       669143      4551.11
        0.76     0.999792       669154      4818.82
        0.77     0.999805       669164      5120.00
        0.78     0.999817       669169      5461.33
        0.78     0.999829       669174      5851.43
        0.80     0.999841       669184      6301.54
        0.81     0.999854       669190      6826.67
        0.82     0.999866       669199      7447.27
        0.84     0.999878       669210      8192.00
        0.85     0.999884       669213      8623.16
        0.86     0.999890       669216      9102.22
        0.88     0.999896       669221      9637.65
        0.90     0.999902       669224     10240.00
        0.95     0.999908       669227     10922.67
        1.36     0.999915       669231     11702.86
        1.42     0.999921       669235     12603.08
        1.51     0.999927       669239     13653.33
        2.33     0.999933       669244     14894.55
        2.42     0.999939       669248     16384.00
        2.54     0.999942       669250     17246.32
        2.61     0.999945       669252     18204.44
        2.64     0.999948       669254     19275.29
        2.69     0.999951       669256     20480.00
        2.73     0.999954       669259     21845.33
        2.75     0.999957       669260     23405.71
        2.80     0.999960       669262     25206.15
        2.85     0.999963       669264     27306.67
        2.86     0.999966       669266     29789.09
        2.90     0.999969       669269     32768.00
        2.90     0.999971       669269     34492.63
        2.94     0.999973       669272     36408.89
        2.94     0.999974       669272     38550.59
        2.94     0.999976       669272     40960.00
        2.99     0.999977       669273     43690.67
        3.01     0.999979       669274     46811.43
        3.06     0.999980       669275     50412.31
        3.10     0.999982       669276     54613.33
        3.15     0.999983       669277     59578.18
        3.17     0.999985       669278     65536.00
        3.21     0.999986       669279     68985.26
        3.21     0.999986       669279     72817.78
        3.23     0.999987       669280     77101.18
        3.23     0.999988       669280     81920.00
        3.25     0.999989       669281     87381.33
        3.25     0.999989       669281     93622.86
        3.26     0.999990       669282    100824.62
        3.26     0.999991       669282    109226.67
        3.28     0.999992       669283    119156.36
        3.28     0.999992       669283    131072.00
        3.31     0.999993       669284    137970.53
        3.31     0.999993       669284    145635.56
        3.31     0.999994       669284    154202.35
        3.31     0.999994       669284    163840.00
        3.33     0.999994       669285    174762.67
        3.33     0.999995       669285    187245.71
        3.33     0.999995       669285    201649.23
        3.33     0.999995       669285    218453.33
        3.34     0.999996       669286    238312.73
        3.34     0.999996       669286    262144.00
        3.34     0.999996       669286    275941.05
        3.34     0.999997       669286    291271.11
        3.34     0.999997       669286    308404.71
        3.34     0.999997       669286    327680.00
        3.41     0.999997       669287    349525.33
        3.41     0.999997       669287    374491.43
        3.41     0.999998       669287    403298.46
        3.41     0.999998       669287    436906.67
        3.41     0.999998       669287    476625.45
        3.41     0.999998       669287    524288.00
        3.41     0.999998       669287    551882.11
        3.41     0.999998       669287    582542.22
        3.41     0.999998       669287    616809.41
        3.41     0.999998       669287    655360.00
        3.47     0.999999       669288    699050.67
        3.47     1.000000       669288          inf
#[Mean    =        0.359, StdDeviation   =        0.086]
#[Max     =        3.471, Total count    =       669288]
#[Buckets =           20, SubBuckets     =          256]
