       Value   Percentile   TotalCount 1/(1-Percentile)

        0.06     0.000000           10         1.00
        0.15     0.050000      1587280         1.05
        0.30     0.100000      3069350         1.11
        0.47     0.150000      4530240         1.18
        0.54     0.200000      6047690         1.25
        0.57     0.250000      8779110         1.33
        0.58     0.300000     11637770         1.43
        0.58     0.350000     11637770         1.54
        0.59     0.400000     14217710         1.67
        0.59     0.450000     14217710         1.82
        0.60     0.500000     15872960         2.00
        0.60     0.525000     15872960         2.11
        0.61     0.550000     17175760         2.22
        0.61     0.575000     18342600         2.35
        0.61     0.600000     18342600         2.50
        0.62     0.625000     19453470         2.67
        0.63     0.650000     20536630         2.86
        0.63     0.675000     20536630         3.08
        0.64     0.700000     21562880         3.33
        0.65     0.725000     22487000         3.64
        0.66     0.750000     23271280         4.00
        0.66     0.762500     23271280         4.21
        0.66     0.775000     23900810         4.44
        0.66     0.787500     23900810         4.71
        0.67     0.800000     24386120         5.00
        0.68     0.812500     24743520         5.33
        0.69     0.825000     25006590         5.71
        0.70     0.837500     25371130         6.15
        0.72     0.850000     25634920         6.67
        0.74     0.862500     26075960         7.27
        0.78     0.875000     26475460         8.00
        0.78     0.881250     26577030         8.42
        0.80     0.887500     26778460         8.89
        0.81     0.893750     26978680         9.41
        0.83     0.900000     27183490        10.00
        0.85     0.906250     27400340        10.67
        0.86     0.912500     27627720        11.43
        0.87     0.918750     27752380        12.31
        0.89     0.925000     28020590        13.33
        0.90     0.931250     28158890        14.55
        0.90     0.937500     28298360        16.00
        0.91     0.940625     28440300        16.84
        0.92     0.943750     28584190        17.78
        0.92     0.946875     28584190        18.82
        0.93     0.950000     28726730        20.00
        0.94     0.953125     28867140        21.33
        0.94     0.956250     28867140        22.86
        0.94     0.959375     29001200        24.62
        0.95     0.962500     29128760        26.67
        0.95     0.965625     29128760        29.09
        0.96     0.968750     29246380        32.00
        0.97     0.970313     29351070        33.68
        0.97     0.971875     29351070        35.56
        0.97     0.973437     29351070        37.65
        0.97     0.975000     29440240        40.00
        0.98     0.976562     29516830        42.67
        0.98     0.978125     29516830        45.71
        0.99     0.979688     29578720        49.23
        1.00     0.981250     29629000        53.33
        1.01     0.982812     29668780        58.18
        1.01     0.984375     29699190        64.00
        1.02     0.985156     29723590        67.37
        1.03     0.985938     29743450        71.11
        1.04     0.986719     29757850        75.29
        1.05     0.987500     29779520        80.00
        1.08     0.988281     29803090        85.33
        1.10     0.989062     29820750        91.43
        1.15     0.989844     29844020        98.46
        1.21     0.990625     29867310       106.67
        1.29     0.991406     29890660       116.36
        1.41     0.992188     29914870       128.00
        1.46     0.992578     29927130       134.74
        1.52     0.992969     29937650       142.22
        1.60     0.993359     29949430       150.59
        1.70     0.993750     29961060       160.00
        1.88     0.994141     29973080       170.67
        2.11     0.994531     29984760       182.86
        2.40     0.994922     29996380       196.92
        2.78     0.995313     30008430       213.33
        3.23     0.995703     30019970       232.73
        3.76     0.996094     30031950       256.00
        4.09     0.996289     30037640       269.47
        4.51     0.996484     30044160       284.44
        4.86     0.996680     30049390       301.18
        5.31     0.996875     30055270       320.00
        5.89     0.997070     30061290       341.33
        6.33     0.997266     30067280       365.71
        6.88     0.997461     30073330       393.85
        7.36     0.997656     30078870       426.67
        7.81     0.997852     30084730       465.45
        8.38     0.998047     30091220       512.00
        8.57     0.998145     30094060       538.95
        8.89     0.998242     30096920       568.89
        9.21     0.998340     30099620       602.35
        9.66     0.998437     30102370       640.00
       10.18     0.998535     30105580       682.67
       10.88     0.998633     30108340       731.43
       11.90     0.998730     30111270       787.69
       12.67     0.998828     30114270       853.33
       13.89     0.998926     30117180       930.91
       15.42     0.999023     30120080      1024.00
       16.13     0.999072     30121580      1077.89
       16.32     0.999121     30123170      1137.78
       16.51     0.999170     30124560      1204.71
       16.89     0.999219     30125970      1280.00
       17.92     0.999268     30127500      1365.33
       19.07     0.999316     30128910      1462.86
       20.22     0.999365     30130810      1575.38
       20.48     0.999414     30131870      1706.67
       21.38     0.999463     30133280      1861.82
       22.66     0.999512     30134760      2048.00
       23.30     0.999536     30135500      2155.79
       23.93     0.999561     30136260      2275.56
       24.19     0.999585     30141930      2409.41
       24.19     0.999609     30141930      2560.00
       24.19     0.999634     30141930      2730.67
       24.19     0.999658     30141930      2925.71
       24.19     0.999683     30141930      3150.77
       24.19     0.999707     30141930      3413.33
       24.19     0.999731     30141930      3723.64
       24.32     0.999756     30143590      4096.00
       24.32     0.999768     30143590      4311.58
       24.32     0.999780     30143590      4551.11
       24.32     0.999792     30143590      4818.82
       24.32     0.999805     30143590      5120.00
       24.45     0.999817     30144070      5461.33
       24.57     0.999829     30144530      5851.43
       24.70     0.999841     30144860      6301.54
       25.09     0.999854     30145140      6826.67
       25.73     0.999866     30145500      7447.27
       26.37     0.999878     30145950      8192.00
       26.50     0.999884     30146050      8623.16
       27.26     0.999890     30146150      9102.22
       27.90     0.999896     30146370      9637.65
       28.16     0.999902     30146940     10240.00
       28.16     0.999908     30146940     10922.67
       28.16     0.999915     30146940     11702.86
       28.29     0.999921     30147860     12603.08
       28.29     0.999927     30147860     13653.33
       28.29     0.999933     30147860     14894.55
       28.29     0.999939     30147860     16384.00
       28.29     0.999942     30147860     17246.32
       28.29     0.999945     30147860     18204.44
       28.41     0.999948     30147980     19275.29
       28.54     0.999951     30148010     20480.00
       28.80     0.999954     30148150     21845.33
       28.93     0.999957     30148350     23405.71
       28.93     0.999960     30148350     25206.15
       29.31     0.999963     30148380     27306.67
       29.95     0.999966     30148490     29789.09
       30.08     0.999969     30148560     32768.00
       30.34     0.999971     30148630     34492.63
       30.46     0.999973     30148660     36408.89
       30.98     0.999974     30148710     38550.59
       31.10     0.999976     30148730     40960.00
       31.23     0.999977     30148790     43690.67
       31.36     0.999979     30148820     46811.43
       32.00     0.999980     30148900     50412.31
       32.13     0.999982     30148920     54613.33
       32.26     0.999983     30149060     59578.18
       32.26     0.999985     30149060     65536.00
       32.26     0.999986     30149060     68985.26
       32.26     0.999986     30149060     72817.78
       33.02     0.999987     30149110     77101.18
       33.02     0.999988     30149110     81920.00
       33.28     0.999989     30149140     87381.33
       33.28     0.999989     30149140     93622.86
       36.35     0.999990     30149300    100824.62
       36.35     0.999991     30149300    109226.67
       36.35     0.999992     30149300    119156.36
       36.35     0.999992     30149300    131072.00
       36.35     0.999993     30149300    137970.53
       36.35     0.999993     30149300    145635.56
       36.35     0.999994     30149300    154202.35
       36.35     0.999994     30149300    163840.00
       36.35     0.999994     30149300    174762.67
       36.35     0.999995     30149300    187245.71
       36.61     0.999995     30149460    201649.23
       36.61     1.000000     30149460          inf
#[Mean    =        0.635, StdDeviation   =        0.817]
#[Max     =       36.607, Total count    =     30149460]
#[Buckets =           20, SubBuckets     =          256]
