       Value   Percentile   TotalCount 1/(1-Percentile)

        0.17     0.000000            1         1.00
        0.31     0.050000        39104         1.05
        0.32     0.100000        54783         1.11
        0.37     0.150000        81264         1.18
        0.39     0.200000       121775         1.25
        0.40     0.250000       142057         1.33
        0.41     0.300000       162713         1.43
        0.41     0.350000       183295         1.54
        0.43     0.400000       213885         1.67
        0.45     0.450000       234520         1.82
        0.46     0.500000       274888         2.00
        0.46     0.525000       274888         2.11
        0.47     0.550000       302440         2.22
        0.47     0.575000       302440         2.35
        0.48     0.600000       331851         2.50
        0.48     0.625000       331851         2.67
        0.49     0.650000       361111         2.86
        0.49     0.675000       361111         3.08
        0.49     0.700000       388667         3.33
        0.49     0.725000       388667         3.64
        0.50     0.750000       410434         4.00
        0.50     0.762500       410434         4.21
        0.50     0.775000       410434         4.44
        0.50     0.787500       410434         4.71
        0.51     0.800000       424378         5.00
        0.51     0.812500       424378         5.33
        0.52     0.825000       432048         5.71
        0.53     0.837500       436131         6.15
        0.55     0.850000       441977         6.67
        0.63     0.862500       449245         7.27
        0.65     0.875000       459655         8.00
        0.65     0.881250       459655         8.42
        0.66     0.887500       469365         8.89
        0.66     0.893750       469365         9.41
        0.66     0.900000       469365        10.00
        0.66     0.906250       480881        10.67
        0.66     0.912500       480881        11.43
        0.66     0.918750       480881        12.31
        0.66     0.925000       480881        13.33
        0.67     0.931250       492058        14.55
        0.67     0.937500       492058        16.00
        0.67     0.940625       492058        16.84
        0.67     0.943750       492058        17.78
        0.67     0.946875       492058        18.82
        0.68     0.950000       501441        20.00
        0.68     0.953125       501441        21.33
        0.68     0.956250       501441        22.86
        0.68     0.959375       501441        24.62
        0.68     0.962500       501441        26.67
        0.69     0.965625       507909        29.09
        0.69     0.968750       507909        32.00
        0.69     0.970313       507909        33.68
        0.69     0.971875       507909        35.56
        0.69     0.973437       507909        37.65
        0.69     0.975000       507909        40.00
        0.69     0.976562       507909        42.67
        0.69     0.978125       511789        45.71
        0.69     0.979688       511789        49.23
        0.69     0.981250       511789        53.33
        0.69     0.982812       511789        58.18
        0.69     0.984375       511789        64.00
        0.70     0.985156       513939        67.37
        0.70     0.985938       513939        71.11
        0.70     0.986719       513939        75.29
        0.70     0.987500       513939        80.00
        0.70     0.988281       513939        85.33
        0.70     0.989062       513939        91.43
        0.71     0.989844       515111        98.46
        0.71     0.990625       515111       106.67
        0.71     0.991406       515111       116.36
        0.72     0.992188       515919       128.00
        0.72     0.992578       515919       134.74
        0.72     0.992969       515919       142.22
        0.73     0.993359       516455       150.59
        0.73     0.993750       516455       160.00
        0.73     0.994141       516977       170.67
        0.73     0.994531       516977       182.86
        0.73     0.994922       516977       196.92
        0.74     0.995313       517430       213.33
        0.74     0.995703       517430       232.73
        0.75     0.996094       517821       256.00
        0.75     0.996289       517821       269.47
        0.75     0.996484       517821       284.44
        0.75     0.996680       517821       301.18
        0.76     0.996875       518148       320.00
        0.76     0.997070       518148       341.33
        0.76     0.997266       518148       365.71
        0.77     0.997461       518448       393.85
        0.77     0.997656       518448       426.67
        0.77     0.997852       518448       465.45
        0.78     0.998047       518681       512.00
        0.78     0.998145       518681       538.95
        0.78     0.998242       518681       568.89
        0.78     0.998340       518681       602.35
        0.78     0.998437       518881       640.00
        0.78     0.998535       518881       682.67
        0.78     0.998633       518881       731.43
        0.78     0.998730       518881       787.69
        0.79     0.998828       519036       853.33
        0.79     0.998926       519036       930.91
        0.79     0.999023       519036      1024.00
        0.80     0.999072       519183      1077.89
        0.80     0.999121       519183      1137.78
        0.80     0.999170       519183      1204.71
        0.80     0.999219       519183      1280.00
        0.80     0.999268       519183      1365.33
        0.80     0.999316       519183      1462.86
        0.81     0.999365       519290      1575.38
        0.81     0.999414       519290      1706.67
        0.81     0.999463       519290      1861.82
        0.81     0.999512       519290      2048.00
        0.81     0.999536       519290      2155.79
        0.81     0.999561       519356      2275.56
        0.81     0.999585       519356      2409.41
        0.81     0.999609       519356      2560.00
        0.81     0.999634       519356      2730.67
        0.81     0.999658       519356      2925.71
        0.82     0.999683       519403      3150.77
        0.82     0.999707       519403      3413.33
        0.82     0.999731       519403      3723.64
        0.82     0.999756       519403      4096.00
        0.83     0.999768       519425      4311.58
        0.83     0.999780       519425      4551.11
        0.83     0.999792       519425      4818.82
        0.83     0.999805       519425      5120.00
        0.84     0.999817       519441      5461.33
        0.84     0.999829       519441      5851.43
        0.85     0.999841       519447      6301.54
        0.85     0.999854       519451      6826.67
        0.89     0.999866       519458      7447.27
        0.92     0.999878       519463      8192.00
        0.94     0.999884       519467      8623.16
        0.94     0.999890       519470      9102.22
        1.01     0.999896       519473      9637.65
        1.52     0.999902       519476     10240.00
        1.63     0.999908       519479     10922.67
        2.02     0.999915       519482     11702.86
        2.54     0.999921       519485     12603.08
        2.62     0.999927       519489     13653.33
        2.65     0.999933       519492     14894.55
        2.72     0.999939       519496     16384.00
        2.72     0.999942       519496     17246.32
        2.78     0.999945       519498     18204.44
        2.86     0.999948       519500     19275.29
        2.88     0.999951       519502     20480.00
        3.13     0.999954       519503     21845.33
        3.17     0.999957       519504     23405.71
        3.31     0.999960       519507     25206.15
        3.31     0.999963       519507     27306.67
        3.36     0.999966       519509     29789.09
        3.41     0.999969       519511     32768.00
        3.41     0.999971       519511     34492.63
        3.58     0.999973       519513     36408.89
        3.58     0.999974       519513     38550.59
        3.62     0.999976       519514     40960.00
        4.00     0.999977       519515     43690.67
        4.00     0.999979       519515     46811.43
        4.01     0.999980       519516     50412.31
        4.06     0.999982       519517     54613.33
        4.08     0.999983       519518     59578.18
        4.09     0.999985       519519     65536.00
        4.09     0.999986       519519     68985.26
        4.09     0.999986       519519     72817.78
        4.13     0.999987       519522     77101.18
        4.13     0.999988       519522     81920.00
        4.13     0.999989       519522     87381.33
        4.13     0.999989       519522     93622.86
        4.13     0.999990       519522    100824.62
        4.13     0.999991       519522    109226.67
        4.13     0.999992       519522    119156.36
        4.19     0.999992       519523    131072.00
        4.19     0.999993       519523    137970.53
        4.19     0.999993       519523    145635.56
        4.19     0.999994       519523    154202.35
        4.19     0.999994       519523    163840.00
        4.22     0.999994       519524    174762.67
        4.22     0.999995       519524    187245.71
        4.22     0.999995       519524    201649.23
        4.22     0.999995       519524    218453.33
        4.22     0.999996       519524    238312.73
        4.29     0.999996       519525    262144.00
        4.29     0.999996       519525    275941.05
        4.29     0.999997       519525    291271.11
        4.29     0.999997       519525    308404.71
        4.29     0.999997       519525    327680.00
        4.29     0.999997       519525    349525.33
        4.29     0.999997       519525    374491.43
        4.29     0.999998       519525    403298.46
        4.29     0.999998       519525    436906.67
        4.29     0.999998       519525    476625.45
        4.45     0.999998       519526    524288.00
        4.45     1.000000       519526          inf
#[Mean    =        0.462, StdDeviation   =        0.109]
#[Max     =        4.447, Total count    =       519526]
#[Buckets =           20, SubBuckets     =          256]
