       Value   Percentile   TotalCount 1/(1-Percentile)

        0.14     0.000000            4         1.00
        0.21     0.050000       100526         1.05
        0.21     0.100000       195231         1.11
        0.21     0.150000       195231         1.18
        0.22     0.200000       328573         1.25
        0.22     0.250000       328573         1.33
        0.22     0.300000       328573         1.43
        0.23     0.350000       487986         1.54
        0.23     0.400000       487986         1.67
        0.23     0.450000       487986         1.82
        0.24     0.500000       636395         2.00
        0.24     0.525000       636395         2.11
        0.24     0.550000       636395         2.22
        0.24     0.575000       636395         2.35
        0.24     0.600000       636395         2.50
        0.25     0.625000       761669         2.67
        0.25     0.650000       761669         2.86
        0.25     0.675000       761669         3.08
        0.25     0.700000       761669         3.33
        0.25     0.725000       761669         3.64
        0.26     0.750000       862079         4.00
        0.26     0.762500       862079         4.21
        0.26     0.775000       862079         4.44
        0.26     0.787500       862079         4.71
        0.26     0.800000       862079         5.00
        0.26     0.812500       862079         5.33
        0.26     0.825000       862079         5.71
        0.26     0.837500       862079         6.15
        0.26     0.850000       936201         6.67
        0.26     0.862500       936201         7.27
        0.26     0.875000       936201         8.00
        0.26     0.881250       936201         8.42
        0.26     0.887500       936201         8.89
        0.26     0.893750       936201         9.41
        0.26     0.900000       936201        10.00
        0.26     0.906250       936201        10.67
        0.26     0.912500       936201        11.43
        0.27     0.918750       982882        12.31
        0.27     0.925000       982882        13.33
        0.27     0.931250       982882        14.55
        0.27     0.937500       982882        16.00
        0.27     0.940625       982882        16.84
        0.27     0.943750       982882        17.78
        0.27     0.946875       982882        18.82
        0.27     0.950000       982882        20.00
        0.27     0.953125       982882        21.33
        0.27     0.956250       982882        22.86
        0.27     0.959375       982882        24.62
        0.28     0.962500      1006926        26.67
        0.28     0.965625      1006926        29.09
        0.28     0.968750      1006926        32.00
        0.28     0.970313      1006926        33.68
        0.28     0.971875      1006926        35.56
        0.28     0.973437      1006926        37.65
        0.28     0.975000      1006926        40.00
        0.28     0.976562      1006926        42.67
        0.28     0.978125      1006926        45.71
        0.28     0.979688      1006926        49.23
        0.28     0.981250      1006926        53.33
        0.28     0.982812      1006926        58.18
        0.29     0.984375      1017491        64.00
        0.29     0.985156      1017491        67.37
        0.29     0.985938      1017491        71.11
        0.29     0.986719      1017491        75.29
        0.29     0.987500      1017491        80.00
        0.29     0.988281      1017491        85.33
        0.29     0.989062      1017491        91.43
        0.29     0.989844      1017491        98.46
        0.29     0.990625      1017491       106.67
        0.29     0.991406      1017491       116.36
        0.29     0.992188      1017491       128.00
        0.29     0.992578      1017491       134.74
        0.29     0.992969      1017491       142.22
        0.29     0.993359      1017491       150.59
        0.29     0.993750      1017491       160.00
        0.29     0.994141      1021539       170.67
        0.29     0.994531      1021539       182.86
        0.29     0.994922      1021539       196.92
        0.29     0.995313      1021539       213.33
        0.29     0.995703      1021539       232.73
        0.29     0.996094      1021539       256.00
        0.29     0.996289      1021539       269.47
        0.29     0.996484      1021539       284.44
        0.29     0.996680      1021539       301.18
        0.29     0.996875      1021539       320.00
        0.29     0.997070      1021539       341.33
        0.29     0.997266      1021539       365.71
        0.29     0.997461      1021539       393.85
        0.29     0.997656      1021539       426.67
        0.30     0.997852      1022885       465.45
        0.30     0.998047      1022885       512.00
        0.30     0.998145      1022885       538.95
        0.30     0.998242      1022885       568.89
        0.30     0.998340      1022885       602.35
        0.30     0.998437      1022885       640.00
        0.30     0.998535      1022885       682.67
        0.30     0.998633      1022885       731.43
        0.30     0.998730      1022885       787.69
        0.30     0.998828      1022885       853.33
        0.30     0.998926      1022885       930.91
        0.30     0.999023      1022885      1024.00
        0.31     0.999072      1023327      1077.89
        0.31     0.999121      1023327      1137.78
        0.31     0.999170      1023327      1204.71
        0.31     0.999219      1023327      1280.00
        0.31     0.999268      1023327      1365.33
        0.31     0.999316      1023327      1462.86
        0.31     0.999365      1023327      1575.38
        0.31     0.999414      1023327      1706.67
        0.31     0.999463      1023327      1861.82
        0.32     0.999512      1023463      2048.00
        0.32     0.999536      1023463      2155.79
        0.32     0.999561      1023463      2275.56
        0.32     0.999585      1023463      2409.41
        0.32     0.999609      1023463      2560.00
        0.33     0.999634      1023519      2730.67
        0.33     0.999658      1023519      2925.71
        0.33     0.999683      1023519      3150.77
        0.34     0.999707      1023543      3413.33
        0.34     0.999731      1023569      3723.64
        0.35     0.999756      1023595      4096.00
        0.36     0.999768      1023612      4311.58
        0.37     0.999780      1023638      4551.11
        0.37     0.999792      1023638      4818.82
        0.38     0.999805      1023657      5120.00
        0.38     0.999817      1023657      5461.33
        0.38     0.999829      1023681      5851.43
        0.38     0.999841      1023681      6301.54
        0.39     0.999854      1023692      6826.67
        0.40     0.999866      1023704      7447.27
        0.41     0.999878      1023716      8192.00
        0.41     0.999884      1023732      8623.16
        0.41     0.999890      1023732      9102.22
        0.42     0.999896      1023760      9637.65
        0.42     0.999902      1023760     10240.00
        0.42     0.999908      1023760     10922.67
        0.42     0.999915      1023760     11702.86
        0.42     0.999921      1023760     12603.08
        0.43     0.999927      1023788     13653.33
        0.43     0.999933      1023788     14894.55
        0.43     0.999939      1023788     16384.00
        0.43     0.999942      1023788     17246.32
        0.43     0.999945      1023788     18204.44
        0.43     0.999948      1023788     19275.29
        0.44     0.999951      1023800     20480.00
        0.44     0.999954      1023800     21845.33
        0.44     0.999957      1023800     23405.71
        0.44     0.999960      1023800     25206.15
        0.45     0.999963      1023806     27306.67
        0.45     0.999966      1023806     29789.09
        0.46     0.999969      1023817     32768.00
        0.46     0.999971      1023817     34492.63
        0.46     0.999973      1023817     36408.89
        0.46     0.999974      1023817     38550.59
        0.46     0.999976      1023817     40960.00
        0.46     0.999977      1023817     43690.67
        0.46     0.999979      1023822     46811.43
        0.46     0.999980      1023822     50412.31
        0.46     0.999982      1023822     54613.33
        0.47     0.999983      1023828     59578.18
        0.47     0.999985      1023828     65536.00
        0.47     0.999986      1023828     68985.26
        0.47     0.999986      1023828     72817.78
        0.47     0.999987      1023828     77101.18
        0.47     0.999988      1023828     81920.00
        0.48     0.999989      1023834     87381.33
        0.48     0.999989      1023834     93622.86
        0.48     0.999990      1023834    100824.62
        0.48     0.999991      1023834    109226.67
        0.48     0.999992      1023834    119156.36
        0.48     0.999992      1023834    131072.00
        0.48     0.999993      1023834    137970.53
        0.48     0.999993      1023834    145635.56
        0.48     0.999994      1023834    154202.35
        0.48     0.999994      1023834    163840.00
        0.49     0.999994      1023838    174762.67
        0.49     0.999995      1023838    187245.71
        0.49     0.999995      1023838    201649.23
        0.49     0.999995      1023838    218453.33
        0.49     0.999996      1023838    238312.73
        0.49     0.999996      1023838    262144.00
        0.49     0.999996      1023838    275941.05
        0.49     0.999997      1023838    291271.11
        0.49     0.999997      1023838    308404.71
        0.49     0.999997      1023838    327680.00
        0.49     0.999997      1023838    349525.33
        0.49     0.999997      1023838    374491.43
        0.49     0.999998      1023838    403298.46
        0.49     0.999998      1023838    436906.67
        0.49     0.999998      1023838    476625.45
        0.49     0.999998      1023839    524288.00
        0.49     0.999998      1023839    551882.11
        0.49     0.999998      1023839    582542.22
        0.49     0.999998      1023839    616809.41
        0.49     0.999998      1023839    655360.00
        0.49     0.999999      1023839    699050.67
        0.49     0.999999      1023839    748982.86
        0.49     0.999999      1023839    806596.92
        0.49     0.999999      1023839    873813.33
        0.49     0.999999      1023839    953250.91
        0.53     0.999999      1023840   1048576.00
        0.53     1.000000      1023840          inf
#[Mean    =        0.234, StdDeviation   =        0.021]
#[Max     =        0.527, Total count    =      1023840]
#[Buckets =           20, SubBuckets     =          256]
