       Value   Percentile   TotalCount 1/(1-Percentile)

        0.20     0.000000            3         1.00
        0.45     0.050000        19404         1.05
        0.48     0.100000        38610         1.11
        0.53     0.150000        56117         1.18
        0.56     0.200000        74084         1.25
        0.57     0.250000        91802         1.33
        0.59     0.300000       113471         1.43
        0.61     0.350000       133823         1.54
        0.62     0.400000       149382         1.67
        0.65     0.450000       166014         1.82
        0.67     0.500000       186804         2.00
        0.68     0.525000       196217         2.11
        0.69     0.550000       206532         2.22
        0.69     0.575000       206532         2.35
        0.69     0.600000       217618         2.50
        0.70     0.625000       228995         2.67
        0.71     0.650000       240304         2.86
        0.72     0.675000       251598         3.08
        0.72     0.700000       251598         3.33
        0.73     0.725000       262255         3.64
        0.73     0.750000       272091         4.00
        0.74     0.762500       280724         4.21
        0.74     0.775000       280724         4.44
        0.75     0.787500       287772         4.71
        0.75     0.800000       287772         5.00
        0.76     0.812500       293400         5.33
        0.77     0.825000       297776         5.71
        0.78     0.837500       301040         6.15
        0.79     0.850000       304902         6.67
        0.86     0.862500       309736         7.27
        0.90     0.875000       314301         8.00
        0.90     0.881250       316418         8.42
        0.91     0.887500       319079         8.89
        0.92     0.893750       322253         9.41
        0.93     0.900000       325960        10.00
        0.93     0.906250       325960        10.67
        0.94     0.912500       329834        11.43
        0.94     0.918750       329834        12.31
        0.94     0.925000       334036        13.33
        0.94     0.931250       334036        14.55
        0.95     0.937500       338248        16.00
        0.95     0.940625       338248        16.84
        0.96     0.943750       342314        17.78
        0.96     0.946875       342314        18.82
        0.96     0.950000       342314        20.00
        0.96     0.953125       342314        21.33
        0.97     0.956250       346021        22.86
        0.97     0.959375       346021        24.62
        0.97     0.962500       346021        26.67
        0.97     0.965625       349210        29.09
        0.97     0.968750       349210        32.00
        0.97     0.970313       349210        33.68
        0.97     0.971875       349210        35.56
        0.97     0.973437       349210        37.65
        0.98     0.975000       351835        40.00
        0.98     0.976562       351835        42.67
        0.98     0.978125       351835        45.71
        0.98     0.979688       351835        49.23
        0.99     0.981250       353895        53.33
        0.99     0.982812       353895        58.18
        0.99     0.984375       353895        64.00
        0.99     0.985156       353895        67.37
        0.99     0.985938       353895        71.11
        1.00     0.986719       355426        75.29
        1.00     0.987500       355426        80.00
        1.00     0.988281       355426        85.33
        1.00     0.989062       355426        91.43
        1.00     0.989844       355426        98.46
        1.00     0.990625       355426       106.67
        1.01     0.991406       356540       116.36
        1.01     0.992188       356540       128.00
        1.01     0.992578       356540       134.74
        1.01     0.992969       356540       142.22
        1.01     0.993359       356540       150.59
        1.01     0.993750       356540       160.00
        1.01     0.994141       357272       170.67
        1.01     0.994531       357272       182.86
        1.01     0.994922       357272       196.92
        1.01     0.995313       357272       213.33
        1.01     0.995703       357272       232.73
        1.02     0.996094       357749       256.00
        1.02     0.996289       357749       269.47
        1.02     0.996484       357749       284.44
        1.02     0.996680       357749       301.18
        1.02     0.996875       357749       320.00
        1.02     0.997070       357749       341.33
        1.02     0.997266       357749       365.71
        1.03     0.997461       358051       393.85
        1.03     0.997656       358051       426.67
        1.03     0.997852       358051       465.45
        1.03     0.998047       358051       512.00
        1.03     0.998145       358051       538.95
        1.03     0.998242       358051       568.89
        1.04     0.998340       358271       602.35
        1.04     0.998437       358271       640.00
        1.04     0.998535       358271       682.67
        1.04     0.998633       358271       731.43
        1.04     0.998730       358271       787.69
        1.04     0.998828       358271       853.33
        1.05     0.998926       358404       930.91
        1.05     0.999023       358404      1024.00
        1.05     0.999072       358404      1077.89
        1.05     0.999121       358404      1137.78
        1.05     0.999170       358404      1204.71
        1.05     0.999219       358404      1280.00
        1.05     0.999268       358502      1365.33
        1.05     0.999316       358502      1462.86
        1.05     0.999365       358502      1575.38
        1.05     0.999414       358502      1706.67
        1.05     0.999463       358502      1861.82
        1.06     0.999512       358553      2048.00
        1.06     0.999536       358553      2155.79
        1.06     0.999561       358553      2275.56
        1.06     0.999585       358553      2409.41
        1.06     0.999609       358553      2560.00
        1.06     0.999634       358553      2730.67
        1.07     0.999658       358582      2925.71
        1.07     0.999683       358582      3150.77
        1.07     0.999707       358582      3413.33
        1.07     0.999731       358582      3723.64
        1.08     0.999756       358605      4096.00
        1.08     0.999768       358605      4311.58
        1.08     0.999780       358605      4551.11
        1.08     0.999792       358605      4818.82
        1.09     0.999805       358613      5120.00
        1.09     0.999817       358613      5461.33
        1.09     0.999829       358621      5851.43
        1.10     0.999841       358627      6301.54
        1.10     0.999854       358627      6826.67
        1.12     0.999866       358636      7447.27
        1.12     0.999878       358636      8192.00
        1.13     0.999884       358640      8623.16
        1.13     0.999890       358640      9102.22
        1.14     0.999896       358642      9637.65
        1.14     0.999902       358645     10240.00
        1.15     0.999908       358646     10922.67
        1.18     0.999915       358649     11702.86
        1.19     0.999921       358651     12603.08
        1.20     0.999927       358652     13653.33
        1.22     0.999933       358656     14894.55
        1.23     0.999939       358657     16384.00
        1.25     0.999942       358659     17246.32
        1.25     0.999945       358659     18204.44
        1.26     0.999948       358660     19275.29
        1.29     0.999951       358661     20480.00
        1.30     0.999954       358663     21845.33
        1.30     0.999957       358663     23405.71
        1.34     0.999960       358664     25206.15
        1.35     0.999963       358666     27306.67
        1.35     0.999966       358666     29789.09
        1.40     0.999969       358668     32768.00
        1.40     0.999971       358668     34492.63
        1.42     0.999973       358669     36408.89
        1.42     0.999974       358669     38550.59
        1.44     0.999976       358670     40960.00
        1.44     0.999977       358670     43690.67
        1.46     0.999979       358671     46811.43
        1.46     0.999980       358671     50412.31
        1.47     0.999982       358672     54613.33
        1.47     0.999983       358672     59578.18
        1.48     0.999985       358673     65536.00
        1.48     0.999986       358673     68985.26
        1.61     0.999986       358674     72817.78
        1.61     0.999987       358674     77101.18
        1.61     0.999988       358674     81920.00
        1.61     0.999989       358674     87381.33
        3.52     0.999989       358675     93622.86
        3.52     0.999990       358675    100824.62
        3.52     0.999991       358675    109226.67
        3.52     0.999992       358675    119156.36
        3.62     0.999992       358676    131072.00
        3.62     0.999993       358676    137970.53
        3.62     0.999993       358676    145635.56
        3.62     0.999994       358676    154202.35
        3.62     0.999994       358676    163840.00
        3.62     0.999994       358676    174762.67
        4.00     0.999995       358677    187245.71
        4.00     0.999995       358677    201649.23
        4.00     0.999995       358677    218453.33
        4.00     0.999996       358677    238312.73
        4.00     0.999996       358677    262144.00
        4.00     0.999996       358677    275941.05
        4.00     0.999997       358677    291271.11
        4.00     0.999997       358677    308404.71
        4.00     0.999997       358677    327680.00
        4.00     0.999997       358677    349525.33
        4.13     0.999997       358678    374491.43
        4.13     1.000000       358678          inf
#[Mean    =        0.668, StdDeviation   =        0.145]
#[Max     =        4.127, Total count    =       358678]
#[Buckets =           20, SubBuckets     =          256]
