       Value   Percentile   TotalCount 1/(1-Percentile)

        0.17     0.000000            1         1.00
        0.39     0.050000        26231         1.05
        0.41     0.100000        61831         1.11
        0.42     0.150000        79823         1.18
        0.44     0.200000       125285         1.25
        0.45     0.250000       152925         1.33
        0.45     0.300000       152925         1.43
        0.46     0.350000       183769         1.54
        0.46     0.400000       217968         1.67
        0.47     0.450000       253957         1.82
        0.47     0.500000       253957         2.00
        0.48     0.525000       289948         2.11
        0.48     0.550000       289948         2.22
        0.49     0.575000       323982         2.35
        0.49     0.600000       323982         2.50
        0.49     0.625000       323982         2.67
        0.49     0.650000       355457         2.86
        0.49     0.675000       355457         3.08
        0.49     0.700000       355457         3.33
        0.50     0.725000       383023         3.64
        0.50     0.750000       383023         4.00
        0.51     0.762500       406696         4.21
        0.51     0.775000       406696         4.44
        0.51     0.787500       406696         4.71
        0.51     0.800000       406696         5.00
        0.52     0.812500       426238         5.33
        0.52     0.825000       426238         5.71
        0.52     0.837500       426238         6.15
        0.53     0.850000       442213         6.67
        0.53     0.862500       442213         7.27
        0.54     0.875000       455004         8.00
        0.54     0.881250       455004         8.42
        0.54     0.887500       455004         8.89
        0.54     0.893750       455004         9.41
        0.54     0.900000       465343        10.00
        0.54     0.906250       465343        10.67
        0.54     0.912500       465343        11.43
        0.55     0.918750       473595        12.31
        0.55     0.925000       473595        13.33
        0.55     0.931250       473595        14.55
        0.56     0.937500       480103        16.00
        0.56     0.940625       480103        16.84
        0.56     0.943750       480103        17.78
        0.57     0.946875       485451        18.82
        0.57     0.950000       485451        20.00
        0.57     0.953125       485451        21.33
        0.57     0.956250       485451        22.86
        0.57     0.959375       489886        24.62
        0.57     0.962500       489886        26.67
        0.57     0.965625       489886        29.09
        0.58     0.968750       493563        32.00
        0.58     0.970313       493563        33.68
        0.58     0.971875       493563        35.56
        0.59     0.973437       496581        37.65
        0.59     0.975000       496581        40.00
        0.59     0.976562       496581        42.67
        0.59     0.978125       496581        45.71
        0.60     0.979688       499131        49.23
        0.60     0.981250       499131        53.33
        0.60     0.982812       499131        58.18
        0.61     0.984375       501197        64.00
        0.61     0.985156       501197        67.37
        0.61     0.985938       501197        71.11
        0.61     0.986719       501197        75.29
        0.61     0.987500       501197        80.00
        0.61     0.988281       502762        85.33
        0.61     0.989062       502762        91.43
        0.61     0.989844       502762        98.46
        0.61     0.990625       502762       106.67
        0.62     0.991406       503971       116.36
        0.62     0.992188       503971       128.00
        0.62     0.992578       503971       134.74
        0.62     0.992969       503971       142.22
        0.62     0.993359       503971       150.59
        0.63     0.993750       504903       160.00
        0.63     0.994141       504903       170.67
        0.63     0.994531       504903       182.86
        0.63     0.994922       504903       196.92
        0.63     0.995313       504903       213.33
        0.64     0.995703       505583       232.73
        0.64     0.996094       505583       256.00
        0.64     0.996289       505583       269.47
        0.64     0.996484       505583       284.44
        0.64     0.996680       505583       301.18
        0.65     0.996875       506039       320.00
        0.65     0.997070       506039       341.33
        0.65     0.997266       506039       365.71
        0.65     0.997461       506039       393.85
        0.65     0.997656       506039       426.67
        0.66     0.997852       506393       465.45
        0.66     0.998047       506393       512.00
        0.66     0.998145       506393       538.95
        0.66     0.998242       506393       568.89
        0.66     0.998340       506393       602.35
        0.66     0.998437       506628       640.00
        0.66     0.998535       506628       682.67
        0.66     0.998633       506628       731.43
        0.66     0.998730       506628       787.69
        0.67     0.998828       506780       853.33
        0.67     0.998926       506780       930.91
        0.67     0.999023       506780      1024.00
        0.67     0.999072       506780      1077.89
        0.67     0.999121       506780      1137.78
        0.68     0.999170       506898      1204.71
        0.68     0.999219       506898      1280.00
        0.68     0.999268       506898      1365.33
        0.68     0.999316       506898      1462.86
        0.69     0.999365       506973      1575.38
        0.69     0.999414       506973      1706.67
        0.69     0.999463       506973      1861.82
        0.69     0.999512       507023      2048.00
        0.69     0.999536       507023      2155.79
        0.69     0.999561       507023      2275.56
        0.69     0.999585       507023      2409.41
        0.70     0.999609       507065      2560.00
        0.70     0.999634       507065      2730.67
        0.70     0.999658       507065      2925.71
        0.70     0.999683       507065      3150.77
        0.71     0.999707       507090      3413.33
        0.71     0.999731       507090      3723.64
        0.72     0.999756       507107      4096.00
        0.73     0.999768       507128      4311.58
        0.73     0.999780       507128      4551.11
        0.73     0.999792       507128      4818.82
        0.73     0.999805       507128      5120.00
        0.73     0.999817       507138      5461.33
        0.74     0.999829       507150      5851.43
        0.74     0.999841       507150      6301.54
        0.75     0.999854       507154      6826.67
        0.77     0.999866       507162      7447.27
        0.78     0.999878       507166      8192.00
        0.78     0.999884       507170      8623.16
        0.78     0.999890       507170      9102.22
        0.79     0.999896       507173      9637.65
        0.81     0.999902       507176     10240.00
        0.82     0.999908       507181     10922.67
        0.83     0.999915       507182     11702.86
        0.87     0.999921       507185     12603.08
        0.94     0.999927       507189     13653.33
        1.60     0.999933       507191     14894.55
        1.67     0.999939       507195     16384.00
        1.74     0.999942       507196     17246.32
        1.94     0.999945       507198     18204.44
        2.01     0.999948       507199     19275.29
        2.05     0.999951       507201     20480.00
        2.06     0.999954       507203     21845.33
        2.14     0.999957       507205     23405.71
        2.14     0.999960       507205     25206.15
        2.16     0.999963       507207     27306.67
        2.19     0.999966       507209     29789.09
        2.21     0.999969       507210     32768.00
        2.25     0.999971       507211     34492.63
        2.29     0.999973       507213     36408.89
        2.29     0.999974       507213     38550.59
        2.29     0.999976       507213     40960.00
        2.32     0.999977       507214     43690.67
        2.46     0.999979       507215     46811.43
        2.46     0.999980       507215     50412.31
        2.53     0.999982       507217     54613.33
        2.53     0.999983       507217     59578.18
        2.58     0.999985       507218     65536.00
        2.58     0.999986       507218     68985.26
        2.61     0.999986       507219     72817.78
        2.61     0.999987       507219     77101.18
        2.61     0.999988       507219     81920.00
        2.64     0.999989       507220     87381.33
        2.64     0.999989       507220     93622.86
        2.64     0.999990       507220    100824.62
        2.67     0.999991       507221    109226.67
        2.67     0.999992       507221    119156.36
        2.70     0.999992       507222    131072.00
        2.70     0.999993       507222    137970.53
        2.70     0.999993       507222    145635.56
        2.70     0.999994       507222    154202.35
        2.70     0.999994       507222    163840.00
        2.80     0.999994       507223    174762.67
        2.80     0.999995       507223    187245.71
        2.80     0.999995       507223    201649.23
        2.80     0.999995       507223    218453.33
        2.80     0.999996       507223    238312.73
        2.85     0.999996       507224    262144.00
        2.85     0.999996       507224    275941.05
        2.85     0.999997       507224    291271.11
        2.85     0.999997       507224    308404.71
        2.85     0.999997       507224    327680.00
        2.85     0.999997       507224    349525.33
        2.85     0.999997       507224    374491.43
        2.85     0.999998       507224    403298.46
        2.85     0.999998       507224    436906.67
        2.85     0.999998       507224    476625.45
        2.96     0.999998       507225    524288.00
        2.96     1.000000       507225          inf
#[Mean    =        0.473, StdDeviation   =        0.055]
#[Max     =        2.959, Total count    =       507225]
#[Buckets =           20, SubBuckets     =          256]
