       Value   Percentile   TotalCount 1/(1-Percentile)

        0.26     0.000000            1         1.00
        0.59     0.050000        20576         1.05
        0.61     0.100000        38589         1.11
        0.63     0.150000        57012         1.18
        0.65     0.200000        81788         1.25
        0.66     0.250000        95981         1.33
        0.66     0.300000       111659         1.43
        0.67     0.350000       128519         1.54
        0.68     0.400000       146257         1.67
        0.69     0.450000       164547         1.82
        0.69     0.500000       182873         2.00
        0.69     0.525000       182873         2.11
        0.70     0.550000       200930         2.22
        0.70     0.575000       200930         2.35
        0.71     0.600000       218270         2.50
        0.71     0.625000       218270         2.67
        0.72     0.650000       234466         2.86
        0.72     0.675000       234466         3.08
        0.73     0.700000       249469         3.33
        0.73     0.725000       263317         3.64
        0.73     0.750000       263317         4.00
        0.74     0.762500       275299         4.21
        0.74     0.775000       275299         4.44
        0.74     0.787500       275299         4.71
        0.75     0.800000       286188         5.00
        0.75     0.812500       286188         5.33
        0.75     0.825000       286188         5.71
        0.76     0.837500       295839         6.15
        0.76     0.850000       295839         6.67
        0.77     0.862500       304023         7.27
        0.77     0.875000       304023         8.00
        0.78     0.881250       311088         8.42
        0.78     0.887500       311088         8.89
        0.78     0.893750       311088         9.41
        0.78     0.900000       317150        10.00
        0.78     0.906250       317150        10.67
        0.78     0.912500       317150        11.43
        0.79     0.918750       322127        12.31
        0.79     0.925000       322127        13.33
        0.80     0.931250       326365        14.55
        0.80     0.937500       326365        16.00
        0.80     0.940625       326365        16.84
        0.81     0.943750       329809        17.78
        0.81     0.946875       329809        18.82
        0.81     0.950000       329809        20.00
        0.81     0.953125       332801        21.33
        0.81     0.956250       332801        22.86
        0.81     0.959375       332801        24.62
        0.82     0.962500       335211        26.67
        0.82     0.965625       335211        29.09
        0.83     0.968750       337255        32.00
        0.83     0.970313       337255        33.68
        0.83     0.971875       337255        35.56
        0.83     0.973437       337255        37.65
        0.84     0.975000       338851        40.00
        0.84     0.976562       338851        42.67
        0.84     0.978125       338851        45.71
        0.85     0.979688       340221        49.23
        0.85     0.981250       340221        53.33
        0.85     0.982812       340221        58.18
        0.85     0.984375       341294        64.00
        0.85     0.985156       341294        67.37
        0.85     0.985938       341294        71.11
        0.86     0.986719       342140        75.29
        0.86     0.987500       342140        80.00
        0.86     0.988281       342140        85.33
        0.87     0.989062       342865        91.43
        0.87     0.989844       342865        98.46
        0.87     0.990625       342865       106.67
        0.88     0.991406       343437       116.36
        0.88     0.992188       343437       128.00
        0.89     0.992578       343899       134.74
        0.89     0.992969       343899       142.22
        0.89     0.993359       343899       150.59
        0.89     0.993750       343899       160.00
        0.90     0.994141       344279       170.67
        0.90     0.994531       344279       182.86
        0.90     0.994922       344578       196.92
        0.90     0.995313       344578       213.33
        0.90     0.995703       344578       232.73
        0.91     0.996094       344803       256.00
        0.91     0.996289       344803       269.47
        0.92     0.996484       345005       284.44
        0.92     0.996680       345005       301.18
        0.92     0.996875       345005       320.00
        0.93     0.997070       345158       341.33
        0.93     0.997266       345158       365.71
        0.94     0.997461       345274       393.85
        0.94     0.997656       345274       426.67
        0.94     0.997852       345366       465.45
        0.94     0.998047       345366       512.00
        0.95     0.998145       345455       538.95
        0.95     0.998242       345455       568.89
        0.96     0.998340       345522       602.35
        0.96     0.998437       345522       640.00
        0.97     0.998535       345569       682.67
        0.97     0.998633       345569       731.43
        0.98     0.998730       345619       787.69
        0.99     0.998828       345645       853.33
        1.00     0.998926       345670       930.91
        1.01     0.999023       345711      1024.00
        1.02     0.999072       345725      1077.89
        1.04     0.999121       345751      1137.78
        1.05     0.999170       345756      1204.71
        1.06     0.999219       345783      1280.00
        1.07     0.999268       345791      1365.33
        1.09     0.999316       345805      1462.86
        1.10     0.999365       345822      1575.38
        1.12     0.999414       345838      1706.67
        1.14     0.999463       345855      1861.82
        1.15     0.999512       345874      2048.00
        1.16     0.999536       345885      2155.79
        1.17     0.999561       345891      2275.56
        1.18     0.999585       345899      2409.41
        1.18     0.999609       345910      2560.00
        1.19     0.999634       345919      2730.67
        1.20     0.999658       345926      2925.71
        1.21     0.999683       345932      3150.77
        1.22     0.999707       345938      3413.33
        1.24     0.999731       345952      3723.64
        1.25     0.999756       345956      4096.00
        1.26     0.999768       345959      4311.58
        1.29     0.999780       345963      4551.11
        1.30     0.999792       345968      4818.82
        1.32     0.999805       345972      5120.00
        1.33     0.999817       345978      5461.33
        1.34     0.999829       345980      5851.43
        1.37     0.999841       345988      6301.54
        1.38     0.999854       345990      6826.67
        1.38     0.999866       345996      7447.27
        1.39     0.999878       345997      8192.00
        1.43     0.999884       345999      8623.16
        1.44     0.999890       346001      9102.22
        1.46     0.999896       346004      9637.65
        1.52     0.999902       346006     10240.00
        1.54     0.999908       346009     10922.67
        1.57     0.999915       346010     11702.86
        1.58     0.999921       346012     12603.08
        1.60     0.999927       346014     13653.33
        2.25     0.999933       346016     14894.55
        2.86     0.999939       346018     16384.00
        2.88     0.999942       346019     17246.32
        3.04     0.999945       346020     18204.44
        3.58     0.999948       346022     19275.29
        3.73     0.999951       346023     20480.00
        3.85     0.999954       346024     21845.33
        4.01     0.999957       346025     23405.71
        4.06     0.999960       346026     25206.15
        4.13     0.999963       346028     27306.67
        4.13     0.999966       346028     29789.09
        4.22     0.999969       346029     32768.00
        4.22     0.999971       346029     34492.63
        4.35     0.999973       346031     36408.89
        4.35     0.999974       346031     38550.59
        4.35     0.999976       346031     40960.00
        4.38     0.999977       346032     43690.67
        4.38     0.999979       346032     46811.43
        4.48     0.999980       346033     50412.31
        4.48     0.999982       346033     54613.33
        4.51     0.999983       346034     59578.18
        4.51     0.999985       346034     65536.00
        4.51     0.999986       346034     68985.26
        4.74     0.999986       346036     72817.78
        4.74     0.999987       346036     77101.18
        4.74     0.999988       346036     81920.00
        4.74     0.999989       346036     87381.33
        4.74     0.999989       346036     93622.86
        4.74     0.999990       346036    100824.62
        4.74     0.999991       346036    109226.67
        4.77     0.999992       346037    119156.36
        4.77     0.999992       346037    131072.00
        4.77     0.999993       346037    137970.53
        4.77     0.999993       346037    145635.56
        4.77     0.999994       346037    154202.35
        4.77     0.999994       346037    163840.00
        4.86     0.999994       346038    174762.67
        4.86     0.999995       346038    187245.71
        4.86     0.999995       346038    201649.23
        4.86     0.999995       346038    218453.33
        4.86     0.999996       346038    238312.73
        4.86     0.999996       346038    262144.00
        4.86     0.999996       346038    275941.05
        4.86     0.999997       346038    291271.11
        4.86     0.999997       346038    308404.71
        4.86     0.999997       346038    327680.00
        5.15     0.999997       346039    349525.33
        5.15     1.000000       346039          inf
#[Mean    =        0.693, StdDeviation   =        0.076]
#[Max     =        5.151, Total count    =       346039]
#[Buckets =           20, SubBuckets     =          256]
