       Value   Percentile   TotalCount 1/(1-Percentile)

        0.14     0.000000            2         1.00
        0.37     0.050000        40986         1.05
        0.38     0.100000        64876         1.11
        0.38     0.150000        98999         1.18
        0.39     0.200000       143405         1.25
        0.40     0.250000       196513         1.33
        0.40     0.300000       196513         1.43
        0.41     0.350000       255318         1.54
        0.41     0.400000       255318         1.67
        0.41     0.450000       314004         1.82
        0.41     0.500000       314004         2.00
        0.41     0.525000       314004         2.11
        0.42     0.550000       368339         2.22
        0.42     0.575000       368339         2.35
        0.42     0.600000       368339         2.50
        0.42     0.625000       368339         2.67
        0.43     0.650000       415382         2.86
        0.43     0.675000       415382         3.08
        0.43     0.700000       415382         3.33
        0.44     0.725000       454484         3.64
        0.44     0.750000       454484         4.00
        0.44     0.762500       454484         4.21
        0.44     0.775000       454484         4.44
        0.45     0.787500       486091         4.71
        0.45     0.800000       486091         5.00
        0.45     0.812500       486091         5.33
        0.45     0.825000       486091         5.71
        0.45     0.837500       486091         6.15
        0.46     0.850000       511220         6.67
        0.46     0.862500       511220         7.27
        0.46     0.875000       511220         8.00
        0.46     0.881250       511220         8.42
        0.46     0.887500       530136         8.89
        0.46     0.893750       530136         9.41
        0.46     0.900000       530136        10.00
        0.46     0.906250       530136        10.67
        0.46     0.912500       530136        11.43
        0.47     0.918750       544350        12.31
        0.47     0.925000       544350        13.33
        0.47     0.931250       544350        14.55
        0.47     0.937500       544350        16.00
        0.47     0.940625       544350        16.84
        0.48     0.943750       554475        17.78
        0.48     0.946875       554475        18.82
        0.48     0.950000       554475        20.00
        0.48     0.953125       554475        21.33
        0.48     0.956250       554475        22.86
        0.48     0.959375       554475        24.62
        0.49     0.962500       561845        26.67
        0.49     0.965625       561845        29.09
        0.49     0.968750       561845        32.00
        0.49     0.970313       561845        33.68
        0.49     0.971875       561845        35.56
        0.49     0.973437       566896        37.65
        0.49     0.975000       566896        40.00
        0.49     0.976562       566896        42.67
        0.49     0.978125       566896        45.71
        0.49     0.979688       566896        49.23
        0.49     0.981250       566896        53.33
        0.50     0.982812       570472        58.18
        0.50     0.984375       570472        64.00
        0.50     0.985156       570472        67.37
        0.50     0.985938       570472        71.11
        0.50     0.986719       570472        75.29
        0.50     0.987500       570472        80.00
        0.51     0.988281       572837        85.33
        0.51     0.989062       572837        91.43
        0.51     0.989844       572837        98.46
        0.51     0.990625       572837       106.67
        0.51     0.991406       572837       116.36
        0.51     0.992188       572837       128.00
        0.52     0.992578       574363       134.74
        0.52     0.992969       574363       142.22
        0.52     0.993359       574363       150.59
        0.52     0.993750       574363       160.00
        0.52     0.994141       574363       170.67
        0.52     0.994531       574363       182.86
        0.52     0.994922       574363       196.92
        0.53     0.995313       575304       213.33
        0.53     0.995703       575304       232.73
        0.53     0.996094       575304       256.00
        0.53     0.996289       575304       269.47
        0.53     0.996484       575304       284.44
        0.54     0.996680       575918       301.18
        0.54     0.996875       575918       320.00
        0.54     0.997070       575918       341.33
        0.54     0.997266       575918       365.71
        0.54     0.997461       575918       393.85
        0.54     0.997656       575918       426.67
        0.54     0.997852       576267       465.45
        0.54     0.998047       576267       512.00
        0.54     0.998145       576267       538.95
        0.54     0.998242       576267       568.89
        0.55     0.998340       576467       602.35
        0.55     0.998437       576467       640.00
        0.55     0.998535       576467       682.67
        0.55     0.998633       576467       731.43
        0.56     0.998730       576583       787.69
        0.56     0.998828       576583       853.33
        0.57     0.998926       576648       930.91
        0.58     0.999023       576710      1024.00
        0.58     0.999072       576710      1077.89
        0.59     0.999121       576734      1137.78
        0.61     0.999170       576766      1204.71
        0.63     0.999219       576796      1280.00
        0.66     0.999268       576823      1365.33
        0.68     0.999316       576847      1462.86
        0.71     0.999365       576881      1575.38
        0.73     0.999414       576912      1706.67
        0.75     0.999463       576933      1861.82
        0.79     0.999512       576964      2048.00
        0.82     0.999536       576974      2155.79
        0.85     0.999561       576988      2275.56
        0.86     0.999585       577006      2409.41
        0.88     0.999609       577028      2560.00
        0.89     0.999634       577040      2730.67
        0.90     0.999658       577047      2925.71
        0.91     0.999683       577060      3150.77
        0.94     0.999707       577073      3413.33
        0.97     0.999731       577086      3723.64
        1.81     0.999756       577102      4096.00
        1.93     0.999768       577110      4311.58
        1.99     0.999780       577116      4551.11
        2.02     0.999792       577122      4818.82
        2.06     0.999805       577133      5120.00
        2.08     0.999817       577137      5461.33
        2.10     0.999829       577143      5851.43
        2.11     0.999841       577150      6301.54
        2.14     0.999854       577159      6826.67
        2.16     0.999866       577164      7447.27
        2.19     0.999878       577180      8192.00
        2.19     0.999884       577180      8623.16
        2.19     0.999890       577180      9102.22
        2.21     0.999896       577198      9637.65
        2.21     0.999902       577198     10240.00
        2.21     0.999908       577198     10922.67
        2.21     0.999915       577198     11702.86
        2.21     0.999921       577198     12603.08
        2.22     0.999927       577205     13653.33
        2.22     0.999933       577205     14894.55
        2.24     0.999939       577212     16384.00
        2.24     0.999942       577212     17246.32
        2.24     0.999945       577212     18204.44
        2.24     0.999948       577212     19275.29
        2.25     0.999951       577220     20480.00
        2.25     0.999954       577220     21845.33
        2.25     0.999957       577220     23405.71
        2.25     0.999960       577220     25206.15
        2.25     0.999963       577220     27306.67
        2.27     0.999966       577226     29789.09
        2.27     0.999969       577226     32768.00
        2.27     0.999971       577226     34492.63
        2.27     0.999973       577226     36408.89
        2.29     0.999974       577228     38550.59
        2.29     0.999976       577228     40960.00
        2.29     0.999977       577228     43690.67
        2.30     0.999979       577229     46811.43
        2.32     0.999980       577233     50412.31
        2.32     0.999982       577233     54613.33
        2.32     0.999983       577233     59578.18
        2.32     0.999985       577233     65536.00
        2.32     0.999986       577233     68985.26
        2.33     0.999986       577234     72817.78
        2.33     0.999987       577234     77101.18
        2.33     0.999988       577234     81920.00
        2.37     0.999989       577235     87381.33
        2.37     0.999989       577235     93622.86
        2.42     0.999990       577236    100824.62
        2.42     0.999991       577236    109226.67
        2.43     0.999992       577237    119156.36
        2.43     0.999992       577237    131072.00
        2.43     0.999993       577237    137970.53
        2.67     0.999993       577238    145635.56
        2.67     0.999994       577238    154202.35
        2.67     0.999994       577238    163840.00
        2.67     0.999994       577238    174762.67
        2.67     0.999995       577238    187245.71
        2.90     0.999995       577240    201649.23
        2.90     0.999995       577240    218453.33
        2.90     0.999996       577240    238312.73
        2.90     0.999996       577240    262144.00
        2.90     0.999996       577240    275941.05
        2.90     0.999997       577240    291271.11
        2.90     0.999997       577240    308404.71
        2.90     0.999997       577240    327680.00
        2.90     0.999997       577240    349525.33
        2.90     0.999997       577240    374491.43
        2.90     0.999998       577240    403298.46
        2.90     0.999998       577240    436906.67
        2.90     0.999998       577240    476625.45
        2.90     0.999998       577240    524288.00
        2.90     0.999998       577240    551882.11
        2.99     0.999998       577241    582542.22
        2.99     1.000000       577241          inf
#[Mean    =        0.415, StdDeviation   =        0.046]
#[Max     =        2.991, Total count    =       577241]
#[Buckets =           20, SubBuckets     =          256]
