       Value   Percentile   TotalCount 1/(1-Percentile)

        0.26     0.000000            2         1.00
        0.41     0.050000        24407         1.05
        0.44     0.100000        41092         1.11
        0.49     0.150000        62188         1.18
        0.51     0.200000        80743         1.25
        0.53     0.250000       104123         1.33
        0.54     0.300000       118073         1.43
        0.55     0.350000       144090         1.54
        0.57     0.400000       162648         1.67
        0.59     0.450000       182253         1.82
        0.61     0.500000       199344         2.00
        0.61     0.525000       210440         2.11
        0.62     0.550000       222986         2.22
        0.63     0.575000       236475         2.35
        0.63     0.600000       236475         2.50
        0.64     0.625000       250386         2.67
        0.65     0.650000       264190         2.86
        0.66     0.675000       277556         3.08
        0.66     0.700000       277556         3.33
        0.66     0.725000       290120         3.64
        0.67     0.750000       301204         4.00
        0.67     0.762500       301204         4.21
        0.68     0.775000       310401         4.44
        0.68     0.787500       310401         4.71
        0.69     0.800000       317899         5.00
        0.69     0.812500       323626         5.33
        0.70     0.825000       327855         5.71
        0.71     0.837500       330911         6.15
        0.73     0.850000       334332         6.67
        0.79     0.862500       339065         7.27
        0.82     0.875000       346239         8.00
        0.83     0.881250       349619         8.42
        0.83     0.887500       349619         8.89
        0.84     0.893750       353668         9.41
        0.85     0.900000       358250        10.00
        0.85     0.906250       358250        10.67
        0.85     0.912500       363137        11.43
        0.85     0.918750       363137        12.31
        0.86     0.925000       368369        13.33
        0.86     0.931250       368369        14.55
        0.87     0.937500       373266        16.00
        0.87     0.940625       373266        16.84
        0.87     0.943750       373266        17.78
        0.87     0.946875       373266        18.82
        0.88     0.950000       377838        20.00
        0.88     0.953125       377838        21.33
        0.88     0.956250       377838        22.86
        0.88     0.959375       377838        24.62
        0.89     0.962500       381878        26.67
        0.89     0.965625       381878        29.09
        0.89     0.968750       381878        32.00
        0.89     0.970313       381878        33.68
        0.90     0.971875       385223        35.56
        0.90     0.973437       385223        37.65
        0.90     0.975000       385223        40.00
        0.90     0.976562       385223        42.67
        0.90     0.978125       385223        45.71
        0.90     0.979688       385223        49.23
        0.90     0.981250       387785        53.33
        0.90     0.982812       387785        58.18
        0.90     0.984375       387785        64.00
        0.90     0.985156       387785        67.37
        0.90     0.985938       387785        71.11
        0.90     0.986719       387785        75.29
        0.91     0.987500       389473        80.00
        0.91     0.988281       389473        85.33
        0.91     0.989062       389473        91.43
        0.91     0.989844       389473        98.46
        0.91     0.990625       389473       106.67
        0.92     0.991406       390720       116.36
        0.92     0.992188       390720       128.00
        0.92     0.992578       390720       134.74
        0.92     0.992969       390720       142.22
        0.92     0.993359       390720       150.59
        0.92     0.993750       390720       160.00
        0.92     0.994141       390720       170.67
        0.93     0.994531       391483       182.86
        0.93     0.994922       391483       196.92
        0.93     0.995313       391483       213.33
        0.93     0.995703       391483       232.73
        0.93     0.996094       391483       256.00
        0.94     0.996289       391967       269.47
        0.94     0.996484       391967       284.44
        0.94     0.996680       391967       301.18
        0.94     0.996875       391967       320.00
        0.94     0.997070       391967       341.33
        0.94     0.997266       391967       365.71
        0.94     0.997461       392284       393.85
        0.94     0.997656       392284       426.67
        0.94     0.997852       392284       465.45
        0.94     0.998047       392284       512.00
        0.94     0.998145       392284       538.95
        0.94     0.998242       392284       568.89
        0.95     0.998340       392457       602.35
        0.95     0.998437       392457       640.00
        0.95     0.998535       392457       682.67
        0.95     0.998633       392457       731.43
        0.96     0.998730       392560       787.69
        0.96     0.998828       392560       853.33
        0.96     0.998926       392560       930.91
        0.97     0.999023       392633      1024.00
        0.97     0.999072       392633      1077.89
        0.97     0.999121       392633      1137.78
        0.97     0.999170       392668      1204.71
        0.97     0.999219       392668      1280.00
        0.98     0.999268       392700      1365.33
        0.98     0.999316       392700      1462.86
        0.99     0.999365       392718      1575.38
        1.01     0.999414       392747      1706.67
        1.01     0.999463       392756      1861.82
        1.03     0.999512       392775      2048.00
        1.05     0.999536       392787      2155.79
        1.05     0.999561       392794      2275.56
        1.07     0.999585       392805      2409.41
        1.08     0.999609       392816      2560.00
        1.09     0.999634       392825      2730.67
        1.09     0.999658       392831      2925.71
        1.11     0.999683       392844      3150.77
        1.12     0.999707       392852      3413.33
        1.13     0.999731       392864      3723.64
        1.14     0.999756       392871      4096.00
        1.14     0.999768       392879      4311.58
        1.14     0.999780       392879      4551.11
        1.15     0.999792       392886      4818.82
        1.16     0.999805       392895      5120.00
        1.16     0.999817       392895      5461.33
        1.17     0.999829       392900      5851.43
        1.18     0.999841       392905      6301.54
        1.19     0.999854       392908      6826.67
        1.22     0.999866       392914      7447.27
        1.23     0.999878       392920      8192.00
        1.23     0.999884       392920      8623.16
        1.25     0.999890       392925      9102.22
        1.25     0.999896       392925      9637.65
        1.25     0.999902       392927     10240.00
        1.27     0.999908       392931     10922.67
        1.28     0.999915       392934     11702.86
        1.28     0.999921       392934     12603.08
        1.29     0.999927       392937     13653.33
        1.31     0.999933       392940     14894.55
        1.33     0.999939       392944     16384.00
        1.33     0.999942       392944     17246.32
        1.33     0.999945       392944     18204.44
        1.33     0.999948       392945     19275.29
        1.34     0.999951       392948     20480.00
        1.34     0.999954       392948     21845.33
        1.35     0.999957       392949     23405.71
        1.37     0.999960       392951     25206.15
        1.37     0.999963       392951     27306.67
        1.38     0.999966       392952     29789.09
        1.38     0.999969       392955     32768.00
        1.38     0.999971       392955     34492.63
        1.38     0.999973       392955     36408.89
        1.38     0.999974       392955     38550.59
        1.39     0.999976       392958     40960.00
        1.39     0.999977       392958     43690.67
        1.39     0.999979       392958     46811.43
        1.39     0.999980       392958     50412.31
        1.39     0.999982       392958     54613.33
        1.40     0.999983       392960     59578.18
        1.40     0.999985       392960     65536.00
        1.40     0.999986       392960     68985.26
        1.40     0.999986       392960     72817.78
        1.40     0.999987       392960     77101.18
        1.41     0.999988       392961     81920.00
        1.41     0.999989       392961     87381.33
        1.41     0.999989       392961     93622.86
        1.46     0.999990       392962    100824.62
        1.46     0.999991       392962    109226.67
        1.46     0.999992       392962    119156.36
        1.55     0.999992       392963    131072.00
        1.55     0.999993       392963    137970.53
        1.55     0.999993       392963    145635.56
        1.55     0.999994       392963    154202.35
        1.55     0.999994       392963    163840.00
        1.55     0.999994       392963    174762.67
        1.55     0.999995       392963    187245.71
        1.60     0.999995       392964    201649.23
        1.60     0.999995       392964    218453.33
        1.60     0.999996       392964    238312.73
        1.60     0.999996       392964    262144.00
        1.60     0.999996       392964    275941.05
        1.60     0.999997       392964    291271.11
        1.60     0.999997       392964    308404.71
        1.60     0.999997       392964    327680.00
        1.60     0.999997       392964    349525.33
        1.60     0.999997       392964    374491.43
        1.68     0.999998       392965    403298.46
        1.68     1.000000       392965          inf
#[Mean    =        0.610, StdDeviation   =        0.131]
#[Max     =        1.679, Total count    =       392965]
#[Buckets =           20, SubBuckets     =          256]
