       Value   Percentile   TotalCount 1/(1-Percentile)

        0.18     0.000000            5         1.00
        0.41     0.050000        20058         1.05
        0.43     0.100000        39840         1.11
        0.47     0.150000        61748         1.18
        0.51     0.200000        82372         1.25
        0.53     0.250000       102613         1.33
        0.54     0.300000       129396         1.43
        0.55     0.350000       142639         1.54
        0.57     0.400000       163148         1.67
        0.59     0.450000       182817         1.82
        0.61     0.500000       197193         2.00
        0.61     0.525000       206800         2.11
        0.62     0.550000       217999         2.22
        0.63     0.575000       230585         2.35
        0.64     0.600000       243833         2.50
        0.65     0.625000       257249         2.67
        0.65     0.650000       257249         2.86
        0.66     0.675000       270555         3.08
        0.66     0.700000       283532         3.33
        0.67     0.725000       295454         3.64
        0.67     0.750000       295454         4.00
        0.68     0.762500       305792         4.21
        0.68     0.775000       305792         4.44
        0.69     0.787500       314324         4.71
        0.69     0.800000       314324         5.00
        0.69     0.812500       321282         5.33
        0.70     0.825000       326638         5.71
        0.71     0.837500       330529         6.15
        0.73     0.850000       335088         6.67
        0.78     0.862500       339168         7.27
        0.82     0.875000       344924         8.00
        0.83     0.881250       347701         8.42
        0.84     0.887500       351191         8.89
        0.84     0.893750       351191         9.41
        0.85     0.900000       355361        10.00
        0.85     0.906250       359966        10.67
        0.85     0.912500       359966        11.43
        0.86     0.918750       364802        12.31
        0.86     0.925000       364802        13.33
        0.87     0.931250       369761        14.55
        0.87     0.937500       369761        16.00
        0.87     0.940625       369761        16.84
        0.88     0.943750       374574        17.78
        0.88     0.946875       374574        18.82
        0.88     0.950000       374574        20.00
        0.88     0.953125       374574        21.33
        0.89     0.956250       379048        22.86
        0.89     0.959375       379048        24.62
        0.89     0.962500       379048        26.67
        0.90     0.965625       382891        29.09
        0.90     0.968750       382891        32.00
        0.90     0.970313       382891        33.68
        0.90     0.971875       382891        35.56
        0.90     0.973437       382891        37.65
        0.90     0.975000       385932        40.00
        0.90     0.976562       385932        42.67
        0.90     0.978125       385932        45.71
        0.90     0.979688       385932        49.23
        0.90     0.981250       385932        53.33
        0.91     0.982812       388327        58.18
        0.91     0.984375       388327        64.00
        0.91     0.985156       388327        67.37
        0.91     0.985938       388327        71.11
        0.91     0.986719       388327        75.29
        0.91     0.987500       388327        80.00
        0.91     0.988281       388327        85.33
        0.92     0.989062       389940        91.43
        0.92     0.989844       389940        98.46
        0.92     0.990625       389940       106.67
        0.92     0.991406       389940       116.36
        0.92     0.992188       389940       128.00
        0.93     0.992578       391046       134.74
        0.93     0.992969       391046       142.22
        0.93     0.993359       391046       150.59
        0.93     0.993750       391046       160.00
        0.93     0.994141       391046       170.67
        0.93     0.994531       391046       182.86
        0.93     0.994922       391046       196.92
        0.93     0.995313       391046       213.33
        0.94     0.995703       391764       232.73
        0.94     0.996094       391764       256.00
        0.94     0.996289       391764       269.47
        0.94     0.996484       391764       284.44
        0.94     0.996680       391764       301.18
        0.94     0.996875       391764       320.00
        0.94     0.997070       391764       341.33
        0.94     0.997266       392214       365.71
        0.94     0.997461       392214       393.85
        0.94     0.997656       392214       426.67
        0.94     0.997852       392214       465.45
        0.94     0.998047       392214       512.00
        0.94     0.998145       392214       538.95
        0.94     0.998242       392214       568.89
        0.95     0.998340       392463       602.35
        0.95     0.998437       392463       640.00
        0.95     0.998535       392463       682.67
        0.95     0.998633       392463       731.43
        0.95     0.998730       392463       787.69
        0.95     0.998828       392463       853.33
        0.95     0.998926       392463       930.91
        0.96     0.999023       392604      1024.00
        0.96     0.999072       392604      1077.89
        0.96     0.999121       392604      1137.78
        0.96     0.999170       392604      1204.71
        0.96     0.999219       392604      1280.00
        0.96     0.999268       392604      1365.33
        0.97     0.999316       392683      1462.86
        0.97     0.999365       392683      1575.38
        0.97     0.999414       392683      1706.67
        0.97     0.999463       392683      1861.82
        0.97     0.999512       392741      2048.00
        0.97     0.999536       392741      2155.79
        0.97     0.999561       392741      2275.56
        0.97     0.999585       392741      2409.41
        0.97     0.999609       392741      2560.00
        0.97     0.999634       392741      2730.67
        0.98     0.999658       392773      2925.71
        0.98     0.999683       392773      3150.77
        0.98     0.999707       392773      3413.33
        0.98     0.999731       392773      3723.64
        0.99     0.999756       392789      4096.00
        0.99     0.999768       392789      4311.58
        1.00     0.999780       392800      4551.11
        1.00     0.999792       392800      4818.82
        1.01     0.999805       392805      5120.00
        1.01     0.999817       392809      5461.33
        1.02     0.999829       392812      5851.43
        1.03     0.999841       392820      6301.54
        1.03     0.999854       392820      6826.67
        1.05     0.999866       392828      7447.27
        1.05     0.999878       392833      8192.00
        1.05     0.999884       392833      8623.16
        1.06     0.999890       392839      9102.22
        1.06     0.999896       392839      9637.65
        1.06     0.999902       392839     10240.00
        1.08     0.999908       392843     10922.67
        1.09     0.999915       392846     11702.86
        1.09     0.999921       392846     12603.08
        1.09     0.999927       392849     13653.33
        1.10     0.999933       392852     14894.55
        1.11     0.999939       392854     16384.00
        1.12     0.999942       392855     17246.32
        1.13     0.999945       392857     18204.44
        1.13     0.999948       392857     19275.29
        1.14     0.999951       392858     20480.00
        1.15     0.999954       392862     21845.33
        1.15     0.999957       392862     23405.71
        1.15     0.999960       392862     25206.15
        1.16     0.999963       392863     27306.67
        1.17     0.999966       392864     29789.09
        1.18     0.999969       392866     32768.00
        1.18     0.999971       392866     34492.63
        1.18     0.999973       392867     36408.89
        1.18     0.999974       392867     38550.59
        1.19     0.999976       392869     40960.00
        1.19     0.999977       392869     43690.67
        1.19     0.999979       392869     46811.43
        1.22     0.999980       392870     50412.31
        1.22     0.999982       392870     54613.33
        1.23     0.999983       392872     59578.18
        1.23     0.999985       392872     65536.00
        1.23     0.999986       392872     68985.26
        1.23     0.999986       392872     72817.78
        1.23     0.999987       392872     77101.18
        1.25     0.999988       392873     81920.00
        1.25     0.999989       392873     87381.33
        1.25     0.999989       392873     93622.86
        1.28     0.999990       392874    100824.62
        1.28     0.999991       392874    109226.67
        1.28     0.999992       392874    119156.36
        1.31     0.999992       392875    131072.00
        1.31     0.999993       392875    137970.53
        1.31     0.999993       392875    145635.56
        1.31     0.999994       392875    154202.35
        1.31     0.999994       392875    163840.00
        1.31     0.999994       392875    174762.67
        1.31     0.999995       392875    187245.71
        1.33     0.999995       392876    201649.23
        1.33     0.999995       392876    218453.33
        1.33     0.999996       392876    238312.73
        1.33     0.999996       392876    262144.00
        1.33     0.999996       392876    275941.05
        1.33     0.999997       392876    291271.11
        1.33     0.999997       392876    308404.71
        1.33     0.999997       392876    327680.00
        1.33     0.999997       392876    349525.33
        1.33     0.999997       392876    374491.43
        1.44     0.999998       392877    403298.46
        1.44     1.000000       392877          inf
#[Mean    =        0.610, StdDeviation   =        0.135]
#[Max     =        1.439, Total count    =       392877]
#[Buckets =           20, SubBuckets     =          256]
