       Value   Percentile   TotalCount 1/(1-Percentile)

        0.17     0.000000            1         1.00
        0.26     0.050000        44150         1.05
        0.27     0.100000        68575         1.11
        0.31     0.150000        95130         1.18
        0.33     0.200000       127438         1.25
        0.34     0.250000       157903         1.33
        0.34     0.300000       190356         1.43
        0.35     0.350000       221889         1.54
        0.36     0.400000       248462         1.67
        0.38     0.450000       294589         1.82
        0.39     0.500000       325822         2.00
        0.39     0.525000       325822         2.11
        0.40     0.550000       366142         2.22
        0.40     0.575000       366142         2.35
        0.41     0.600000       408976         2.50
        0.41     0.625000       408976         2.67
        0.41     0.650000       408976         2.86
        0.41     0.675000       451018         3.08
        0.41     0.700000       451018         3.33
        0.41     0.725000       451018         3.64
        0.42     0.750000       488303         4.00
        0.42     0.762500       488303         4.21
        0.42     0.775000       488303         4.44
        0.42     0.787500       488303         4.71
        0.43     0.800000       512347         5.00
        0.43     0.812500       512347         5.33
        0.43     0.825000       512347         5.71
        0.44     0.837500       522604         6.15
        0.45     0.850000       525802         6.67
        0.54     0.862500       532801         7.27
        0.55     0.875000       548307         8.00
        0.55     0.881250       548307         8.42
        0.55     0.887500       548307         8.89
        0.56     0.893750       563229         9.41
        0.56     0.900000       563229        10.00
        0.56     0.906250       563229        10.67
        0.56     0.912500       563229        11.43
        0.57     0.918750       580680        12.31
        0.57     0.925000       580680        13.33
        0.57     0.931250       580680        14.55
        0.57     0.937500       580680        16.00
        0.57     0.940625       580680        16.84
        0.57     0.943750       596444        17.78
        0.57     0.946875       596444        18.82
        0.57     0.950000       596444        20.00
        0.57     0.953125       596444        21.33
        0.57     0.956250       596444        22.86
        0.57     0.959375       596444        24.62
        0.57     0.962500       596444        26.67
        0.57     0.965625       596444        29.09
        0.58     0.968750       607281        32.00
        0.58     0.970313       607281        33.68
        0.58     0.971875       607281        35.56
        0.58     0.973437       607281        37.65
        0.58     0.975000       607281        40.00
        0.58     0.976562       607281        42.67
        0.58     0.978125       607281        45.71
        0.58     0.979688       607281        49.23
        0.58     0.981250       607281        53.33
        0.58     0.982812       607281        58.18
        0.58     0.984375       607281        64.00
        0.59     0.985156       612807        67.37
        0.59     0.985938       612807        71.11
        0.59     0.986719       612807        75.29
        0.59     0.987500       612807        80.00
        0.59     0.988281       612807        85.33
        0.59     0.989062       612807        91.43
        0.59     0.989844       612807        98.46
        0.59     0.990625       612807       106.67
        0.59     0.991406       612807       116.36
        0.59     0.992188       612807       128.00
        0.59     0.992578       612807       134.74
        0.59     0.992969       612807       142.22
        0.59     0.993359       612807       150.59
        0.59     0.993750       612807       160.00
        0.60     0.994141       615161       170.67
        0.60     0.994531       615161       182.86
        0.60     0.994922       615161       196.92
        0.60     0.995313       615161       213.33
        0.60     0.995703       615161       232.73
        0.60     0.996094       615161       256.00
        0.60     0.996289       615161       269.47
        0.60     0.996484       615161       284.44
        0.60     0.996680       615161       301.18
        0.60     0.996875       615161       320.00
        0.60     0.997070       615161       341.33
        0.60     0.997266       615161       365.71
        0.60     0.997461       615161       393.85
        0.60     0.997656       615161       426.67
        0.60     0.997852       615161       465.45
        0.61     0.998047       615926       512.00
        0.61     0.998145       615926       538.95
        0.61     0.998242       615926       568.89
        0.61     0.998340       615926       602.35
        0.61     0.998437       615926       640.00
        0.61     0.998535       615926       682.67
        0.61     0.998633       615926       731.43
        0.61     0.998730       615926       787.69
        0.61     0.998828       615926       853.33
        0.61     0.998926       615926       930.91
        0.61     0.999023       615926      1024.00
        0.61     0.999072       615926      1077.89
        0.61     0.999121       615926      1137.78
        0.61     0.999170       616148      1204.71
        0.61     0.999219       616148      1280.00
        0.61     0.999268       616148      1365.33
        0.61     0.999316       616148      1462.86
        0.61     0.999365       616148      1575.38
        0.61     0.999414       616148      1706.67
        0.61     0.999463       616148      1861.82
        0.62     0.999512       616233      2048.00
        0.62     0.999536       616233      2155.79
        0.62     0.999561       616233      2275.56
        0.62     0.999585       616233      2409.41
        0.62     0.999609       616233      2560.00
        0.63     0.999634       616270      2730.67
        0.63     0.999658       616270      2925.71
        0.63     0.999683       616270      3150.77
        0.64     0.999707       616289      3413.33
        0.65     0.999731       616311      3723.64
        0.66     0.999756       616320      4096.00
        0.66     0.999768       616336      4311.58
        0.66     0.999780       616336      4551.11
        0.67     0.999792       616342      4818.82
        0.68     0.999805       616344      5120.00
        0.69     0.999817       616357      5461.33
        0.69     0.999829       616362      5851.43
        0.72     0.999841       616371      6301.54
        0.73     0.999854       616377      6826.67
        0.73     0.999866       616385      7447.27
        0.74     0.999878       616391      8192.00
        0.75     0.999884       616396      8623.16
        0.76     0.999890       616403      9102.22
        0.76     0.999896       616403      9637.65
        0.77     0.999902       616406     10240.00
        0.78     0.999908       616412     10922.67
        0.78     0.999915       616412     11702.86
        0.78     0.999921       616417     12603.08
        0.79     0.999927       616421     13653.33
        0.80     0.999933       616426     14894.55
        0.81     0.999939       616429     16384.00
        0.81     0.999942       616429     17246.32
        0.81     0.999945       616431     18204.44
        0.82     0.999948       616434     19275.29
        0.82     0.999951       616434     20480.00
        0.83     0.999954       616437     21845.33
        0.84     0.999957       616443     23405.71
        0.84     0.999960       616443     25206.15
        0.84     0.999963       616443     27306.67
        0.85     0.999966       616445     29789.09
        0.85     0.999969       616451     32768.00
        0.85     0.999971       616451     34492.63
        0.85     0.999973       616451     36408.89
        0.85     0.999974       616451     38550.59
        0.85     0.999976       616451     40960.00
        0.85     0.999977       616451     43690.67
        0.85     0.999979       616451     46811.43
        0.86     0.999980       616455     50412.31
        0.86     0.999982       616455     54613.33
        0.86     0.999983       616455     59578.18
        0.86     0.999985       616455     65536.00
        0.87     0.999986       616456     68985.26
        0.87     0.999986       616456     72817.78
        0.88     0.999987       616458     77101.18
        0.88     0.999988       616458     81920.00
        0.88     0.999989       616458     87381.33
        0.88     0.999989       616458     93622.86
        0.88     0.999990       616458    100824.62
        0.90     0.999991       616460    109226.67
        0.90     0.999992       616460    119156.36
        0.90     0.999992       616460    131072.00
        0.90     0.999993       616460    137970.53
        0.90     0.999993       616460    145635.56
        0.92     0.999994       616462    154202.35
        0.92     0.999994       616462    163840.00
        0.92     0.999994       616462    174762.67
        0.92     0.999995       616462    187245.71
        0.92     0.999995       616462    201649.23
        0.92     0.999995       616462    218453.33
        0.92     0.999996       616462    238312.73
        0.92     0.999996       616462    262144.00
        0.92     0.999996       616462    275941.05
        0.92     0.999997       616462    291271.11
        0.95     0.999997       616463    308404.71
        0.95     0.999997       616463    327680.00
        0.95     0.999997       616463    349525.33
        0.95     0.999997       616463    374491.43
        0.95     0.999998       616463    403298.46
        0.95     0.999998       616463    436906.67
        0.95     0.999998       616463    476625.45
        0.95     0.999998       616463    524288.00
        0.95     0.999998       616463    551882.11
        0.95     0.999998       616463    582542.22
        1.22     0.999998       616464    616809.41
        1.22     1.000000       616464          inf
#[Mean    =        0.389, StdDeviation   =        0.088]
#[Max     =        1.223, Total count    =       616464]
#[Buckets =           20, SubBuckets     =          256]
