       Value   Percentile   TotalCount 1/(1-Percentile)

        0.07     0.000000           50         1.00
        0.15     0.050000      1146035         1.05
        0.16     0.100000      1470930         1.11
        0.19     0.150000      2176165         1.18
        0.46     0.200000      2915140         1.25
        0.54     0.250000      3606300         1.33
        0.58     0.300000      4329945         1.43
        0.61     0.350000      5425515         1.54
        0.61     0.400000      6181935         1.67
        0.62     0.450000      6940270         1.82
        0.63     0.500000      7624250         2.00
        0.63     0.525000      7624250         2.11
        0.64     0.550000      8246240         2.22
        0.65     0.575000      8822875         2.35
        0.65     0.600000      8822875         2.50
        0.66     0.625000      9371230         2.67
        0.66     0.650000      9371230         2.86
        0.66     0.675000      9888930         3.08
        0.67     0.700000     10362660         3.33
        0.68     0.725000     10768705         3.64
        0.68     0.750000     10768705         4.00
        0.69     0.762500     11100025         4.21
        0.69     0.775000     11358215         4.44
        0.69     0.787500     11358215         4.71
        0.70     0.800000     11545035         5.00
        0.71     0.812500     11681680         5.33
        0.73     0.825000     11858855         5.71
        0.75     0.837500     12033130         6.15
        0.78     0.850000     12193760         6.67
        0.81     0.862500     12386255         7.27
        0.84     0.875000     12591210         8.00
        0.85     0.881250     12642570         8.42
        0.86     0.887500     12745985         8.89
        0.88     0.893750     12855755         9.41
        0.89     0.900000     12911180        10.00
        0.90     0.906250     13034445        10.67
        0.91     0.912500     13098840        11.43
        0.93     0.918750     13235900        12.31
        0.94     0.925000     13306765        13.33
        0.94     0.931250     13382240        14.55
        0.95     0.937500     13456260        16.00
        0.96     0.940625     13530875        16.84
        0.97     0.943750     13604880        17.78
        0.97     0.946875     13604880        18.82
        0.97     0.950000     13676320        20.00
        0.97     0.953125     13676320        21.33
        0.98     0.956250     13743550        22.86
        0.99     0.959375     13805490        24.62
        0.99     0.962500     13805490        26.67
        1.00     0.965625     13860160        29.09
        1.01     0.968750     13909715        32.00
        1.01     0.970313     13950560        33.68
        1.01     0.971875     13950560        35.56
        1.02     0.973437     13985410        37.65
        1.02     0.975000     13985410        40.00
        1.03     0.976562     14013185        42.67
        1.04     0.978125     14036520        45.71
        1.05     0.979688     14054450        49.23
        1.06     0.981250     14080210        53.33
        1.08     0.982812     14096910        58.18
        1.12     0.984375     14119515        64.00
        1.15     0.985156     14130600        67.37
        1.19     0.985938     14141070        71.11
        1.25     0.986719     14151935        75.29
        1.32     0.987500     14162510        80.00
        1.40     0.988281     14173720        85.33
        1.50     0.989062     14185530        91.43
        1.61     0.989844     14196245        98.46
        1.88     0.990625     14207455       106.67
        2.35     0.991406     14218480       116.36
        3.02     0.992188     14229905       128.00
        3.42     0.992578     14235395       134.74
        3.87     0.992969     14240870       142.22
        4.42     0.993359     14246625       150.59
        5.02     0.993750     14252340       160.00
        5.63     0.994141     14257705       170.67
        6.24     0.994531     14263280       182.86
        6.75     0.994922     14269145       196.92
        7.23     0.995313     14274640       213.33
        7.71     0.995703     14280100       232.73
        8.26     0.996094     14286160       256.00
        8.51     0.996289     14288675       269.47
        8.96     0.996484     14291380       284.44
        9.41     0.996680     14294130       301.18
        9.98     0.996875     14297010       320.00
       10.75     0.997070     14299740       341.33
       11.71     0.997266     14302635       365.71
       12.54     0.997461     14305520       393.85
       13.38     0.997656     14308115       426.67
       14.46     0.997852     14310915       465.45
       15.74     0.998047     14313885       512.00
       16.13     0.998145     14315175       538.95
       16.38     0.998242     14317205       568.89
       16.51     0.998340     14318345       602.35
       16.89     0.998437     14319490       640.00
       17.41     0.998535     14320705       682.67
       18.05     0.998633     14322370       731.43
       18.82     0.998730     14323785       787.69
       19.45     0.998828     14325080       853.33
       20.22     0.998926     14327200       930.91
       20.48     0.999023     14328175      1024.00
       20.61     0.999072     14328600      1077.89
       20.99     0.999121     14329230      1137.78
       21.50     0.999170     14329925      1204.71
       22.14     0.999219     14330675      1280.00
       22.66     0.999268     14331215      1365.33
       23.42     0.999316     14332020      1462.86
       23.93     0.999365     14332630      1575.38
       24.19     0.999414     14335140      1706.67
       24.19     0.999463     14335140      1861.82
       24.19     0.999512     14335140      2048.00
       24.19     0.999536     14335140      2155.79
       24.32     0.999561     14336215      2275.56
       24.32     0.999585     14336215      2409.41
       24.32     0.999609     14336215      2560.00
       24.45     0.999634     14337050      2730.67
       24.45     0.999658     14337050      2925.71
       24.57     0.999683     14337405      3150.77
       24.70     0.999707     14337525      3413.33
       25.21     0.999731     14338000      3723.64
       25.60     0.999756     14338230      4096.00
       26.11     0.999768     14338385      4311.58
       26.62     0.999780     14338585      4551.11
       27.26     0.999792     14338745      4818.82
       27.77     0.999805     14338920      5120.00
       28.16     0.999817     14339320      5461.33
       28.16     0.999829     14339320      5851.43
       28.29     0.999841     14339735      6301.54
       28.29     0.999854     14339735      6826.67
       28.41     0.999866     14339920      7447.27
       28.54     0.999878     14340075      8192.00
       28.54     0.999884     14340075      8623.16
       28.67     0.999890     14340165      9102.22
       29.31     0.999896     14340250      9637.65
       29.70     0.999902     14340345     10240.00
       29.95     0.999908     14340425     10922.67
       30.59     0.999915     14340515     11702.86
       31.23     0.999921     14340575     12603.08
       31.74     0.999927     14340670     13653.33
       32.13     0.999933     14340780     14894.55
       32.26     0.999939     14341030     16384.00
       32.26     0.999942     14341030     17246.32
       32.26     0.999945     14341030     18204.44
       32.26     0.999948     14341030     19275.29
       32.26     0.999951     14341030     20480.00
       32.38     0.999954     14341170     21845.33
       32.38     0.999957     14341170     23405.71
       32.38     0.999960     14341170     25206.15
       32.51     0.999963     14341310     27306.67
       32.51     0.999966     14341310     29789.09
       32.51     0.999969     14341310     32768.00
       32.51     0.999971     14341310     34492.63
       32.64     0.999973     14341455     36408.89
       32.64     0.999974     14341455     38550.59
       32.64     0.999976     14341455     40960.00
       32.64     0.999977     14341455     43690.67
       32.64     0.999979     14341455     46811.43
       32.64     0.999980     14341455     50412.31
       32.64     0.999982     14341455     54613.33
       32.77     0.999983     14341470     59578.18
       33.79     0.999985     14341510     65536.00
       33.79     0.999986     14341510     68985.26
       36.09     0.999986     14341520     72817.78
       36.35     0.999987     14341590     77101.18
       36.35     0.999988     14341590     81920.00
       36.35     0.999989     14341590     87381.33
       36.35     0.999989     14341590     93622.86
       36.35     0.999990     14341590    100824.62
       36.35     0.999991     14341590    109226.67
       36.35     0.999992     14341590    119156.36
       36.61     0.999992     14341670    131072.00
       36.61     0.999993     14341670    137970.53
       36.61     0.999993     14341670    145635.56
       36.61     0.999994     14341670    154202.35
       36.61     0.999994     14341670    163840.00
       36.61     0.999994     14341670    174762.67
       36.61     0.999995     14341670    187245.71
       36.61     0.999995     14341670    201649.23
       36.61     0.999995     14341670    218453.33
       36.61     0.999996     14341670    238312.73
       36.61     0.999996     14341670    262144.00
       36.61     0.999996     14341670    275941.05
       36.61     0.999997     14341670    291271.11
       36.61     0.999997     14341670    308404.71
       36.61     0.999997     14341670    327680.00
       36.61     0.999997     14341670    349525.33
       40.19     0.999997     14341685    374491.43
       40.19     0.999998     14341685    403298.46
       40.19     0.999998     14341685    436906.67
       40.19     0.999998     14341685    476625.45
       40.19     0.999998     14341685    524288.00
       40.19     0.999998     14341685    551882.11
       40.45     0.999998     14341710    582542.22
       40.45     1.000000     14341710          inf
#[Mean    =        0.667, StdDeviation   =        1.123]
#[Max     =       40.447, Total count    =     14341710]
#[Buckets =           20, SubBuckets     =          256]
