       Value   Percentile   TotalCount 1/(1-Percentile)

        0.24     0.000000            1         1.00
        0.41     0.050000        19636         1.05
        0.45     0.100000        41509         1.11
        0.49     0.150000        59102         1.18
        0.52     0.200000        79905         1.25
        0.54     0.250000       101515         1.33
        0.55     0.300000       127926         1.43
        0.56     0.350000       140221         1.54
        0.57     0.400000       159305         1.67
        0.60     0.450000       179249         1.82
        0.61     0.500000       194633         2.00
        0.62     0.525000       204492         2.11
        0.63     0.550000       215666         2.22
        0.64     0.575000       228037         2.35
        0.65     0.600000       241141         2.50
        0.66     0.625000       254401         2.67
        0.66     0.650000       254401         2.86
        0.66     0.675000       267251         3.08
        0.67     0.700000       279475         3.33
        0.68     0.725000       290743         3.64
        0.68     0.750000       290743         4.00
        0.69     0.762500       300848         4.21
        0.69     0.775000       300848         4.44
        0.69     0.787500       308991         4.71
        0.70     0.800000       315600         5.00
        0.70     0.812500       315600         5.33
        0.71     0.825000       320736         5.71
        0.72     0.837500       324410         6.15
        0.74     0.850000       329903         6.67
        0.80     0.862500       333944         7.27
        0.83     0.875000       339442         8.00
        0.84     0.881250       342082         8.42
        0.85     0.887500       345440         8.89
        0.85     0.893750       349401         9.41
        0.85     0.900000       349401        10.00
        0.86     0.906250       353732        10.67
        0.86     0.912500       353732        11.43
        0.87     0.918750       358425        12.31
        0.87     0.925000       358425        13.33
        0.88     0.931250       363173        14.55
        0.88     0.937500       363173        16.00
        0.89     0.940625       367765        16.84
        0.89     0.943750       367765        17.78
        0.89     0.946875       367765        18.82
        0.89     0.950000       367765        20.00
        0.90     0.953125       372173        21.33
        0.90     0.956250       372173        22.86
        0.90     0.959375       372173        24.62
        0.90     0.962500       376029        26.67
        0.90     0.965625       376029        29.09
        0.90     0.968750       376029        32.00
        0.90     0.970313       376029        33.68
        0.90     0.971875       376029        35.56
        0.91     0.973437       379177        37.65
        0.91     0.975000       379177        40.00
        0.91     0.976562       379177        42.67
        0.91     0.978125       379177        45.71
        0.91     0.979688       379177        49.23
        0.92     0.981250       381621        53.33
        0.92     0.982812       381621        58.18
        0.92     0.984375       381621        64.00
        0.92     0.985156       381621        67.37
        0.92     0.985938       381621        71.11
        0.93     0.986719       383417        75.29
        0.93     0.987500       383417        80.00
        0.93     0.988281       383417        85.33
        0.93     0.989062       383417        91.43
        0.93     0.989844       383417        98.46
        0.93     0.990625       383417       106.67
        0.94     0.991406       384632       116.36
        0.94     0.992188       384632       128.00
        0.94     0.992578       384632       134.74
        0.94     0.992969       384632       142.22
        0.94     0.993359       384632       150.59
        0.94     0.993750       384632       160.00
        0.94     0.994141       384632       170.67
        0.94     0.994531       385442       182.86
        0.94     0.994922       385442       196.92
        0.94     0.995313       385442       213.33
        0.94     0.995703       385442       232.73
        0.94     0.996094       385442       256.00
        0.94     0.996289       385442       269.47
        0.94     0.996484       385442       284.44
        0.95     0.996680       385937       301.18
        0.95     0.996875       385937       320.00
        0.95     0.997070       385937       341.33
        0.95     0.997266       385937       365.71
        0.95     0.997461       385937       393.85
        0.95     0.997656       385937       426.67
        0.96     0.997852       386229       465.45
        0.96     0.998047       386229       512.00
        0.96     0.998145       386229       538.95
        0.96     0.998242       386229       568.89
        0.96     0.998340       386229       602.35
        0.96     0.998437       386229       640.00
        0.96     0.998535       386229       682.67
        0.97     0.998633       386392       731.43
        0.97     0.998730       386392       787.69
        0.97     0.998828       386392       853.33
        0.97     0.998926       386392       930.91
        0.97     0.999023       386506      1024.00
        0.97     0.999072       386506      1077.89
        0.97     0.999121       386506      1137.78
        0.97     0.999170       386506      1204.71
        0.97     0.999219       386506      1280.00
        0.97     0.999268       386506      1365.33
        0.98     0.999316       386562      1462.86
        0.98     0.999365       386562      1575.38
        0.98     0.999414       386562      1706.67
        0.99     0.999463       386596      1861.82
        1.00     0.999512       386626      2048.00
        1.00     0.999536       386626      2155.79
        1.00     0.999561       386626      2275.56
        1.01     0.999585       386640      2409.41
        1.01     0.999609       386640      2560.00
        1.01     0.999634       386647      2730.67
        1.03     0.999658       386660      2925.71
        1.05     0.999683       386672      3150.77
        1.05     0.999707       386675      3413.33
        1.07     0.999731       386689      3723.64
        1.08     0.999756       386695      4096.00
        1.09     0.999768       386703      4311.58
        1.10     0.999780       386708      4551.11
        1.10     0.999792       386708      4818.82
        1.12     0.999805       386721      5120.00
        1.12     0.999817       386721      5461.33
        1.13     0.999829       386727      5851.43
        1.13     0.999841       386727      6301.54
        1.14     0.999854       386733      6826.67
        1.14     0.999866       386739      7447.27
        1.15     0.999878       386743      8192.00
        1.16     0.999884       386747      8623.16
        1.16     0.999890       386747      9102.22
        1.17     0.999896       386748      9637.65
        1.18     0.999902       386753     10240.00
        1.18     0.999908       386753     10922.67
        1.19     0.999915       386757     11702.86
        1.20     0.999921       386758     12603.08
        1.22     0.999927       386763     13653.33
        1.22     0.999933       386763     14894.55
        1.23     0.999939       386766     16384.00
        1.23     0.999942       386766     17246.32
        1.25     0.999945       386767     18204.44
        1.25     0.999948       386769     19275.29
        1.26     0.999951       386771     20480.00
        1.26     0.999954       386771     21845.33
        1.27     0.999957       386773     23405.71
        1.27     0.999960       386773     25206.15
        1.28     0.999963       386774     27306.67
        1.29     0.999966       386777     29789.09
        1.29     0.999969       386777     32768.00
        1.29     0.999971       386777     34492.63
        1.32     0.999973       386778     36408.89
        1.32     0.999974       386778     38550.59
        1.34     0.999976       386779     40960.00
        1.37     0.999977       386780     43690.67
        1.37     0.999979       386780     46811.43
        1.38     0.999980       386781     50412.31
        1.38     0.999982       386781     54613.33
        1.38     0.999983       386782     59578.18
        1.39     0.999985       386783     65536.00
        1.39     0.999986       386783     68985.26
        1.39     0.999986       386783     72817.78
        1.39     0.999987       386783     77101.18
        1.49     0.999988       386784     81920.00
        1.49     0.999989       386784     87381.33
        1.49     0.999989       386784     93622.86
        1.51     0.999990       386785    100824.62
        1.51     0.999991       386785    109226.67
        1.51     0.999992       386785    119156.36
        1.57     0.999992       386786    131072.00
        1.57     0.999993       386786    137970.53
        1.57     0.999993       386786    145635.56
        1.57     0.999994       386786    154202.35
        1.57     0.999994       386786    163840.00
        1.57     0.999994       386786    174762.67
        1.57     0.999995       386786    187245.71
        1.60     0.999995       386787    201649.23
        1.60     0.999995       386787    218453.33
        1.60     0.999996       386787    238312.73
        1.60     0.999996       386787    262144.00
        1.60     0.999996       386787    275941.05
        1.60     0.999997       386787    291271.11
        1.60     0.999997       386787    308404.71
        1.60     0.999997       386787    327680.00
        1.60     0.999997       386787    349525.33
        1.60     0.999997       386787    374491.43
        1.65     0.999998       386788    403298.46
        1.65     1.000000       386788          inf
#[Mean    =        0.620, StdDeviation   =        0.134]
#[Max     =        1.647, Total count    =       386788]
#[Buckets =           20, SubBuckets     =          256]
