       Value   Percentile   TotalCount 1/(1-Percentile)

        0.14     0.000000            1         1.00
        0.21     0.050000        61559         1.05
        0.21     0.100000        93171         1.11
        0.24     0.150000       121207         1.18
        0.26     0.200000       157036         1.25
        0.26     0.250000       192119         1.33
        0.28     0.300000       246524         1.43
        0.29     0.350000       281443         1.54
        0.29     0.400000       318725         1.67
        0.31     0.450000       378380         1.82
        0.32     0.500000       435330         2.00
        0.32     0.525000       435330         2.11
        0.32     0.550000       435330         2.22
        0.33     0.575000       499387         2.35
        0.33     0.600000       499387         2.50
        0.33     0.625000       499387         2.67
        0.33     0.650000       499387         2.86
        0.34     0.675000       549675         3.08
        0.34     0.700000       549675         3.33
        0.34     0.725000       591480         3.64
        0.34     0.750000       591480         4.00
        0.34     0.762500       591480         4.21
        0.35     0.775000       625952         4.44
        0.35     0.787500       625952         4.71
        0.35     0.800000       625952         5.00
        0.35     0.812500       625952         5.33
        0.36     0.825000       644404         5.71
        0.36     0.837500       644404         6.15
        0.37     0.850000       652006         6.67
        0.42     0.862500       662873         7.27
        0.44     0.875000       673125         8.00
        0.45     0.881250       687033         8.42
        0.45     0.887500       687033         8.89
        0.45     0.893750       687033         9.41
        0.46     0.900000       709699        10.00
        0.46     0.906250       709699        10.67
        0.46     0.912500       709699        11.43
        0.46     0.918750       709699        12.31
        0.46     0.925000       709699        13.33
        0.46     0.931250       734944        14.55
        0.46     0.937500       734944        16.00
        0.46     0.940625       734944        16.84
        0.46     0.943750       734944        17.78
        0.46     0.946875       734944        18.82
        0.46     0.950000       734944        20.00
        0.46     0.953125       734944        21.33
        0.46     0.956250       734944        22.86
        0.47     0.959375       753487        24.62
        0.47     0.962500       753487        26.67
        0.47     0.965625       753487        29.09
        0.47     0.968750       753487        32.00
        0.47     0.970313       753487        33.68
        0.47     0.971875       753487        35.56
        0.47     0.973437       753487        37.65
        0.47     0.975000       753487        40.00
        0.47     0.976562       753487        42.67
        0.47     0.978125       753487        45.71
        0.47     0.979688       753487        49.23
        0.47     0.981250       753487        53.33
        0.48     0.982812       762314        58.18
        0.48     0.984375       762314        64.00
        0.48     0.985156       762314        67.37
        0.48     0.985938       762314        71.11
        0.48     0.986719       762314        75.29
        0.48     0.987500       762314        80.00
        0.48     0.988281       762314        85.33
        0.48     0.989062       762314        91.43
        0.48     0.989844       762314        98.46
        0.48     0.990625       762314       106.67
        0.48     0.991406       762314       116.36
        0.48     0.992188       762314       128.00
        0.48     0.992578       762314       134.74
        0.48     0.992969       762314       142.22
        0.48     0.993359       762314       150.59
        0.48     0.993750       762314       160.00
        0.48     0.994141       762314       170.67
        0.49     0.994531       765099       182.86
        0.49     0.994922       765099       196.92
        0.49     0.995313       765099       213.33
        0.49     0.995703       765099       232.73
        0.49     0.996094       765099       256.00
        0.49     0.996289       765099       269.47
        0.49     0.996484       765099       284.44
        0.49     0.996680       765099       301.18
        0.49     0.996875       765099       320.00
        0.49     0.997070       765099       341.33
        0.49     0.997266       765099       365.71
        0.49     0.997461       765099       393.85
        0.49     0.997656       765099       426.67
        0.49     0.997852       765099       465.45
        0.49     0.998047       765886       512.00
        0.49     0.998145       765886       538.95
        0.49     0.998242       765886       568.89
        0.49     0.998340       765886       602.35
        0.49     0.998437       765886       640.00
        0.49     0.998535       765886       682.67
        0.49     0.998633       765886       731.43
        0.49     0.998730       765886       787.69
        0.49     0.998828       765886       853.33
        0.49     0.998926       765886       930.91
        0.50     0.999023       766157      1024.00
        0.50     0.999072       766157      1077.89
        0.50     0.999121       766157      1137.78
        0.50     0.999170       766157      1204.71
        0.50     0.999219       766157      1280.00
        0.50     0.999268       766157      1365.33
        0.51     0.999316       766278      1462.86
        0.51     0.999365       766278      1575.38
        0.51     0.999414       766278      1706.67
        0.51     0.999463       766278      1861.82
        0.52     0.999512       766334      2048.00
        0.52     0.999536       766334      2155.79
        0.53     0.999561       766361      2275.56
        0.54     0.999585       766389      2409.41
        0.54     0.999609       766389      2560.00
        0.54     0.999634       766409      2730.67
        0.55     0.999658       766427      2925.71
        0.56     0.999683       766450      3150.77
        0.57     0.999707       766478      3413.33
        0.57     0.999731       766496      3723.64
        0.58     0.999756       766511      4096.00
        0.58     0.999768       766511      4311.58
        0.59     0.999780       766522      4551.11
        0.60     0.999792       766542      4818.82
        0.60     0.999805       766542      5120.00
        0.61     0.999817       766556      5461.33
        0.61     0.999829       766568      5851.43
        0.61     0.999841       766568      6301.54
        0.62     0.999854       766577      6826.67
        0.64     0.999866       766590      7447.27
        0.66     0.999878       766596      8192.00
        0.66     0.999884       766603      8623.16
        0.67     0.999890       766613      9102.22
        0.67     0.999896       766613      9637.65
        0.68     0.999902       766617     10240.00
        0.69     0.999908       766619     10922.67
        0.70     0.999915       766626     11702.86
        0.71     0.999921       766633     12603.08
        0.71     0.999927       766633     13653.33
        0.72     0.999933       766639     14894.55
        0.73     0.999939       766642     16384.00
        0.73     0.999942       766646     17246.32
        0.73     0.999945       766646     18204.44
        0.74     0.999948       766649     19275.29
        0.75     0.999951       766659     20480.00
        0.75     0.999954       766659     21845.33
        0.75     0.999957       766659     23405.71
        0.75     0.999960       766659     25206.15
        0.76     0.999963       766663     27306.67
        0.76     0.999966       766663     29789.09
        0.77     0.999969       766666     32768.00
        0.77     0.999971       766666     34492.63
        0.78     0.999973       766668     36408.89
        0.78     0.999974       766671     38550.59
        0.78     0.999976       766671     40960.00
        0.78     0.999977       766671     43690.67
        0.79     0.999979       766673     46811.43
        0.79     0.999980       766673     50412.31
        0.80     0.999982       766675     54613.33
        0.81     0.999983       766677     59578.18
        0.81     0.999985       766677     65536.00
        0.81     0.999986       766677     68985.26
        0.81     0.999986       766679     72817.78
        0.81     0.999987       766679     77101.18
        0.81     0.999988       766679     81920.00
        0.82     0.999989       766680     87381.33
        0.82     0.999989       766680     93622.86
        0.83     0.999990       766682    100824.62
        0.83     0.999991       766682    109226.67
        0.83     0.999992       766682    119156.36
        0.84     0.999992       766684    131072.00
        0.84     0.999993       766684    137970.53
        0.84     0.999993       766684    145635.56
        0.84     0.999994       766684    154202.35
        0.84     0.999994       766684    163840.00
        0.84     0.999994       766684    174762.67
        0.84     0.999995       766684    187245.71
        0.85     0.999995       766686    201649.23
        0.85     0.999995       766686    218453.33
        0.85     0.999996       766686    238312.73
        0.85     0.999996       766686    262144.00
        0.85     0.999996       766686    275941.05
        0.85     0.999997       766686    291271.11
        0.85     0.999997       766686    308404.71
        0.85     0.999997       766686    327680.00
        0.85     0.999997       766686    349525.33
        0.85     0.999997       766686    374491.43
        0.85     0.999998       766687    403298.46
        0.85     0.999998       766687    436906.67
        0.85     0.999998       766687    476625.45
        0.85     0.999998       766687    524288.00
        0.85     0.999998       766687    551882.11
        0.85     0.999998       766687    582542.22
        0.85     0.999998       766687    616809.41
        0.85     0.999998       766687    655360.00
        0.85     0.999999       766687    699050.67
        0.85     0.999999       766687    748982.86
        0.89     0.999999       766688    806596.92
        0.89     1.000000       766688          inf
#[Mean    =        0.313, StdDeviation   =        0.074]
#[Max     =        0.887, Total count    =       766688]
#[Buckets =           20, SubBuckets     =          256]
