       Value   Percentile   TotalCount 1/(1-Percentile)

        0.18     0.000000            3         1.00
        0.26     0.050000        32578         1.05
        0.28     0.100000        75198         1.11
        0.31     0.150000        93437         1.18
        0.34     0.200000       139899         1.25
        0.34     0.250000       169404         1.33
        0.35     0.300000       199135         1.43
        0.36     0.350000       228583         1.54
        0.37     0.400000       251628         1.67
        0.38     0.450000       280054         1.82
        0.40     0.500000       334895         2.00
        0.40     0.525000       334895         2.11
        0.40     0.550000       334895         2.22
        0.41     0.575000       374637         2.35
        0.41     0.600000       374637         2.50
        0.41     0.625000       414619         2.67
        0.41     0.650000       414619         2.86
        0.41     0.675000       414619         3.08
        0.42     0.700000       453286         3.33
        0.42     0.725000       453286         3.64
        0.43     0.750000       485520         4.00
        0.43     0.762500       485520         4.21
        0.43     0.775000       485520         4.44
        0.43     0.787500       485520         4.71
        0.44     0.800000       505924         5.00
        0.44     0.812500       505924         5.33
        0.44     0.825000       505924         5.71
        0.45     0.837500       514803         6.15
        0.46     0.850000       517903         6.67
        0.54     0.862500       525596         7.27
        0.55     0.875000       532144         8.00
        0.56     0.881250       540305         8.42
        0.56     0.887500       540305         8.89
        0.57     0.893750       553123         9.41
        0.57     0.900000       553123        10.00
        0.57     0.906250       553123        10.67
        0.57     0.912500       569087        11.43
        0.57     0.918750       569087        12.31
        0.57     0.925000       569087        13.33
        0.57     0.931250       569087        14.55
        0.58     0.937500       584621        16.00
        0.58     0.940625       584621        16.84
        0.58     0.943750       584621        17.78
        0.58     0.946875       584621        18.82
        0.58     0.950000       584621        20.00
        0.58     0.953125       584621        21.33
        0.58     0.956250       584621        22.86
        0.58     0.959375       584621        24.62
        0.59     0.962500       596088        26.67
        0.59     0.965625       596088        29.09
        0.59     0.968750       596088        32.00
        0.59     0.970313       596088        33.68
        0.59     0.971875       596088        35.56
        0.59     0.973437       596088        37.65
        0.59     0.975000       596088        40.00
        0.59     0.976562       596088        42.67
        0.59     0.978125       596088        45.71
        0.59     0.979688       596088        49.23
        0.60     0.981250       602827        53.33
        0.60     0.982812       602827        58.18
        0.60     0.984375       602827        64.00
        0.60     0.985156       602827        67.37
        0.60     0.985938       602827        71.11
        0.60     0.986719       602827        75.29
        0.60     0.987500       602827        80.00
        0.60     0.988281       602827        85.33
        0.60     0.989062       602827        91.43
        0.60     0.989844       602827        98.46
        0.60     0.990625       602827       106.67
        0.60     0.991406       602827       116.36
        0.61     0.992188       605858       128.00
        0.61     0.992578       605858       134.74
        0.61     0.992969       605858       142.22
        0.61     0.993359       605858       150.59
        0.61     0.993750       605858       160.00
        0.61     0.994141       605858       170.67
        0.61     0.994531       605858       182.86
        0.61     0.994922       605858       196.92
        0.61     0.995313       605858       213.33
        0.61     0.995703       605858       232.73
        0.61     0.996094       605858       256.00
        0.61     0.996289       605858       269.47
        0.61     0.996484       606920       284.44
        0.61     0.996680       606920       301.18
        0.61     0.996875       606920       320.00
        0.61     0.997070       606920       341.33
        0.61     0.997266       606920       365.71
        0.61     0.997461       606920       393.85
        0.61     0.997656       606920       426.67
        0.61     0.997852       606920       465.45
        0.61     0.998047       606920       512.00
        0.61     0.998145       606920       538.95
        0.62     0.998242       607357       568.89
        0.62     0.998340       607357       602.35
        0.62     0.998437       607357       640.00
        0.62     0.998535       607357       682.67
        0.62     0.998633       607357       731.43
        0.62     0.998730       607357       787.69
        0.62     0.998828       607357       853.33
        0.63     0.998926       607560       930.91
        0.63     0.999023       607560      1024.00
        0.63     0.999072       607560      1077.89
        0.63     0.999121       607560      1137.78
        0.63     0.999170       607560      1204.71
        0.64     0.999219       607668      1280.00
        0.64     0.999268       607668      1365.33
        0.64     0.999316       607668      1462.86
        0.64     0.999365       607668      1575.38
        0.65     0.999414       607734      1706.67
        0.65     0.999463       607734      1861.82
        0.66     0.999512       607782      2048.00
        0.66     0.999536       607782      2155.79
        0.66     0.999561       607782      2275.56
        0.66     0.999585       607812      2409.41
        0.66     0.999609       607812      2560.00
        0.67     0.999634       607844      2730.67
        0.67     0.999658       607844      2925.71
        0.68     0.999683       607868      3150.77
        0.68     0.999707       607868      3413.33
        0.69     0.999731       607885      3723.64
        0.69     0.999756       607895      4096.00
        0.70     0.999768       607911      4311.58
        0.70     0.999780       607911      4551.11
        0.71     0.999792       607919      4818.82
        0.72     0.999805       607922      5120.00
        0.73     0.999817       607930      5461.33
        0.75     0.999829       607939      5851.43
        0.77     0.999841       607947      6301.54
        0.78     0.999854       607954      6826.67
        0.78     0.999866       607959      7447.27
        0.80     0.999878       607968      8192.00
        0.81     0.999884       607972      8623.16
        0.81     0.999890       607975      9102.22
        0.82     0.999896       607980      9637.65
        0.83     0.999902       607982     10240.00
        0.85     0.999908       607990     10922.67
        0.85     0.999915       607990     11702.86
        0.85     0.999921       607992     12603.08
        0.86     0.999927       607997     13653.33
        0.88     0.999933       608001     14894.55
        0.89     0.999939       608003     16384.00
        0.90     0.999942       608005     17246.32
        0.91     0.999945       608007     18204.44
        0.92     0.999948       608010     19275.29
        0.93     0.999951       608011     20480.00
        0.94     0.999954       608013     21845.33
        0.97     0.999957       608017     23405.71
        0.97     0.999960       608017     25206.15
        0.99     0.999963       608018     27306.67
        1.01     0.999966       608020     29789.09
        1.02     0.999969       608023     32768.00
        1.02     0.999971       608023     34492.63
        1.03     0.999973       608024     36408.89
        1.04     0.999974       608026     38550.59
        1.04     0.999976       608026     40960.00
        1.05     0.999977       608028     43690.67
        1.05     0.999979       608028     46811.43
        1.05     0.999980       608028     50412.31
        1.05     0.999982       608029     54613.33
        1.06     0.999983       608031     59578.18
        1.06     0.999985       608031     65536.00
        1.07     0.999986       608032     68985.26
        1.07     0.999986       608032     72817.78
        1.09     0.999987       608033     77101.18
        1.09     0.999988       608033     81920.00
        1.11     0.999989       608035     87381.33
        1.11     0.999989       608035     93622.86
        1.11     0.999990       608035    100824.62
        1.11     0.999991       608035    109226.67
        1.11     0.999992       608035    119156.36
        1.14     0.999992       608036    131072.00
        1.14     0.999993       608036    137970.53
        1.14     0.999993       608036    145635.56
        1.20     0.999994       608037    154202.35
        1.20     0.999994       608037    163840.00
        1.20     0.999994       608037    174762.67
        1.20     0.999995       608037    187245.71
        1.20     0.999995       608037    201649.23
        1.27     0.999995       608038    218453.33
        1.27     0.999996       608038    238312.73
        1.27     0.999996       608038    262144.00
        1.27     0.999996       608038    275941.05
        1.27     0.999997       608038    291271.11
        1.28     0.999997       608039    308404.71
        1.28     0.999997       608039    327680.00
        1.28     0.999997       608039    349525.33
        1.28     0.999997       608039    374491.43
        1.28     0.999998       608039    403298.46
        1.28     0.999998       608039    436906.67
        1.28     0.999998       608039    476625.45
        1.28     0.999998       608039    524288.00
        1.28     0.999998       608039    551882.11
        1.28     0.999998       608039    582542.22
        1.38     0.999998       608040    616809.41
        1.38     1.000000       608040          inf
#[Mean    =        0.395, StdDeviation   =        0.090]
#[Max     =        1.383, Total count    =       608040]
#[Buckets =           20, SubBuckets     =          256]
