       Value   Percentile   TotalCount 1/(1-Percentile)

        0.26     0.000000            1         1.00
        0.41     0.050000        24588         1.05
        0.43     0.100000        42335         1.11
        0.47     0.150000        61171         1.18
        0.50     0.200000        81660         1.25
        0.52     0.250000       103317         1.33
        0.54     0.300000       130877         1.43
        0.54     0.350000       143879         1.54
        0.56     0.400000       164195         1.67
        0.58     0.450000       184738         1.82
        0.60     0.500000       201419         2.00
        0.61     0.525000       212268         2.11
        0.61     0.550000       224653         2.22
        0.62     0.575000       238216         2.35
        0.63     0.600000       252242         2.50
        0.63     0.625000       252242         2.67
        0.64     0.650000       266384         2.86
        0.65     0.675000       279955         3.08
        0.65     0.700000       279955         3.33
        0.66     0.725000       292813         3.64
        0.66     0.750000       304404         4.00
        0.66     0.762500       304404         4.21
        0.67     0.775000       314062         4.44
        0.67     0.787500       314062         4.71
        0.68     0.800000       321977         5.00
        0.69     0.812500       328105         5.33
        0.69     0.825000       332678         5.71
        0.70     0.837500       335860         6.15
        0.72     0.850000       339419         6.67
        0.78     0.862500       344171         7.27
        0.81     0.875000       348812         8.00
        0.81     0.881250       351424         8.42
        0.82     0.887500       354675         8.89
        0.83     0.893750       358597         9.41
        0.83     0.900000       358597        10.00
        0.84     0.906250       363045        10.67
        0.85     0.912500       367947        11.43
        0.85     0.918750       367947        12.31
        0.85     0.925000       372991        13.33
        0.85     0.931250       372991        14.55
        0.86     0.937500       378013        16.00
        0.86     0.940625       378013        16.84
        0.86     0.943750       378013        17.78
        0.86     0.946875       378013        18.82
        0.87     0.950000       382969        20.00
        0.87     0.953125       382969        21.33
        0.87     0.956250       382969        22.86
        0.87     0.959375       382969        24.62
        0.88     0.962500       387122        26.67
        0.88     0.965625       387122        29.09
        0.88     0.968750       387122        32.00
        0.88     0.970313       387122        33.68
        0.88     0.971875       387122        35.56
        0.89     0.973437       390547        37.65
        0.89     0.975000       390547        40.00
        0.89     0.976562       390547        42.67
        0.89     0.978125       390547        45.71
        0.89     0.979688       390547        49.23
        0.90     0.981250       393161        53.33
        0.90     0.982812       393161        58.18
        0.90     0.984375       393161        64.00
        0.90     0.985156       393161        67.37
        0.90     0.985938       393161        71.11
        0.90     0.986719       393161        75.29
        0.90     0.987500       395016        80.00
        0.90     0.988281       395016        85.33
        0.90     0.989062       395016        91.43
        0.90     0.989844       395016        98.46
        0.90     0.990625       395016       106.67
        0.90     0.991406       395016       116.36
        0.91     0.992188       396217       128.00
        0.91     0.992578       396217       134.74
        0.91     0.992969       396217       142.22
        0.91     0.993359       396217       150.59
        0.91     0.993750       396217       160.00
        0.91     0.994141       396217       170.67
        0.91     0.994531       396217       182.86
        0.91     0.994922       396217       196.92
        0.92     0.995313       397042       213.33
        0.92     0.995703       397042       232.73
        0.92     0.996094       397042       256.00
        0.92     0.996289       397042       269.47
        0.92     0.996484       397042       284.44
        0.92     0.996680       397042       301.18
        0.92     0.996875       397042       320.00
        0.93     0.997070       397529       341.33
        0.93     0.997266       397529       365.71
        0.93     0.997461       397529       393.85
        0.93     0.997656       397529       426.67
        0.93     0.997852       397529       465.45
        0.93     0.998047       397529       512.00
        0.93     0.998145       397529       538.95
        0.93     0.998242       397529       568.89
        0.94     0.998340       397818       602.35
        0.94     0.998437       397818       640.00
        0.94     0.998535       397818       682.67
        0.94     0.998633       397818       731.43
        0.94     0.998730       397818       787.69
        0.94     0.998828       397818       853.33
        0.94     0.998926       397818       930.91
        0.94     0.999023       397983      1024.00
        0.94     0.999072       397983      1077.89
        0.94     0.999121       397983      1137.78
        0.94     0.999170       397983      1204.71
        0.94     0.999219       397983      1280.00
        0.94     0.999268       397983      1365.33
        0.94     0.999316       397983      1462.86
        0.94     0.999365       397983      1575.38
        0.95     0.999414       398076      1706.67
        0.95     0.999463       398076      1861.82
        0.95     0.999512       398076      2048.00
        0.95     0.999536       398076      2155.79
        0.95     0.999561       398076      2275.56
        0.95     0.999585       398076      2409.41
        0.95     0.999609       398076      2560.00
        0.96     0.999634       398130      2730.67
        0.96     0.999658       398130      2925.71
        0.96     0.999683       398130      3150.77
        0.96     0.999707       398130      3413.33
        0.96     0.999731       398130      3723.64
        0.96     0.999756       398130      4096.00
        0.97     0.999768       398167      4311.58
        0.97     0.999780       398167      4551.11
        0.97     0.999792       398167      4818.82
        0.97     0.999805       398167      5120.00
        0.97     0.999817       398167      5461.33
        0.97     0.999829       398167      5851.43
        0.97     0.999841       398167      6301.54
        0.97     0.999854       398183      6826.67
        0.97     0.999866       398183      7447.27
        0.97     0.999878       398183      8192.00
        0.97     0.999884       398183      8623.16
        0.98     0.999890       398190      9102.22
        0.98     0.999896       398190      9637.65
        0.98     0.999902       398190     10240.00
        0.99     0.999908       398196     10922.67
        0.99     0.999915       398196     11702.86
        0.99     0.999921       398196     12603.08
        1.00     0.999927       398201     13653.33
        1.00     0.999933       398201     14894.55
        1.01     0.999939       398203     16384.00
        1.01     0.999942       398205     17246.32
        1.02     0.999945       398208     18204.44
        1.02     0.999948       398208     19275.29
        1.02     0.999951       398208     20480.00
        1.03     0.999954       398209     21845.33
        1.04     0.999957       398212     23405.71
        1.04     0.999960       398212     25206.15
        1.05     0.999963       398213     27306.67
        1.05     0.999966       398215     29789.09
        1.05     0.999969       398215     32768.00
        1.06     0.999971       398216     34492.63
        1.11     0.999973       398218     36408.89
        1.11     0.999974       398218     38550.59
        1.11     0.999976       398218     40960.00
        1.11     0.999977       398218     43690.67
        1.12     0.999979       398219     46811.43
        1.14     0.999980       398220     50412.31
        1.14     0.999982       398220     54613.33
        1.14     0.999983       398221     59578.18
        1.14     0.999985       398221     65536.00
        1.15     0.999986       398223     68985.26
        1.15     0.999986       398223     72817.78
        1.15     0.999987       398223     77101.18
        1.15     0.999988       398223     81920.00
        1.15     0.999989       398223     87381.33
        1.15     0.999989       398223     93622.86
        1.17     0.999990       398224    100824.62
        1.17     0.999991       398224    109226.67
        1.17     0.999992       398224    119156.36
        1.17     0.999992       398224    131072.00
        1.22     0.999993       398225    137970.53
        1.22     0.999993       398225    145635.56
        1.22     0.999994       398225    154202.35
        1.22     0.999994       398225    163840.00
        1.22     0.999994       398225    174762.67
        1.22     0.999995       398225    187245.71
        1.23     0.999995       398226    201649.23
        1.23     0.999995       398226    218453.33
        1.23     0.999996       398226    238312.73
        1.23     0.999996       398226    262144.00
        1.23     0.999996       398226    275941.05
        1.23     0.999997       398226    291271.11
        1.23     0.999997       398226    308404.71
        1.23     0.999997       398226    327680.00
        1.23     0.999997       398226    349525.33
        1.23     0.999997       398226    374491.43
        1.33     0.999998       398227    403298.46
        1.33     1.000000       398227          inf
#[Mean    =        0.602, StdDeviation   =        0.131]
#[Max     =        1.335, Total count    =       398227]
#[Buckets =           20, SubBuckets     =          256]
