       Value   Percentile   TotalCount 1/(1-Percentile)

        0.10     0.000000           10         1.00
        0.21     0.050000      1093870         1.05
        0.22     0.100000      1812110         1.11
        0.25     0.150000      2690630         1.18
        0.28     0.200000      3528840         1.25
        0.31     0.250000      4465200         1.33
        0.35     0.300000      5198630         1.43
        0.83     0.350000      6099020         1.54
        0.93     0.400000      6921570         1.67
        0.97     0.450000      7796400         1.82
        1.01     0.500000      8707440         2.00
        1.02     0.525000      9342310         2.11
        1.03     0.550000      9700990         2.22
        1.04     0.575000     10080170         2.35
        1.05     0.600000     10475290         2.50
        1.05     0.625000     10863000         2.67
        1.06     0.650000     11241380         2.86
        1.08     0.675000     11926150         3.08
        1.09     0.700000     12215290         3.33
        1.10     0.725000     12689350         3.64
        1.12     0.750000     13041840         4.00
        1.13     0.762500     13185200         4.21
        1.14     0.775000     13412660         4.44
        1.17     0.787500     13654650         4.71
        1.20     0.800000     13868680         5.00
        1.24     0.812500     14084400         5.33
        1.27     0.825000     14268450         5.71
        1.31     0.837500     14513470         6.15
        1.34     0.850000     14700010         6.67
        1.38     0.862500     14961910         7.27
        1.41     0.875000     15147880         8.00
        1.42     0.881250     15271060         8.42
        1.44     0.887500     15389130         8.89
        1.46     0.893750     15505650         9.41
        1.46     0.900000     15565300        10.00
        1.48     0.906250     15680240        10.67
        1.50     0.912500     15794510        11.43
        1.51     0.918750     15914210        12.31
        1.53     0.925000     16032520        13.33
        1.54     0.931250     16147800        14.55
        1.56     0.937500     16257960        16.00
        1.57     0.940625     16309860        16.84
        1.57     0.943750     16360780        17.78
        1.58     0.946875     16408080        18.82
        1.59     0.950000     16453300        20.00
        1.60     0.953125     16496570        21.33
        1.61     0.956250     16535740        22.86
        1.62     0.959375     16605900        24.62
        1.64     0.962500     16664370        26.67
        1.66     0.965625     16713570        29.09
        1.67     0.968750     16753120        32.00
        1.69     0.970313     16783870        33.68
        1.70     0.971875     16810060        35.56
        1.73     0.973437     16837830        37.65
        1.76     0.975000     16861730        40.00
        1.81     0.976562     16887200        42.67
        1.89     0.978125     16911550        45.71
        2.03     0.979688     16938600        49.23
        2.21     0.981250     16965930        53.33
        2.43     0.982812     16993110        58.18
        2.81     0.984375     17019360        64.00
        3.15     0.985156     17032620        67.37
        3.77     0.985938     17046330        71.11
        4.89     0.986719     17059920        75.29
        6.50     0.987500     17073140        80.00
        7.49     0.988281     17086840        85.33
        8.32     0.989062     17100690        91.43
        9.86     0.989844     17113790        98.46
       14.46     0.990625     17127160       106.67
       16.64     0.991406     17141850       116.36
       20.35     0.992188     17165480       128.00
       20.35     0.992578     17165480       134.74
       20.48     0.992969     17168780       142.22
       21.89     0.993359     17174600       150.59
       24.19     0.993750     17183350       160.00
       24.32     0.994141     17231030       170.67
       24.32     0.994531     17231030       182.86
       24.32     0.994922     17231030       196.92
       24.32     0.995313     17231030       213.33
       24.32     0.995703     17231030       232.73
       24.32     0.996094     17231030       256.00
       24.32     0.996289     17231030       269.47
       24.32     0.996484     17231030       284.44
       24.45     0.996680     17259080       301.18
       24.45     0.996875     17259080       320.00
       24.45     0.997070     17259080       341.33
       24.45     0.997266     17259080       365.71
       24.45     0.997461     17259080       393.85
       24.45     0.997656     17259080       426.67
       24.45     0.997852     17259080       465.45
       24.45     0.998047     17259080       512.00
       24.45     0.998145     17259080       538.95
       24.45     0.998242     17259080       568.89
       24.70     0.998340     17260920       602.35
       25.21     0.998437     17262350       640.00
       28.03     0.998535     17263970       682.67
       28.29     0.998633     17273770       731.43
       28.29     0.998730     17273770       787.69
       28.29     0.998828     17273770       853.33
       28.29     0.998926     17273770       930.91
       28.29     0.999023     17273770      1024.00
       28.29     0.999072     17273770      1077.89
       28.41     0.999121     17281600      1137.78
       28.41     0.999170     17281600      1204.71
       28.41     0.999219     17281600      1280.00
       28.41     0.999268     17281600      1365.33
       28.41     0.999316     17281600      1462.86
       28.41     0.999365     17281600      1575.38
       28.41     0.999414     17281600      1706.67
       28.41     0.999463     17281600      1861.82
       28.41     0.999512     17281600      2048.00
       28.41     0.999536     17281600      2155.79
       28.54     0.999561     17281880      2275.56
       28.67     0.999585     17282300      2409.41
       28.80     0.999609     17282860      2560.00
       28.93     0.999634     17283040      2730.67
       29.31     0.999658     17283350      2925.71
       29.82     0.999683     17283750      3150.77
       32.26     0.999707     17285290      3413.33
       32.26     0.999731     17285290      3723.64
       32.26     0.999756     17285290      4096.00
       32.26     0.999768     17285290      4311.58
       32.38     0.999780     17287550      4551.11
       32.38     0.999792     17287550      4818.82
       32.38     0.999805     17287550      5120.00
       32.38     0.999817     17287550      5461.33
       32.38     0.999829     17287550      5851.43
       32.38     0.999841     17287550      6301.54
       32.38     0.999854     17287550      6826.67
       32.38     0.999866     17287550      7447.27
       32.38     0.999878     17287550      8192.00
       32.38     0.999884     17287550      8623.16
       32.38     0.999890     17287550      9102.22
       32.38     0.999896     17287550      9637.65
       32.38     0.999902     17287550     10240.00
       32.51     0.999908     17287760     10922.67
       32.51     0.999915     17287760     11702.86
       32.77     0.999921     17287870     12603.08
       33.28     0.999927     17288010     13653.33
       33.53     0.999933     17288100     14894.55
       36.35     0.999939     17288580     16384.00
       36.35     0.999942     17288580     17246.32
       36.35     0.999945     17288580     18204.44
       36.35     0.999948     17288580     19275.29
       36.35     0.999951     17288580     20480.00
       36.35     0.999954     17288580     21845.33
       36.35     0.999957     17288580     23405.71
       36.35     0.999960     17288580     25206.15
       36.61     0.999963     17288700     27306.67
       36.61     0.999966     17288700     29789.09
       36.86     0.999969     17288710     32768.00
       37.38     0.999971     17288740     34492.63
       39.94     0.999973     17288800     36408.89
       39.94     0.999974     17288800     38550.59
       40.19     0.999976     17288860     40960.00
       40.19     0.999977     17288860     43690.67
       40.45     0.999979     17289030     46811.43
       40.45     0.999980     17289030     50412.31
       40.45     0.999982     17289030     54613.33
       40.45     0.999983     17289030     59578.18
       40.45     0.999985     17289030     65536.00
       40.45     0.999986     17289030     68985.26
       40.45     0.999986     17289030     72817.78
       40.45     0.999987     17289030     77101.18
       40.45     0.999988     17289030     81920.00
       40.70     0.999989     17289070     87381.33
       40.70     0.999989     17289070     93622.86
       40.70     0.999990     17289070    100824.62
       44.29     0.999991     17289100    109226.67
       44.29     0.999992     17289100    119156.36
       44.29     0.999992     17289100    131072.00
       44.54     0.999993     17289180    137970.53
       44.54     0.999993     17289180    145635.56
       44.54     0.999994     17289180    154202.35
       44.54     0.999994     17289180    163840.00
       44.54     0.999994     17289180    174762.67
       44.54     0.999995     17289180    187245.71
       44.54     0.999995     17289180    201649.23
       44.54     0.999995     17289180    218453.33
       44.54     0.999996     17289180    238312.73
       44.54     0.999996     17289180    262144.00
       44.54     0.999996     17289180    275941.05
       44.54     0.999997     17289180    291271.11
       44.54     0.999997     17289180    308404.71
       44.54     0.999997     17289180    327680.00
       44.80     0.999997     17289230    349525.33
       44.80     1.000000     17289230          inf
#[Mean    =        1.103, StdDeviation   =        2.305]
#[Max     =       44.799, Total count    =     17289230]
#[Buckets =           20, SubBuckets     =          256]
