       Value   Percentile   TotalCount 1/(1-Percentile)

        0.20     0.000000            1         1.00
        0.39     0.050000        22792         1.05
        0.41     0.100000        42968         1.11
        0.46     0.150000        63646         1.18
        0.49     0.200000        85597         1.25
        0.50     0.250000       110413         1.33
        0.51     0.300000       125286         1.43
        0.53     0.350000       153369         1.54
        0.54     0.400000       173969         1.67
        0.56     0.450000       188384         1.82
        0.58     0.500000       215008         2.00
        0.59     0.525000       227136         2.11
        0.59     0.550000       227136         2.22
        0.60     0.575000       240813         2.35
        0.61     0.600000       255486         2.50
        0.61     0.625000       270283         2.67
        0.61     0.650000       270283         2.86
        0.62     0.675000       285230         3.08
        0.63     0.700000       299469         3.33
        0.63     0.725000       299469         3.64
        0.64     0.750000       312271         4.00
        0.65     0.762500       323229         4.21
        0.65     0.775000       323229         4.44
        0.66     0.787500       331956         4.71
        0.66     0.800000       331956         5.00
        0.66     0.812500       338739         5.33
        0.67     0.825000       343716         5.71
        0.68     0.837500       347143         6.15
        0.69     0.850000       351169         6.67
        0.75     0.862500       355999         7.27
        0.78     0.875000       362332         8.00
        0.79     0.881250       365344         8.42
        0.80     0.887500       369003         8.89
        0.80     0.893750       369003         9.41
        0.81     0.900000       373351        10.00
        0.81     0.906250       378244        10.67
        0.81     0.912500       378244        11.43
        0.82     0.918750       383452        12.31
        0.82     0.925000       383452        13.33
        0.83     0.931250       388741        14.55
        0.83     0.937500       388741        16.00
        0.83     0.940625       388741        16.84
        0.84     0.943750       393986        17.78
        0.84     0.946875       393986        18.82
        0.84     0.950000       393986        20.00
        0.84     0.953125       393986        21.33
        0.85     0.956250       398606        22.86
        0.85     0.959375       398606        24.62
        0.85     0.962500       398606        26.67
        0.85     0.965625       398606        29.09
        0.85     0.968750       402668        32.00
        0.85     0.970313       402668        33.68
        0.85     0.971875       402668        35.56
        0.85     0.973437       402668        37.65
        0.85     0.975000       402668        40.00
        0.85     0.976562       402668        42.67
        0.86     0.978125       405898        45.71
        0.86     0.979688       405898        49.23
        0.86     0.981250       405898        53.33
        0.86     0.982812       405898        58.18
        0.86     0.984375       405898        64.00
        0.87     0.985156       408205        67.37
        0.87     0.985938       408205        71.11
        0.87     0.986719       408205        75.29
        0.87     0.987500       408205        80.00
        0.87     0.988281       408205        85.33
        0.87     0.989062       408205        91.43
        0.87     0.989844       408205        98.46
        0.88     0.990625       409786       106.67
        0.88     0.991406       409786       116.36
        0.88     0.992188       409786       128.00
        0.88     0.992578       409786       134.74
        0.88     0.992969       409786       142.22
        0.88     0.993359       409786       150.59
        0.88     0.993750       409786       160.00
        0.88     0.994141       409786       170.67
        0.89     0.994531       410725       182.86
        0.89     0.994922       410725       196.92
        0.89     0.995313       410725       213.33
        0.89     0.995703       410725       232.73
        0.89     0.996094       410725       256.00
        0.89     0.996289       410725       269.47
        0.89     0.996484       410725       284.44
        0.90     0.996680       411285       301.18
        0.90     0.996875       411285       320.00
        0.90     0.997070       411285       341.33
        0.90     0.997266       411285       365.71
        0.90     0.997461       411285       393.85
        0.90     0.997656       411285       426.67
        0.90     0.997852       411285       465.45
        0.90     0.998047       411650       512.00
        0.90     0.998145       411650       538.95
        0.90     0.998242       411650       568.89
        0.90     0.998340       411650       602.35
        0.90     0.998437       411650       640.00
        0.90     0.998535       411650       682.67
        0.90     0.998633       411650       731.43
        0.90     0.998730       411650       787.69
        0.91     0.998828       411827       853.33
        0.91     0.998926       411827       930.91
        0.91     0.999023       411827      1024.00
        0.91     0.999072       411827      1077.89
        0.91     0.999121       411827      1137.78
        0.91     0.999170       411827      1204.71
        0.91     0.999219       411827      1280.00
        0.92     0.999268       411948      1365.33
        0.92     0.999316       411948      1462.86
        0.92     0.999365       411948      1575.38
        0.92     0.999414       411948      1706.67
        0.92     0.999463       411948      1861.82
        0.92     0.999512       411948      2048.00
        0.93     0.999536       412015      2155.79
        0.93     0.999561       412015      2275.56
        0.93     0.999585       412015      2409.41
        0.93     0.999609       412015      2560.00
        0.93     0.999634       412015      2730.67
        0.93     0.999658       412015      2925.71
        0.93     0.999683       412015      3150.77
        0.94     0.999707       412043      3413.33
        0.94     0.999731       412043      3723.64
        0.94     0.999756       412062      4096.00
        0.94     0.999768       412062      4311.58
        0.94     0.999780       412062      4551.11
        0.94     0.999792       412062      4818.82
        0.95     0.999805       412067      5120.00
        0.96     0.999817       412079      5461.33
        0.96     0.999829       412079      5851.43
        0.96     0.999841       412079      6301.54
        0.97     0.999854       412084      6826.67
        0.97     0.999866       412090      7447.27
        0.99     0.999878       412098      8192.00
        0.99     0.999884       412098      8623.16
        1.00     0.999890       412103      9102.22
        1.00     0.999896       412103      9637.65
        1.01     0.999902       412104     10240.00
        1.02     0.999908       412107     10922.67
        1.03     0.999915       412111     11702.86
        1.04     0.999921       412117     12603.08
        1.04     0.999927       412117     13653.33
        1.04     0.999933       412117     14894.55
        1.05     0.999939       412120     16384.00
        1.05     0.999942       412121     17246.32
        1.06     0.999945       412123     18204.44
        1.06     0.999948       412123     19275.29
        1.08     0.999951       412126     20480.00
        1.08     0.999954       412126     21845.33
        1.09     0.999957       412127     23405.71
        1.09     0.999960       412128     25206.15
        1.10     0.999963       412132     27306.67
        1.10     0.999966       412132     29789.09
        1.10     0.999969       412132     32768.00
        1.12     0.999971       412134     34492.63
        1.12     0.999973       412134     36408.89
        1.12     0.999974       412134     38550.59
        1.12     0.999976       412134     40960.00
        1.13     0.999977       412135     43690.67
        1.14     0.999979       412136     46811.43
        1.14     0.999980       412136     50412.31
        1.18     0.999982       412137     54613.33
        1.22     0.999983       412139     59578.18
        1.22     0.999985       412139     65536.00
        1.22     0.999986       412139     68985.26
        1.22     0.999986       412139     72817.78
        1.22     0.999987       412139     77101.18
        1.22     0.999988       412139     81920.00
        1.24     0.999989       412140     87381.33
        1.24     0.999989       412140     93622.86
        1.24     0.999990       412140    100824.62
        1.42     0.999991       412141    109226.67
        1.42     0.999992       412141    119156.36
        1.42     0.999992       412141    131072.00
        1.42     0.999993       412142    137970.53
        1.42     0.999993       412142    145635.56
        1.42     0.999994       412142    154202.35
        1.42     0.999994       412142    163840.00
        1.42     0.999994       412142    174762.67
        1.42     0.999995       412142    187245.71
        1.42     0.999995       412142    201649.23
        1.43     0.999995       412143    218453.33
        1.43     0.999996       412143    238312.73
        1.43     0.999996       412143    262144.00
        1.43     0.999996       412143    275941.05
        1.43     0.999997       412143    291271.11
        1.43     0.999997       412143    308404.71
        1.43     0.999997       412143    327680.00
        1.43     0.999997       412143    349525.33
        1.43     0.999997       412143    374491.43
        1.43     0.999998       412143    403298.46
        1.44     0.999998       412144    436906.67
        1.44     1.000000       412144          inf
#[Mean    =        0.582, StdDeviation   =        0.127]
#[Max     =        1.439, Total count    =       412144]
#[Buckets =           20, SubBuckets     =          256]
