       Value   Percentile   TotalCount 1/(1-Percentile)

        0.18     0.000000            4         1.00
        0.26     0.050000        44363         1.05
        0.27     0.100000        66142         1.11
        0.31     0.150000        95491         1.18
        0.33     0.200000       127213         1.25
        0.34     0.250000       154497         1.33
        0.35     0.300000       211664         1.43
        0.36     0.350000       237579         1.54
        0.37     0.400000       254579         1.67
        0.38     0.450000       287472         1.82
        0.39     0.500000       318168         2.00
        0.40     0.525000       357319         2.11
        0.40     0.550000       357319         2.22
        0.40     0.575000       357319         2.35
        0.41     0.600000       397945         2.50
        0.41     0.625000       397945         2.67
        0.41     0.650000       397945         2.86
        0.41     0.675000       435711         3.08
        0.41     0.700000       435711         3.33
        0.42     0.725000       469202         3.64
        0.42     0.750000       469202         4.00
        0.42     0.762500       469202         4.21
        0.43     0.775000       493053         4.44
        0.43     0.787500       493053         4.71
        0.43     0.800000       493053         5.00
        0.44     0.812500       505885         5.33
        0.44     0.825000       505885         5.71
        0.46     0.837500       515370         6.15
        0.48     0.850000       521101         6.67
        0.54     0.862500       528135         7.27
        0.55     0.875000       539782         8.00
        0.55     0.881250       539782         8.42
        0.56     0.887500       551856         8.89
        0.56     0.893750       551856         9.41
        0.56     0.900000       551856        10.00
        0.57     0.906250       567136        10.67
        0.57     0.912500       567136        11.43
        0.57     0.918750       567136        12.31
        0.57     0.925000       567136        13.33
        0.57     0.931250       582420        14.55
        0.57     0.937500       582420        16.00
        0.57     0.940625       582420        16.84
        0.57     0.943750       582420        17.78
        0.57     0.946875       582420        18.82
        0.57     0.950000       582420        20.00
        0.58     0.953125       594398        21.33
        0.58     0.956250       594398        22.86
        0.58     0.959375       594398        24.62
        0.58     0.962500       594398        26.67
        0.58     0.965625       594398        29.09
        0.58     0.968750       594398        32.00
        0.58     0.970313       594398        33.68
        0.58     0.971875       594398        35.56
        0.59     0.973437       601559        37.65
        0.59     0.975000       601559        40.00
        0.59     0.976562       601559        42.67
        0.59     0.978125       601559        45.71
        0.59     0.979688       601559        49.23
        0.59     0.981250       601559        53.33
        0.59     0.982812       601559        58.18
        0.60     0.984375       605115        64.00
        0.60     0.985156       605115        67.37
        0.60     0.985938       605115        71.11
        0.60     0.986719       605115        75.29
        0.60     0.987500       605115        80.00
        0.60     0.988281       605115        85.33
        0.60     0.989062       605115        91.43
        0.61     0.989844       606745        98.46
        0.61     0.990625       606745       106.67
        0.61     0.991406       606745       116.36
        0.61     0.992188       607660       128.00
        0.61     0.992578       607660       134.74
        0.61     0.992969       607660       142.22
        0.61     0.993359       607660       150.59
        0.62     0.993750       608306       160.00
        0.62     0.994141       608306       170.67
        0.62     0.994531       608306       182.86
        0.63     0.994922       608831       196.92
        0.63     0.995313       608831       213.33
        0.64     0.995703       609268       232.73
        0.64     0.996094       609268       256.00
        0.65     0.996289       609664       269.47
        0.65     0.996484       609664       284.44
        0.65     0.996680       609664       301.18
        0.66     0.996875       610047       320.00
        0.66     0.997070       610047       341.33
        0.66     0.997266       610047       365.71
        0.66     0.997461       610047       393.85
        0.66     0.997656       610361       426.67
        0.66     0.997852       610361       465.45
        0.67     0.998047       610619       512.00
        0.67     0.998145       610619       538.95
        0.67     0.998242       610619       568.89
        0.67     0.998340       610619       602.35
        0.68     0.998437       610839       640.00
        0.68     0.998535       610839       682.67
        0.68     0.998633       610839       731.43
        0.68     0.998730       610839       787.69
        0.69     0.998828       611014       853.33
        0.69     0.998926       611014       930.91
        0.69     0.999023       611014      1024.00
        0.69     0.999072       611171      1077.89
        0.69     0.999121       611171      1137.78
        0.69     0.999170       611171      1204.71
        0.69     0.999219       611171      1280.00
        0.69     0.999268       611171      1365.33
        0.70     0.999316       611286      1462.86
        0.70     0.999365       611286      1575.38
        0.70     0.999414       611286      1706.67
        0.70     0.999463       611286      1861.82
        0.71     0.999512       611340      2048.00
        0.71     0.999536       611340      2155.79
        0.71     0.999561       611340      2275.56
        0.72     0.999585       611388      2409.41
        0.72     0.999609       611388      2560.00
        0.72     0.999634       611388      2730.67
        0.72     0.999658       611388      2925.71
        0.73     0.999683       611408      3150.77
        0.73     0.999707       611419      3413.33
        0.74     0.999731       611437      3723.64
        0.76     0.999756       611446      4096.00
        0.78     0.999768       611458      4311.58
        0.78     0.999780       611465      4551.11
        0.79     0.999792       611470      4818.82
        0.80     0.999805       611477      5120.00
        0.81     0.999817       611484      5461.33
        0.82     0.999829       611493      5851.43
        0.84     0.999841       611498      6301.54
        0.85     0.999854       611507      6826.67
        0.87     0.999866       611517      7447.27
        0.88     0.999878       611522      8192.00
        0.89     0.999884       611525      8623.16
        0.90     0.999890       611528      9102.22
        0.91     0.999896       611532      9637.65
        0.96     0.999902       611536     10240.00
        1.19     0.999908       611540     10922.67
        1.47     0.999915       611543     11702.86
        1.73     0.999921       611547     12603.08
        2.35     0.999927       611551     13653.33
        2.40     0.999933       611555     14894.55
        2.45     0.999939       611558     16384.00
        2.46     0.999942       611560     17246.32
        2.48     0.999945       611563     18204.44
        2.51     0.999948       611564     19275.29
        2.56     0.999951       611566     20480.00
        2.62     0.999954       611569     21845.33
        2.62     0.999957       611569     23405.71
        2.77     0.999960       611571     25206.15
        2.99     0.999963       611573     27306.67
        3.01     0.999966       611575     29789.09
        3.02     0.999969       611577     32768.00
        3.04     0.999971       611579     34492.63
        3.04     0.999973       611579     36408.89
        3.07     0.999974       611580     38550.59
        3.10     0.999976       611581     40960.00
        3.15     0.999977       611583     43690.67
        3.15     0.999979       611583     46811.43
        3.15     0.999980       611583     50412.31
        3.39     0.999982       611585     54613.33
        3.39     0.999983       611585     59578.18
        3.41     0.999985       611586     65536.00
        3.42     0.999986       611587     68985.26
        3.42     0.999986       611587     72817.78
        3.44     0.999987       611589     77101.18
        3.44     0.999988       611589     81920.00
        3.44     0.999989       611589     87381.33
        3.44     0.999989       611589     93622.86
        3.44     0.999990       611589    100824.62
        3.46     0.999991       611590    109226.67
        3.46     0.999992       611590    119156.36
        3.47     0.999992       611591    131072.00
        3.47     0.999993       611591    137970.53
        3.47     0.999993       611591    145635.56
        3.57     0.999994       611593    154202.35
        3.57     0.999994       611593    163840.00
        3.57     0.999994       611593    174762.67
        3.57     0.999995       611593    187245.71
        3.57     0.999995       611593    201649.23
        3.57     0.999995       611593    218453.33
        3.57     0.999996       611593    238312.73
        3.57     0.999996       611593    262144.00
        3.57     0.999996       611593    275941.05
        3.57     0.999997       611593    291271.11
        3.68     0.999997       611594    308404.71
        3.68     0.999997       611594    327680.00
        3.68     0.999997       611594    349525.33
        3.68     0.999997       611594    374491.43
        3.68     0.999998       611594    403298.46
        3.68     0.999998       611594    436906.67
        3.68     0.999998       611594    476625.45
        3.68     0.999998       611594    524288.00
        3.68     0.999998       611594    551882.11
        3.68     0.999998       611594    582542.22
        3.73     0.999998       611595    616809.41
        3.73     1.000000       611595          inf
#[Mean    =        0.392, StdDeviation   =        0.093]
#[Max     =        3.727, Total count    =       611595]
#[Buckets =           20, SubBuckets     =          256]
