       Value   Percentile   TotalCount 1/(1-Percentile)

        0.17     0.000000            1         1.00
        0.29     0.050000        42748         1.05
        0.30     0.100000        61804         1.11
        0.34     0.150000        85584         1.18
        0.37     0.200000       125725         1.25
        0.38     0.250000       151111         1.33
        0.38     0.300000       176941         1.43
        0.39     0.350000       202333         1.54
        0.40     0.400000       223888         1.67
        0.42     0.450000       260584         1.82
        0.43     0.500000       279967         2.00
        0.44     0.525000       307237         2.11
        0.44     0.550000       307237         2.22
        0.45     0.575000       339573         2.35
        0.45     0.600000       339573         2.50
        0.46     0.625000       373914         2.67
        0.46     0.650000       373914         2.86
        0.46     0.675000       408402         3.08
        0.46     0.700000       408402         3.33
        0.46     0.725000       408402         3.64
        0.47     0.750000       439076         4.00
        0.47     0.762500       439076         4.21
        0.47     0.775000       439076         4.44
        0.47     0.787500       439076         4.71
        0.48     0.800000       459571         5.00
        0.48     0.812500       459571         5.33
        0.48     0.825000       459571         5.71
        0.49     0.837500       469586         6.15
        0.49     0.850000       473147         6.67
        0.58     0.862500       479258         7.27
        0.61     0.875000       491278         8.00
        0.61     0.881250       491278         8.42
        0.61     0.887500       501856         8.89
        0.61     0.893750       501856         9.41
        0.61     0.900000       501856        10.00
        0.62     0.906250       515473        10.67
        0.62     0.912500       515473        11.43
        0.62     0.918750       515473        12.31
        0.62     0.925000       515473        13.33
        0.63     0.931250       529532        14.55
        0.63     0.937500       529532        16.00
        0.63     0.940625       529532        16.84
        0.63     0.943750       529532        17.78
        0.63     0.946875       529532        18.82
        0.63     0.950000       529532        20.00
        0.63     0.953125       529532        21.33
        0.64     0.956250       540928        22.86
        0.64     0.959375       540928        24.62
        0.64     0.962500       540928        26.67
        0.64     0.965625       540928        29.09
        0.64     0.968750       540928        32.00
        0.64     0.970313       540928        33.68
        0.64     0.971875       540928        35.56
        0.64     0.973437       540928        37.65
        0.65     0.975000       548165        40.00
        0.65     0.976562       548165        42.67
        0.65     0.978125       548165        45.71
        0.65     0.979688       548165        49.23
        0.65     0.981250       548165        53.33
        0.65     0.982812       548165        58.18
        0.65     0.984375       548165        64.00
        0.65     0.985156       548165        67.37
        0.65     0.985938       548165        71.11
        0.65     0.986719       548165        75.29
        0.65     0.987500       548165        80.00
        0.66     0.988281       552217        85.33
        0.66     0.989062       552217        91.43
        0.66     0.989844       552217        98.46
        0.66     0.990625       552217       106.67
        0.66     0.991406       552217       116.36
        0.66     0.992188       552217       128.00
        0.66     0.992578       552217       134.74
        0.66     0.992969       552217       142.22
        0.66     0.993359       552217       150.59
        0.66     0.993750       552217       160.00
        0.66     0.994141       552217       170.67
        0.66     0.994531       552217       182.86
        0.66     0.994922       553883       196.92
        0.66     0.995313       553883       213.33
        0.66     0.995703       553883       232.73
        0.66     0.996094       553883       256.00
        0.66     0.996289       553883       269.47
        0.66     0.996484       553883       284.44
        0.66     0.996680       553883       301.18
        0.66     0.996875       553883       320.00
        0.66     0.997070       553883       341.33
        0.66     0.997266       553883       365.71
        0.66     0.997461       553883       393.85
        0.66     0.997656       553883       426.67
        0.66     0.997852       553883       465.45
        0.67     0.998047       554488       512.00
        0.67     0.998145       554488       538.95
        0.67     0.998242       554488       568.89
        0.67     0.998340       554488       602.35
        0.67     0.998437       554488       640.00
        0.67     0.998535       554488       682.67
        0.67     0.998633       554488       731.43
        0.67     0.998730       554488       787.69
        0.67     0.998828       554488       853.33
        0.67     0.998926       554488       930.91
        0.68     0.999023       554715      1024.00
        0.68     0.999072       554715      1077.89
        0.68     0.999121       554715      1137.78
        0.68     0.999170       554715      1204.71
        0.68     0.999219       554715      1280.00
        0.68     0.999268       554715      1365.33
        0.68     0.999316       554715      1462.86
        0.68     0.999365       554715      1575.38
        0.68     0.999414       554715      1706.67
        0.69     0.999463       554830      1861.82
        0.69     0.999512       554830      2048.00
        0.69     0.999536       554830      2155.79
        0.69     0.999561       554830      2275.56
        0.69     0.999585       554830      2409.41
        0.69     0.999609       554830      2560.00
        0.69     0.999634       554875      2730.67
        0.69     0.999658       554875      2925.71
        0.69     0.999683       554875      3150.77
        0.69     0.999707       554875      3413.33
        0.70     0.999731       554900      3723.64
        0.71     0.999756       554914      4096.00
        0.71     0.999768       554914      4311.58
        0.72     0.999780       554925      4551.11
        0.72     0.999792       554925      4818.82
        0.73     0.999805       554940      5120.00
        0.73     0.999817       554940      5461.33
        0.73     0.999829       554950      5851.43
        0.73     0.999841       554950      6301.54
        0.74     0.999854       554960      6826.67
        0.75     0.999866       554964      7447.27
        0.77     0.999878       554971      8192.00
        0.78     0.999884       554973      8623.16
        0.80     0.999890       554980      9102.22
        0.80     0.999896       554980      9637.65
        0.81     0.999902       554984     10240.00
        0.84     0.999908       554990     10922.67
        0.84     0.999915       554990     11702.86
        0.85     0.999921       554995     12603.08
        0.85     0.999927       554997     13653.33
        0.86     0.999933       555002     14894.55
        0.87     0.999939       555008     16384.00
        0.87     0.999942       555008     17246.32
        0.87     0.999945       555008     18204.44
        0.88     0.999948       555010     19275.29
        0.88     0.999951       555010     20480.00
        0.90     0.999954       555013     21845.33
        0.91     0.999957       555019     23405.71
        0.91     0.999960       555019     25206.15
        0.91     0.999963       555019     27306.67
        0.91     0.999966       555019     29789.09
        0.92     0.999969       555021     32768.00
        0.92     0.999971       555021     34492.63
        0.93     0.999973       555023     36408.89
        0.93     0.999974       555023     38550.59
        0.94     0.999976       555025     40960.00
        0.94     0.999977       555025     43690.67
        0.94     0.999979       555028     46811.43
        0.94     0.999980       555028     50412.31
        0.94     0.999982       555028     54613.33
        0.94     0.999983       555028     59578.18
        0.95     0.999985       555029     65536.00
        0.95     0.999986       555029     68985.26
        0.97     0.999986       555030     72817.78
        0.97     0.999987       555030     77101.18
        0.98     0.999988       555031     81920.00
        0.98     0.999989       555031     87381.33
        1.07     0.999989       555032     93622.86
        1.07     0.999990       555032    100824.62
        1.07     0.999991       555032    109226.67
        1.14     0.999992       555033    119156.36
        1.14     0.999992       555033    131072.00
        1.14     0.999993       555033    137970.53
        1.16     0.999993       555034    145635.56
        1.16     0.999994       555034    154202.35
        1.16     0.999994       555034    163840.00
        1.16     0.999994       555034    174762.67
        1.20     0.999995       555035    187245.71
        1.20     0.999995       555035    201649.23
        1.20     0.999995       555035    218453.33
        1.20     0.999996       555035    238312.73
        1.20     0.999996       555035    262144.00
        1.20     0.999996       555035    275941.05
        1.29     0.999997       555036    291271.11
        1.29     0.999997       555036    308404.71
        1.29     0.999997       555036    327680.00
        1.29     0.999997       555036    349525.33
        1.29     0.999997       555036    374491.43
        1.29     0.999998       555036    403298.46
        1.29     0.999998       555036    436906.67
        1.29     0.999998       555036    476625.45
        1.29     0.999998       555036    524288.00
        1.29     0.999998       555036    551882.11
        1.36     0.999998       555037    582542.22
        1.36     1.000000       555037          inf
#[Mean    =        0.432, StdDeviation   =        0.096]
#[Max     =        1.359, Total count    =       555037]
#[Buckets =           20, SubBuckets     =          256]
