       Value   Percentile   TotalCount 1/(1-Percentile)

        0.18     0.000000            2         1.00
        0.63     0.050000        17182         1.05
        0.66     0.100000        36422         1.11
        0.68     0.150000        51623         1.18
        0.69     0.200000        71357         1.25
        0.70     0.250000        82785         1.33
        0.72     0.300000       108797         1.43
        0.73     0.350000       123049         1.54
        0.73     0.400000       137851         1.67
        0.74     0.450000       152825         1.82
        0.75     0.500000       168004         2.00
        0.75     0.525000       168004         2.11
        0.76     0.550000       182992         2.22
        0.77     0.575000       197486         2.35
        0.77     0.600000       197486         2.50
        0.78     0.625000       211233         2.67
        0.78     0.650000       211233         2.86
        0.78     0.675000       224203         3.08
        0.78     0.700000       224203         3.33
        0.79     0.725000       236238         3.64
        0.80     0.750000       246847         4.00
        0.80     0.762500       246847         4.21
        0.81     0.775000       256341         4.44
        0.81     0.787500       256341         4.71
        0.81     0.800000       256341         5.00
        0.81     0.812500       264935         5.33
        0.81     0.825000       264935         5.71
        0.82     0.837500       272531         6.15
        0.82     0.850000       272531         6.67
        0.83     0.862500       278898         7.27
        0.84     0.875000       284382         8.00
        0.84     0.881250       284382         8.42
        0.84     0.887500       284382         8.89
        0.85     0.893750       289176         9.41
        0.85     0.900000       289176        10.00
        0.85     0.906250       293104        10.67
        0.85     0.912500       293104        11.43
        0.86     0.918750       296626        12.31
        0.86     0.925000       296626        13.33
        0.87     0.931250       299786        14.55
        0.87     0.937500       299786        16.00
        0.88     0.940625       302535        16.84
        0.88     0.943750       302535        17.78
        0.88     0.946875       302535        18.82
        0.89     0.950000       304845        20.00
        0.89     0.953125       304845        21.33
        0.90     0.956250       306803        22.86
        0.90     0.959375       306803        24.62
        0.90     0.962500       308479        26.67
        0.90     0.965625       308479        29.09
        0.91     0.968750       309963        32.00
        0.91     0.970313       309963        33.68
        0.92     0.971875       311231        35.56
        0.92     0.973437       311231        37.65
        0.92     0.975000       311231        40.00
        0.93     0.976562       312361        42.67
        0.93     0.978125       312361        45.71
        0.94     0.979688       313330        49.23
        0.94     0.981250       313330        53.33
        0.94     0.982812       314114        58.18
        0.95     0.984375       314830        64.00
        0.95     0.985156       314830        67.37
        0.95     0.985938       314830        71.11
        0.96     0.986719       315423        75.29
        0.96     0.987500       315423        80.00
        0.97     0.988281       316005        85.33
        0.97     0.989062       316005        91.43
        0.97     0.989844       316005        98.46
        0.97     0.990625       316475       106.67
        0.97     0.991406       316475       116.36
        0.98     0.992188       316846       128.00
        0.98     0.992578       316846       134.74
        0.99     0.992969       317166       142.22
        0.99     0.993359       317166       150.59
        1.00     0.993750       317466       160.00
        1.00     0.994141       317466       170.67
        1.00     0.994531       317466       182.86
        1.01     0.994922       317668       196.92
        1.01     0.995313       317852       213.33
        1.01     0.995703       317852       232.73
        1.02     0.996094       317992       256.00
        1.02     0.996289       317992       269.47
        1.03     0.996484       318129       284.44
        1.03     0.996680       318129       301.18
        1.04     0.996875       318241       320.00
        1.04     0.997070       318241       341.33
        1.05     0.997266       318322       365.71
        1.05     0.997461       318390       393.85
        1.06     0.997656       318458       426.67
        1.07     0.997852       318499       465.45
        1.09     0.998047       318570       512.00
        1.09     0.998145       318593       538.95
        1.10     0.998242       318615       568.89
        1.12     0.998340       318644       602.35
        1.14     0.998437       318677       640.00
        1.16     0.998535       318710       682.67
        1.19     0.998633       318734       731.43
        1.23     0.998730       318765       787.69
        1.28     0.998828       318799       853.33
        1.32     0.998926       318832       930.91
        1.38     0.999023       318858      1024.00
        1.46     0.999072       318872      1077.89
        1.71     0.999121       318888      1137.78
        2.13     0.999170       318906      1204.71
        2.19     0.999219       318919      1280.00
        2.25     0.999268       318939      1365.33
        2.29     0.999316       318956      1462.86
        2.33     0.999365       318969      1575.38
        2.38     0.999414       318984      1706.67
        2.42     0.999463       318998      1861.82
        2.46     0.999512       319016      2048.00
        2.48     0.999536       319023      2155.79
        2.50     0.999561       319028      2275.56
        2.53     0.999585       319039      2409.41
        2.54     0.999609       319050      2560.00
        2.56     0.999634       319056      2730.67
        2.58     0.999658       319062      2925.71
        2.59     0.999683       319068      3150.77
        2.62     0.999707       319076      3413.33
        2.67     0.999731       319088      3723.64
        2.70     0.999756       319092      4096.00
        2.72     0.999768       319095      4311.58
        2.73     0.999780       319099      4551.11
        2.77     0.999792       319105      4818.82
        2.78     0.999805       319110      5120.00
        2.78     0.999817       319110      5461.33
        2.85     0.999829       319116      5851.43
        2.86     0.999841       319118      6301.54
        2.94     0.999854       319124      6826.67
        3.01     0.999866       319126      7447.27
        3.09     0.999878       319130      8192.00
        3.10     0.999884       319131      8623.16
        3.20     0.999890       319135      9102.22
        3.20     0.999896       319135      9637.65
        3.21     0.999902       319139     10240.00
        3.21     0.999908       319139     10922.67
        3.31     0.999915       319142     11702.86
        3.36     0.999921       319144     12603.08
        3.38     0.999927       319145     13653.33
        3.49     0.999933       319147     14894.55
        3.81     0.999939       319149     16384.00
        3.92     0.999942       319150     17246.32
        4.22     0.999945       319151     18204.44
        4.32     0.999948       319154     19275.29
        4.32     0.999951       319154     20480.00
        4.32     0.999954       319154     21845.33
        4.35     0.999957       319155     23405.71
        4.38     0.999960       319156     25206.15
        4.42     0.999963       319157     27306.67
        4.48     0.999966       319158     29789.09
        4.51     0.999969       319161     32768.00
        4.51     0.999971       319161     34492.63
        4.51     0.999973       319161     36408.89
        4.51     0.999974       319161     38550.59
        4.51     0.999976       319161     40960.00
        4.51     0.999977       319161     43690.67
        4.54     0.999979       319162     46811.43
        4.54     0.999980       319162     50412.31
        4.67     0.999982       319163     54613.33
        4.67     0.999983       319163     59578.18
        4.77     0.999985       319165     65536.00
        4.77     0.999986       319165     68985.26
        4.77     0.999986       319165     72817.78
        4.77     0.999987       319165     77101.18
        4.77     0.999988       319165     81920.00
        4.77     0.999989       319165     87381.33
        4.77     0.999989       319165     93622.86
        4.77     0.999990       319165    100824.62
        4.86     0.999991       319166    109226.67
        4.86     0.999992       319166    119156.36
        4.86     0.999992       319166    131072.00
        4.86     0.999993       319166    137970.53
        4.86     0.999993       319166    145635.56
        4.86     0.999994       319166    154202.35
        4.93     0.999994       319168    163840.00
        4.93     1.000000       319168          inf
#[Mean    =        0.751, StdDeviation   =        0.100]
#[Max     =        4.927, Total count    =       319168]
#[Buckets =           20, SubBuckets     =          256]
