       Value   Percentile   TotalCount 1/(1-Percentile)

        0.16     0.000000            1         1.00
        0.71     0.050000        13193         1.05
        0.76     0.100000        25549         1.11
        0.79     0.150000        38703         1.18
        0.81     0.200000        50112         1.25
        0.84     0.250000        64225         1.33
        0.85     0.300000        75314         1.43
        0.87     0.350000        86656         1.54
        0.90     0.400000       103375         1.67
        0.91     0.450000       115119         1.82
        0.93     0.500000       126935         2.00
        0.94     0.525000       132573         2.11
        0.94     0.550000       137890         2.22
        0.95     0.575000       142781         2.35
        0.97     0.600000       150972         2.50
        0.97     0.625000       154481         2.67
        0.99     0.650000       160664         2.86
        1.01     0.675000       168303         3.08
        1.04     0.700000       174086         3.33
        1.06     0.725000       178748         3.64
        1.10     0.750000       185234         4.00
        1.12     0.762500       187951         4.21
        1.14     0.775000       192228         4.44
        1.16     0.787500       195103         4.71
        1.18     0.800000       198162         5.00
        1.19     0.812500       201485         5.33
        1.21     0.825000       204982         5.71
        1.22     0.837500       206878         6.15
        1.23     0.850000       210695         6.67
        1.24     0.862500       212640         7.27
        1.25     0.875000       216336         8.00
        1.26     0.881250       218085         8.42
        1.27     0.887500       219720         8.89
        1.28     0.893750       221302         9.41
        1.29     0.900000       222851        10.00
        1.29     0.906250       224308        10.67
        1.30     0.912500       225633        11.43
        1.31     0.918750       226904        12.31
        1.32     0.925000       228168        13.33
        1.33     0.931250       229419        14.55
        1.34     0.937500       231681        16.00
        1.35     0.940625       232790        16.84
        1.35     0.943750       232790        17.78
        1.36     0.946875       233823        18.82
        1.37     0.950000       234857        20.00
        1.37     0.953125       234857        21.33
        1.38     0.956250       235809        22.86
        1.38     0.959375       236752        24.62
        1.39     0.962500       237580        26.67
        1.40     0.965625       238385        29.09
        1.41     0.968750       239177        32.00
        1.41     0.970313       239177        33.68
        1.42     0.971875       239930        35.56
        1.42     0.973437       239930        37.65
        1.42     0.975000       240680        40.00
        1.42     0.976562       240680        42.67
        1.43     0.978125       241372        45.71
        1.43     0.979688       241372        49.23
        1.44     0.981250       241928        53.33
        1.45     0.982812       242444        58.18
        1.46     0.984375       242932        64.00
        1.46     0.985156       242932        67.37
        1.46     0.985938       242932        71.11
        1.46     0.986719       243329        75.29
        1.46     0.987500       243329        80.00
        1.47     0.988281       243653        85.33
        1.47     0.989062       243653        91.43
        1.48     0.989844       243977        98.46
        1.49     0.990625       244221       106.67
        1.49     0.991406       244221       116.36
        1.50     0.992188       244456       128.00
        1.50     0.992578       244637       134.74
        1.50     0.992969       244637       142.22
        1.51     0.993359       244788       150.59
        1.51     0.993750       244788       160.00
        1.52     0.994141       244916       170.67
        1.53     0.994531       245050       182.86
        1.53     0.994922       245131       196.92
        1.54     0.995313       245206       213.33
        1.55     0.995703       245271       232.73
        1.57     0.996094       245366       256.00
        1.57     0.996289       245423       269.47
        1.58     0.996484       245470       284.44
        1.59     0.996680       245518       301.18
        1.60     0.996875       245550       320.00
        1.61     0.997070       245616       341.33
        1.63     0.997266       245667       365.71
        1.64     0.997461       245702       393.85
        1.66     0.997656       245757       426.67
        1.67     0.997852       245816       465.45
        1.68     0.998047       245845       512.00
        1.69     0.998145       245863       538.95
        1.70     0.998242       245900       568.89
        1.71     0.998340       245920       602.35
        1.72     0.998437       245938       640.00
        1.74     0.998535       245973       682.67
        1.74     0.998633       245982       731.43
        1.77     0.998730       246008       787.69
        1.79     0.998828       246031       853.33
        1.84     0.998926       246054       930.91
        1.92     0.999023       246079      1024.00
        1.97     0.999072       246091      1077.89
        1.99     0.999121       246103      1137.78
        2.02     0.999170       246114      1204.71
        2.06     0.999219       246126      1280.00
        2.11     0.999268       246140      1365.33
        2.16     0.999316       246151      1462.86
        2.22     0.999365       246164      1575.38
        2.27     0.999414       246175      1706.67
        2.32     0.999463       246190      1861.82
        2.38     0.999512       246202      2048.00
        2.40     0.999536       246205      2155.79
        2.45     0.999561       246210      2275.56
        2.54     0.999585       246216      2409.41
        2.58     0.999609       246224      2560.00
        2.59     0.999634       246229      2730.67
        2.62     0.999658       246236      2925.71
        2.65     0.999683       246241      3150.77
        2.75     0.999707       246246      3413.33
        2.81     0.999731       246252      3723.64
        2.91     0.999756       246258      4096.00
        2.98     0.999768       246261      4311.58
        3.07     0.999780       246264      4551.11
        3.13     0.999792       246267      4818.82
        3.21     0.999805       246270      5120.00
        3.36     0.999817       246274      5461.33
        3.44     0.999829       246276      5851.43
        3.55     0.999841       246279      6301.54
        3.82     0.999854       246282      6826.67
        4.45     0.999866       246285      7447.27
        5.28     0.999878       246290      8192.00
        5.28     0.999884       246290      8623.16
        8.16     0.999890       246294      9102.22
        8.16     0.999896       246294      9637.65
        8.16     0.999902       246294     10240.00
       12.35     0.999908       246298     10922.67
       12.35     0.999915       246298     11702.86
       12.48     0.999921       246302     12603.08
       12.48     0.999927       246302     13653.33
       12.48     0.999933       246302     14894.55
       15.42     0.999939       246303     16384.00
       16.00     0.999942       246304     17246.32
       16.06     0.999945       246305     18204.44
       16.38     0.999948       246307     19275.29
       16.38     0.999951       246307     20480.00
       16.38     0.999954       246307     21845.33
       16.51     0.999957       246313     23405.71
       16.51     0.999960       246313     25206.15
       16.51     0.999963       246313     27306.67
       16.51     0.999966       246313     29789.09
       16.51     0.999969       246313     32768.00
       16.51     0.999971       246313     34492.63
       16.51     0.999973       246313     36408.89
       16.51     0.999974       246313     38550.59
       16.51     0.999976       246313     40960.00
       16.51     0.999977       246313     43690.67
       16.51     0.999979       246313     46811.43
       16.89     0.999980       246314     50412.31
       16.89     0.999982       246314     54613.33
       16.89     0.999983       246314     59578.18
       20.48     0.999985       246317     65536.00
       20.48     0.999986       246317     68985.26
       20.48     0.999986       246317     72817.78
       20.48     0.999987       246317     77101.18
       20.48     0.999988       246317     81920.00
       20.48     0.999989       246317     87381.33
       20.48     0.999989       246317     93622.86
       20.48     0.999990       246317    100824.62
       20.48     0.999991       246317    109226.67
       20.48     0.999992       246317    119156.36
       20.48     0.999992       246317    131072.00
       20.48     0.999993       246317    137970.53
       20.48     0.999993       246317    145635.56
       20.48     0.999994       246317    154202.35
       20.48     0.999994       246317    163840.00
       20.48     0.999994       246317    174762.67
       20.48     0.999995       246317    187245.71
       20.48     0.999995       246317    201649.23
       20.48     0.999995       246317    218453.33
       20.48     0.999996       246317    238312.73
       20.73     0.999996       246318    262144.00
       20.73     1.000000       246318          inf
#[Mean    =        0.973, StdDeviation   =        0.260]
#[Max     =       20.735, Total count    =       246318]
#[Buckets =           20, SubBuckets     =          256]
