       Value   Percentile   TotalCount 1/(1-Percentile)

        0.06     0.000000           25         1.00
        0.14     0.050000       955785         1.05
        0.15     0.100000      1673565         1.11
        0.19     0.150000      2462510         1.18
        0.43     0.200000      3282465         1.25
        0.49     0.250000      4042765         1.33
        0.52     0.300000      5006255         1.43
        0.54     0.350000      5689005         1.54
        0.55     0.400000      7109085         1.67
        0.56     0.450000      8766610         1.82
        0.56     0.500000      8766610         2.00
        0.56     0.525000      8766610         2.11
        0.57     0.550000      9941025         2.22
        0.57     0.575000      9941025         2.35
        0.57     0.600000      9941025         2.50
        0.57     0.625000     10673485         2.67
        0.57     0.650000     10673485         2.86
        0.58     0.675000     11225580         3.08
        0.59     0.700000     11656015         3.33
        0.59     0.725000     11656015         3.64
        0.61     0.750000     12283920         4.00
        0.61     0.762500     12283920         4.21
        0.61     0.775000     12501045         4.44
        0.62     0.787500     12659685         4.71
        0.64     0.800000     12876520         5.00
        0.66     0.812500     13119665         5.33
        0.68     0.825000     13304295         5.71
        0.69     0.837500     13521995         6.15
        0.71     0.850000     13721130         6.67
        0.73     0.862500     13904055         7.27
        0.74     0.875000     14117935         8.00
        0.75     0.881250     14225505         8.42
        0.76     0.887500     14328385         8.89
        0.77     0.893750     14433135         9.41
        0.78     0.900000     14533015        10.00
        0.78     0.906250     14630830        10.67
        0.79     0.912500     14724915        11.43
        0.80     0.918750     14816605        12.31
        0.81     0.925000     14905710        13.33
        0.81     0.931250     14995140        14.55
        0.82     0.937500     15080000        16.00
        0.83     0.940625     15165990        16.84
        0.83     0.943750     15165990        17.78
        0.84     0.946875     15248160        18.82
        0.85     0.950000     15327100        20.00
        0.85     0.953125     15327100        21.33
        0.85     0.956250     15400920        22.86
        0.86     0.959375     15470135        24.62
        0.86     0.962500     15470135        26.67
        0.87     0.965625     15535205        29.09
        0.88     0.968750     15593050        32.00
        0.88     0.970313     15593050        33.68
        0.89     0.971875     15644495        35.56
        0.89     0.973437     15644495        37.65
        0.90     0.975000     15688575        40.00
        0.90     0.976562     15688575        42.67
        0.90     0.978125     15726490        45.71
        0.91     0.979688     15757610        49.23
        0.92     0.981250     15782565        53.33
        0.93     0.982812     15801750        58.18
        0.94     0.984375     15815490        64.00
        0.94     0.985156     15826250        67.37
        0.95     0.985938     15834710        71.11
        0.97     0.986719     15847815        75.29
        0.99     0.987500     15862640        80.00
        1.01     0.988281     15873420        85.33
        1.05     0.989062     15885040        91.43
        1.10     0.989844     15897345        98.46
        1.18     0.990625     15911285       106.67
        1.26     0.991406     15922460       116.36
        1.39     0.992188     15934905       128.00
        1.48     0.992578     15941025       134.74
        1.58     0.992969     15947450       142.22
        1.77     0.993359     15953575       150.59
        2.13     0.993750     15959860       160.00
        2.65     0.994141     15966145       170.67
        3.38     0.994531     15972370       182.86
        4.35     0.994922     15978930       196.92
        5.47     0.995313     15985030       213.33
        6.56     0.995703     15991265       232.73
        7.39     0.996094     15997720       256.00
        7.62     0.996289     16000760       269.47
        7.90     0.996484     16003815       284.44
        8.26     0.996680     16006950       301.18
        8.64     0.996875     16010020       320.00
        9.34     0.997070     16013305       341.33
       10.05     0.997266     16016310       365.71
       11.84     0.997461     16019470       393.85
       13.76     0.997656     16022730       426.67
       15.49     0.997852     16025850       465.45
       16.19     0.998047     16028985       512.00
       16.38     0.998145     16031045       538.95
       16.64     0.998242     16032330       568.89
       17.41     0.998340     16033575       602.35
       18.56     0.998437     16035195       640.00
       20.22     0.998535     16038570       682.67
       20.22     0.998633     16038570       731.43
       20.48     0.998730     16040390       787.69
       21.50     0.998828     16041385       853.33
       23.42     0.998926     16043005       930.91
       24.19     0.999023     16050590      1024.00
       24.19     0.999072     16050590      1077.89
       24.19     0.999121     16050590      1137.78
       24.19     0.999170     16050590      1204.71
       24.19     0.999219     16050590      1280.00
       24.19     0.999268     16050590      1365.33
       24.19     0.999316     16050590      1462.86
       24.19     0.999365     16050590      1575.38
       24.32     0.999414     16051730      1706.67
       24.32     0.999463     16051730      1861.82
       24.45     0.999512     16052580      2048.00
       24.57     0.999536     16053035      2155.79
       24.70     0.999561     16053225      2275.56
       25.09     0.999585     16053550      2409.41
       25.73     0.999609     16053995      2560.00
       26.62     0.999634     16054340      2730.67
       27.26     0.999658     16054775      2925.71
       27.90     0.999683     16055150      3150.77
       28.16     0.999707     16056530      3413.33
       28.16     0.999731     16056530      3723.64
       28.16     0.999756     16056530      4096.00
       28.16     0.999768     16056530      4311.58
       28.29     0.999780     16057530      4551.11
       28.29     0.999792     16057530      4818.82
       28.29     0.999805     16057530      5120.00
       28.29     0.999817     16057530      5461.33
       28.29     0.999829     16057530      5851.43
       28.41     0.999841     16057830      6301.54
       28.54     0.999854     16057965      6826.67
       28.67     0.999866     16058055      7447.27
       29.05     0.999878     16058315      8192.00
       29.18     0.999884     16058345      8623.16
       29.70     0.999890     16058465      9102.22
       30.08     0.999896     16058535      9637.65
       31.87     0.999902     16058640     10240.00
       32.13     0.999908     16058795     10922.67
       32.26     0.999915     16059150     11702.86
       32.26     0.999921     16059150     12603.08
       32.26     0.999927     16059150     13653.33
       32.26     0.999933     16059150     14894.55
       32.38     0.999939     16059325     16384.00
       32.38     0.999942     16059325     17246.32
       32.38     0.999945     16059325     18204.44
       32.51     0.999948     16059410     19275.29
       32.64     0.999951     16059440     20480.00
       32.77     0.999954     16059470     21845.33
       33.02     0.999957     16059520     23405.71
       34.30     0.999960     16059560     25206.15
       36.09     0.999963     16059635     27306.67
       36.35     0.999966     16059915     29789.09
       36.35     0.999969     16059915     32768.00
       36.35     0.999971     16059915     34492.63
       36.35     0.999973     16059915     36408.89
       36.35     0.999974     16059915     38550.59
       36.35     0.999976     16059915     40960.00
       36.35     0.999977     16059915     43690.67
       36.35     0.999979     16059915     46811.43
       36.35     0.999980     16059915     50412.31
       36.35     0.999982     16059915     54613.33
       36.61     0.999983     16059945     59578.18
       36.86     0.999985     16059955     65536.00
       37.12     0.999986     16059995     68985.26
       37.12     0.999986     16059995     72817.78
       37.12     0.999987     16059995     77101.18
       40.19     0.999988     16060170     81920.00
       40.19     0.999989     16060170     87381.33
       40.19     0.999989     16060170     93622.86
       40.19     0.999990     16060170    100824.62
       40.19     0.999991     16060170    109226.67
       40.19     0.999992     16060170    119156.36
       40.19     0.999992     16060170    131072.00
       40.19     0.999993     16060170    137970.53
       40.19     0.999993     16060170    145635.56
       40.19     0.999994     16060170    154202.35
       40.19     0.999994     16060170    163840.00
       40.19     0.999994     16060170    174762.67
       40.19     0.999995     16060170    187245.71
       40.19     0.999995     16060170    201649.23
       40.19     0.999995     16060170    218453.33
       40.19     0.999996     16060170    238312.73
       40.19     0.999996     16060170    262144.00
       40.19     0.999996     16060170    275941.05
       40.19     0.999997     16060170    291271.11
       40.19     0.999997     16060170    308404.71
       40.19     0.999997     16060170    327680.00
       40.19     0.999997     16060170    349525.33
       40.19     0.999997     16060170    374491.43
       40.19     0.999998     16060170    403298.46
       40.19     0.999998     16060170    436906.67
       40.19     0.999998     16060170    476625.45
       40.19     0.999998     16060170    524288.00
       40.19     0.999998     16060170    551882.11
       40.19     0.999998     16060170    582542.22
       40.19     0.999998     16060170    616809.41
       40.45     0.999998     16060195    655360.00
       40.45     1.000000     16060195          inf
#[Mean    =        0.596, StdDeviation   =        1.143]
#[Max     =       40.447, Total count    =     16060195]
#[Buckets =           20, SubBuckets     =          256]
