       Value   Percentile   TotalCount 1/(1-Percentile)

        0.21     0.000000            1         1.00
        0.56     0.050000        18242         1.05
        0.58     0.100000        36689         1.11
        0.60     0.150000        56195         1.18
        0.61     0.200000        83027         1.25
        0.62     0.250000        99091         1.33
        0.63     0.300000       117136         1.43
        0.64     0.350000       136766         1.54
        0.65     0.400000       157367         1.67
        0.66     0.450000       178643         1.82
        0.66     0.500000       199612         2.00
        0.66     0.525000       199612         2.11
        0.67     0.550000       220192         2.22
        0.67     0.575000       220192         2.35
        0.67     0.600000       220192         2.50
        0.68     0.625000       239538         2.67
        0.68     0.650000       239538         2.86
        0.69     0.675000       257635         3.08
        0.69     0.700000       257635         3.33
        0.69     0.725000       273859         3.64
        0.69     0.750000       273859         4.00
        0.70     0.762500       288623         4.21
        0.70     0.775000       288623         4.44
        0.70     0.787500       288623         4.71
        0.71     0.800000       301257         5.00
        0.71     0.812500       301257         5.33
        0.71     0.825000       301257         5.71
        0.72     0.837500       312373         6.15
        0.72     0.850000       312373         6.67
        0.73     0.862500       321792         7.27
        0.73     0.875000       321792         8.00
        0.73     0.881250       321792         8.42
        0.73     0.887500       329549         8.89
        0.73     0.893750       329549         9.41
        0.73     0.900000       329549        10.00
        0.74     0.906250       336119        10.67
        0.74     0.912500       336119        11.43
        0.74     0.918750       336119        12.31
        0.75     0.925000       341447        13.33
        0.75     0.931250       341447        14.55
        0.75     0.937500       341447        16.00
        0.76     0.940625       345815        16.84
        0.76     0.943750       345815        17.78
        0.76     0.946875       345815        18.82
        0.77     0.950000       349384        20.00
        0.77     0.953125       349384        21.33
        0.77     0.956250       349384        22.86
        0.78     0.959375       352300        24.62
        0.78     0.962500       352300        26.67
        0.78     0.965625       352300        29.09
        0.78     0.968750       354646        32.00
        0.78     0.970313       354646        33.68
        0.78     0.971875       354646        35.56
        0.78     0.973437       354646        37.65
        0.79     0.975000       356557        40.00
        0.79     0.976562       356557        42.67
        0.79     0.978125       356557        45.71
        0.80     0.979688       358113        49.23
        0.80     0.981250       358113        53.33
        0.80     0.982812       358113        58.18
        0.81     0.984375       359281        64.00
        0.81     0.985156       359281        67.37
        0.81     0.985938       359281        71.11
        0.81     0.986719       360258        75.29
        0.81     0.987500       360258        80.00
        0.81     0.988281       360258        85.33
        0.81     0.989062       360258        91.43
        0.82     0.989844       361088        98.46
        0.82     0.990625       361088       106.67
        0.82     0.991406       361088       116.36
        0.83     0.992188       361725       128.00
        0.83     0.992578       361725       134.74
        0.83     0.992969       361725       142.22
        0.84     0.993359       362229       150.59
        0.84     0.993750       362229       160.00
        0.84     0.994141       362229       170.67
        0.84     0.994531       362229       182.86
        0.85     0.994922       362601       196.92
        0.85     0.995313       362601       213.33
        0.85     0.995703       362915       232.73
        0.85     0.996094       362915       256.00
        0.85     0.996289       362915       269.47
        0.85     0.996484       362915       284.44
        0.86     0.996680       363151       301.18
        0.86     0.996875       363151       320.00
        0.86     0.997070       363151       341.33
        0.87     0.997266       363317       365.71
        0.87     0.997461       363317       393.85
        0.88     0.997656       363463       426.67
        0.88     0.997852       363463       465.45
        0.89     0.998047       363560       512.00
        0.89     0.998145       363560       538.95
        0.89     0.998242       363560       568.89
        0.90     0.998340       363650       602.35
        0.90     0.998437       363650       640.00
        0.90     0.998535       363650       682.67
        0.90     0.998633       363721       731.43
        0.90     0.998730       363721       787.69
        0.91     0.998828       363767       853.33
        0.92     0.998926       363795       930.91
        0.93     0.999023       363826      1024.00
        0.94     0.999072       363852      1077.89
        0.94     0.999121       363873      1137.78
        0.95     0.999170       363895      1204.71
        0.96     0.999219       363908      1280.00
        0.97     0.999268       363921      1365.33
        0.97     0.999316       363937      1462.86
        0.99     0.999365       363961      1575.38
        1.01     0.999414       363971      1706.67
        1.03     0.999463       363993      1861.82
        1.05     0.999512       364007      2048.00
        1.06     0.999536       364020      2155.79
        1.07     0.999561       364023      2275.56
        1.09     0.999585       364037      2409.41
        1.09     0.999609       364042      2560.00
        1.10     0.999634       364049      2730.67
        1.11     0.999658       364059      2925.71
        1.13     0.999683       364073      3150.77
        1.14     0.999707       364077      3413.33
        1.15     0.999731       364087      3723.64
        1.16     0.999756       364096      4096.00
        1.17     0.999768       364103      4311.58
        1.17     0.999780       364103      4551.11
        1.18     0.999792       364107      4818.82
        1.18     0.999805       364112      5120.00
        1.19     0.999817       364115      5461.33
        1.20     0.999829       364121      5851.43
        1.22     0.999841       364128      6301.54
        1.22     0.999854       364128      6826.67
        1.25     0.999866       364134      7447.27
        1.28     0.999878       364138      8192.00
        1.29     0.999884       364139      8623.16
        1.32     0.999890       364142      9102.22
        1.33     0.999896       364144      9637.65
        1.41     0.999902       364146     10240.00
        2.19     0.999908       364148     10922.67
        2.75     0.999915       364150     11702.86
        3.12     0.999921       364153     12603.08
        3.28     0.999927       364155     13653.33
        3.31     0.999933       364157     14894.55
        3.33     0.999939       364159     16384.00
        3.52     0.999942       364161     17246.32
        3.52     0.999945       364161     18204.44
        3.77     0.999948       364163     19275.29
        3.79     0.999951       364164     20480.00
        3.82     0.999954       364165     21845.33
        3.84     0.999957       364166     23405.71
        3.85     0.999960       364167     25206.15
        3.92     0.999963       364168     27306.67
        3.95     0.999966       364170     29789.09
        3.95     0.999969       364170     32768.00
        4.25     0.999971       364171     34492.63
        4.25     0.999973       364171     36408.89
        4.29     0.999974       364172     38550.59
        4.32     0.999976       364173     40960.00
        4.32     0.999977       364173     43690.67
        4.45     0.999979       364174     46811.43
        4.45     0.999980       364174     50412.31
        4.58     0.999982       364175     54613.33
        4.58     0.999983       364175     59578.18
        4.86     0.999985       364177     65536.00
        4.86     0.999986       364177     68985.26
        4.86     0.999986       364177     72817.78
        4.86     0.999987       364177     77101.18
        4.86     0.999988       364177     81920.00
        4.86     0.999989       364177     87381.33
        4.93     0.999989       364178     93622.86
        4.93     0.999990       364178    100824.62
        4.93     0.999991       364178    109226.67
        4.93     0.999992       364178    119156.36
        5.05     0.999992       364179    131072.00
        5.05     0.999993       364179    137970.53
        5.05     0.999993       364179    145635.56
        5.05     0.999994       364179    154202.35
        5.05     0.999994       364179    163840.00
        5.05     0.999994       364179    174762.67
        5.09     0.999995       364181    187245.71
        5.09     1.000000       364181          inf
#[Mean    =        0.658, StdDeviation   =        0.072]
#[Max     =        5.087, Total count    =       364181]
#[Buckets =           20, SubBuckets     =          256]
