       Value   Percentile   TotalCount 1/(1-Percentile)

        0.06     0.000000           30         1.00
        0.15     0.050000      1732280         1.05
        0.30     0.100000      3107930         1.11
        0.46     0.150000      4680920         1.18
        0.54     0.200000      6247290         1.25
        0.57     0.250000      9559440         1.33
        0.57     0.300000      9559440         1.43
        0.57     0.350000     13641430         1.54
        0.57     0.400000     13641430         1.67
        0.58     0.450000     17013790         1.82
        0.58     0.500000     17013790         2.00
        0.58     0.525000     17013790         2.11
        0.59     0.550000     18814200         2.22
        0.59     0.575000     18814200         2.35
        0.59     0.600000     18814200         2.50
        0.60     0.625000     20051110         2.67
        0.61     0.650000     21069310         2.86
        0.61     0.675000     21069310         3.08
        0.61     0.700000     22015890         3.33
        0.62     0.725000     22922270         3.64
        0.63     0.750000     23768720         4.00
        0.63     0.762500     23768720         4.21
        0.64     0.775000     24518350         4.44
        0.64     0.787500     24518350         4.71
        0.65     0.800000     25139630         5.00
        0.66     0.812500     25620530         5.33
        0.66     0.825000     25620530         5.71
        0.66     0.837500     25971340         6.15
        0.68     0.850000     26388690         6.67
        0.71     0.862500     26846310         7.27
        0.73     0.875000     27198000         8.00
        0.73     0.881250     27326040         8.42
        0.75     0.887500     27519760         8.89
        0.77     0.893750     27710750         9.41
        0.78     0.900000     27904140        10.00
        0.80     0.906250     28098930        10.67
        0.81     0.912500     28309070        11.43
        0.83     0.918750     28530280        12.31
        0.85     0.925000     28754620        13.33
        0.85     0.931250     28874190        14.55
        0.87     0.937500     29126310        16.00
        0.88     0.940625     29254620        16.84
        0.88     0.943750     29254620        17.78
        0.89     0.946875     29380520        18.82
        0.90     0.950000     29504770        20.00
        0.90     0.953125     29630350        21.33
        0.91     0.956250     29750760        22.86
        0.91     0.959375     29750760        24.62
        0.92     0.962500     29871020        26.67
        0.93     0.965625     29985690        29.09
        0.94     0.968750     30093110        32.00
        0.94     0.970313     30093110        33.68
        0.94     0.971875     30188710        35.56
        0.94     0.973437     30188710        37.65
        0.95     0.975000     30272610        40.00
        0.95     0.976562     30272610        42.67
        0.96     0.978125     30346830        45.71
        0.97     0.979688     30410000        49.23
        0.97     0.981250     30410000        53.33
        0.97     0.982812     30460330        58.18
        0.99     0.984375     30535720        64.00
        0.99     0.985156     30535720        67.37
        1.00     0.985938     30560240        71.11
        1.01     0.986719     30580400        75.29
        1.02     0.987500     30611060        80.00
        1.04     0.988281     30631730        85.33
        1.06     0.989062     30653090        91.43
        1.09     0.989844     30673460        98.46
        1.15     0.990625     30696930       106.67
        1.23     0.991406     30721090       116.36
        1.33     0.992188     30745780       128.00
        1.39     0.992578     30758710       134.74
        1.45     0.992969     30769950       142.22
        1.52     0.993359     30782190       150.59
        1.61     0.993750     30794410       160.00
        1.76     0.994141     30805860       170.67
        1.98     0.994531     30817810       182.86
        2.24     0.994922     30830390       196.92
        2.58     0.995313     30842560       213.33
        3.02     0.995703     30854140       232.73
        3.63     0.996094     30866370       256.00
        3.95     0.996289     30872450       269.47
        4.38     0.996484     30878830       284.44
        4.96     0.996680     30884520       301.18
        5.60     0.996875     30890770       320.00
        6.17     0.997070     30896570       341.33
        6.69     0.997266     30902560       365.71
        7.17     0.997461     30908870       393.85
        7.55     0.997656     30914690       426.67
        8.03     0.997852     30920830       465.45
        8.51     0.998047     30927240       512.00
        8.83     0.998145     30929960       538.95
        9.21     0.998242     30933280       568.89
        9.66     0.998340     30935960       602.35
       10.11     0.998437     30939250       640.00
       10.62     0.998535     30942180       682.67
       11.65     0.998633     30944990       731.43
       12.54     0.998730     30947980       787.69
       14.21     0.998828     30951090       853.33
       15.42     0.998926     30954260       930.91
       16.25     0.999023     30957090      1024.00
       16.51     0.999072     30958840      1077.89
       17.02     0.999121     30960310      1137.78
       17.54     0.999170     30961750      1204.71
       18.18     0.999219     30963120      1280.00
       18.94     0.999268     30964710      1365.33
       19.84     0.999316     30966370      1462.86
       20.22     0.999365     30968950      1575.38
       20.35     0.999414     30969530      1706.67
       20.86     0.999463     30970670      1861.82
       22.02     0.999512     30972190      2048.00
       22.66     0.999536     30972940      2155.79
       23.42     0.999561     30973910      2275.56
       23.93     0.999585     30974530      2409.41
       24.19     0.999609     30979960      2560.00
       24.19     0.999634     30979960      2730.67
       24.19     0.999658     30979960      2925.71
       24.19     0.999683     30979960      3150.77
       24.19     0.999707     30979960      3413.33
       24.19     0.999731     30979960      3723.64
       24.19     0.999756     30979960      4096.00
       24.32     0.999768     30981420      4311.58
       24.32     0.999780     30981420      4551.11
       24.32     0.999792     30981420      4818.82
       24.32     0.999805     30981420      5120.00
       24.45     0.999817     30981940      5461.33
       24.57     0.999829     30982230      5851.43
       24.70     0.999841     30982390      6301.54
       25.09     0.999854     30982780      6826.67
       25.60     0.999866     30983170      7447.27
       26.11     0.999878     30983500      8192.00
       26.62     0.999884     30983690      8623.16
       27.14     0.999890     30983890      9102.22
       27.65     0.999896     30984170      9637.65
       28.03     0.999902     30984340     10240.00
       28.16     0.999908     30984890     10922.67
       28.16     0.999915     30984890     11702.86
       28.16     0.999921     30984890     12603.08
       28.29     0.999927     30985520     13653.33
       28.29     0.999933     30985520     14894.55
       28.29     0.999939     30985520     16384.00
       28.29     0.999942     30985520     17246.32
       28.41     0.999945     30985890     18204.44
       28.41     0.999948     30985890     19275.29
       28.41     0.999951     30985890     20480.00
       28.41     0.999954     30985890     21845.33
       28.67     0.999957     30985950     23405.71
       29.05     0.999960     30986060     25206.15
       29.31     0.999963     30986160     27306.67
       29.70     0.999966     30986270     29789.09
       29.82     0.999969     30986400     32768.00
       29.82     0.999971     30986400     34492.63
       29.95     0.999973     30986470     36408.89
       29.95     0.999974     30986470     38550.59
       30.08     0.999976     30986530     40960.00
       30.34     0.999977     30986590     43690.67
       32.13     0.999979     30986660     46811.43
       32.13     0.999980     30986660     50412.31
       32.26     0.999982     30986810     54613.33
       32.26     0.999983     30986810     59578.18
       32.26     0.999985     30986810     65536.00
       32.38     0.999986     30986850     68985.26
       32.38     0.999986     30986850     72817.78
       32.51     0.999987     30986880     77101.18
       34.56     0.999988     30986950     81920.00
       34.56     0.999989     30986950     87381.33
       34.56     0.999989     30986950     93622.86
       36.09     0.999990     30986990    100824.62
       36.09     0.999991     30986990    109226.67
       36.35     0.999992     30987060    119156.36
       36.35     0.999992     30987060    131072.00
       36.35     0.999993     30987060    137970.53
       36.35     0.999993     30987060    145635.56
       36.61     0.999994     30987120    154202.35
       36.61     0.999994     30987120    163840.00
       36.61     0.999994     30987120    174762.67
       36.61     0.999995     30987120    187245.71
       36.61     0.999995     30987120    201649.23
       39.17     0.999995     30987200    218453.33
       39.17     0.999996     30987200    238312.73
       39.17     0.999996     30987200    262144.00
       39.17     0.999996     30987200    275941.05
       39.17     0.999997     30987200    291271.11
       39.17     0.999997     30987200    308404.71
       39.17     0.999997     30987200    327680.00
       39.17     0.999997     30987200    349525.33
       39.17     0.999997     30987200    374491.43
       39.17     0.999998     30987200    403298.46
       39.17     0.999998     30987200    436906.67
       40.45     0.999998     30987230    476625.45
       40.45     0.999998     30987230    524288.00
       40.45     0.999998     30987230    551882.11
       40.45     0.999998     30987230    582542.22
       40.45     0.999998     30987230    616809.41
       40.45     0.999998     30987230    655360.00
       40.45     0.999999     30987230    699050.67
       40.45     0.999999     30987230    748982.86
       40.70     0.999999     30987270    806596.92
       40.70     1.000000     30987270          inf
#[Mean    =        0.618, StdDeviation   =        0.831]
#[Max     =       40.703, Total count    =     30987270]
#[Buckets =           20, SubBuckets     =          256]
