       Value   Percentile   TotalCount 1/(1-Percentile)

        0.06     0.000000           60         1.00
        0.13     0.050000      1791380         1.05
        0.14     0.100000      3609630         1.11
        0.17     0.150000      5412140         1.18
        0.29     0.200000      6674650         1.25
        0.44     0.250000      8471050         1.33
        0.49     0.300000      9930590         1.43
        0.54     0.350000     11695060         1.54
        0.55     0.400000     13339440         1.67
        0.56     0.450000     18162120         1.82
        0.56     0.500000     18162120         2.00
        0.56     0.525000     18162120         2.11
        0.57     0.550000     23116510         2.22
        0.57     0.575000     23116510         2.35
        0.57     0.600000     23116510         2.50
        0.57     0.625000     23116510         2.67
        0.57     0.650000     23116510         2.86
        0.57     0.675000     23116510         3.08
        0.57     0.700000     25403740         3.33
        0.57     0.725000     25403740         3.64
        0.57     0.750000     25403740         4.00
        0.57     0.762500     25403740         4.21
        0.58     0.775000     26494770         4.44
        0.58     0.787500     26494770         4.71
        0.58     0.800000     26494770         5.00
        0.59     0.812500     27105050         5.33
        0.60     0.825000     27461520         5.71
        0.61     0.837500     27733700         6.15
        0.62     0.850000     28136970         6.67
        0.65     0.862500     28567030         7.27
        0.67     0.875000     29081250         8.00
        0.68     0.881250     29262780         8.42
        0.69     0.887500     29460380         8.89
        0.69     0.893750     29705690         9.41
        0.70     0.900000     30011000        10.00
        0.70     0.906250     30011000        10.67
        0.71     0.912500     30272610        11.43
        0.72     0.918750     30470290        12.31
        0.73     0.925000     30648300        13.33
        0.73     0.931250     30830620        14.55
        0.74     0.937500     31011710        16.00
        0.75     0.940625     31177570        16.84
        0.76     0.943750     31329640        17.78
        0.76     0.946875     31329640        18.82
        0.77     0.950000     31462120        20.00
        0.78     0.953125     31581830        21.33
        0.78     0.956250     31687990        22.86
        0.79     0.959375     31783920        24.62
        0.80     0.962500     31872890        26.67
        0.81     0.965625     31952490        29.09
        0.82     0.968750     32098420        32.00
        0.82     0.970313     32098420        33.68
        0.83     0.971875     32167150        35.56
        0.84     0.973437     32234790        37.65
        0.85     0.975000     32298940        40.00
        0.85     0.976562     32356790        42.67
        0.85     0.978125     32356790        45.71
        0.86     0.979688     32407240        49.23
        0.88     0.981250     32487790        53.33
        0.89     0.982812     32517690        58.18
        0.90     0.984375     32569380        64.00
        0.91     0.985156     32586990        67.37
        0.93     0.985938     32615510        71.11
        0.95     0.986719     32644360        75.29
        0.97     0.987500     32664900        80.00
        1.01     0.988281     32690200        85.33
        1.06     0.989062     32715300        91.43
        1.14     0.989844     32740310        98.46
        1.22     0.990625     32766530       106.67
        1.35     0.991406     32791850       116.36
        1.55     0.992188     32817850       128.00
        1.75     0.992578     32830360       134.74
        2.08     0.992969     32843110       142.22
        2.64     0.993359     32856150       150.59
        3.33     0.993750     32869240       160.00
        4.29     0.994141     32881930       170.67
        5.60     0.994531     32895100       182.86
        6.62     0.994922     32907920       196.92
        7.33     0.995313     32920900       213.33
        7.74     0.995703     32934160       232.73
        8.26     0.996094     32946730       256.00
        8.57     0.996289     32953650       269.47
        9.21     0.996484     32959470       284.44
       10.11     0.996680     32965820       301.18
       11.97     0.996875     32972360       320.00
       13.82     0.997070     32978760       341.33
       15.68     0.997266     32985210       365.71
       16.25     0.997461     32992170       393.85
       16.51     0.997656     33001510       426.67
       16.89     0.997852     33004590       465.45
       19.20     0.998047     33011220       512.00
       20.22     0.998145     33020230       538.95
       20.22     0.998242     33020230       568.89
       20.35     0.998340     33022850       602.35
       20.48     0.998437     33024900       640.00
       21.63     0.998535     33027210       682.67
       23.55     0.998633     33030480       731.43
       24.19     0.998730     33054270       787.69
       24.19     0.998828     33054270       853.33
       24.19     0.998926     33054270       930.91
       24.19     0.999023     33054270      1024.00
       24.19     0.999072     33054270      1077.89
       24.19     0.999121     33054270      1137.78
       24.19     0.999170     33054270      1204.71
       24.19     0.999219     33054270      1280.00
       24.19     0.999268     33054270      1365.33
       24.19     0.999316     33054270      1462.86
       24.32     0.999365     33057300      1575.38
       24.32     0.999414     33057300      1706.67
       24.45     0.999463     33059300      1861.82
       24.57     0.999512     33060290      2048.00
       24.57     0.999536     33060290      2155.79
       25.09     0.999561     33061200      2275.56
       25.60     0.999585     33062130      2409.41
       25.98     0.999609     33062890      2560.00
       26.50     0.999634     33063650      2730.67
       28.03     0.999658     33064300      2925.71
       28.16     0.999683     33067050      3150.77
       28.16     0.999707     33067050      3413.33
       28.16     0.999731     33067050      3723.64
       28.29     0.999756     33069230      4096.00
       28.29     0.999768     33069230      4311.58
       28.29     0.999780     33069230      4551.11
       28.29     0.999792     33069230      4818.82
       28.29     0.999805     33069230      5120.00
       28.41     0.999817     33069980      5461.33
       28.41     0.999829     33069980      5851.43
       28.67     0.999841     33070390      6301.54
       29.70     0.999854     33070800      6826.67
       30.34     0.999866     33071240      7447.27
       32.13     0.999878     33072170      8192.00
       32.13     0.999884     33072170      8623.16
       32.13     0.999890     33072170      9102.22
       32.13     0.999896     33072170      9637.65
       32.26     0.999902     33074020     10240.00
       32.26     0.999908     33074020     10922.67
       32.26     0.999915     33074020     11702.86
       32.26     0.999921     33074020     12603.08
       32.26     0.999927     33074020     13653.33
       32.26     0.999933     33074020     14894.55
       32.26     0.999939     33074020     16384.00
       32.26     0.999942     33074020     17246.32
       32.26     0.999945     33074020     18204.44
       32.26     0.999948     33074020     19275.29
       32.26     0.999951     33074020     20480.00
       32.38     0.999954     33074200     21845.33
       32.38     0.999957     33074200     23405.71
       32.64     0.999960     33074300     25206.15
       33.28     0.999963     33074500     27306.67
       33.28     0.999966     33074500     29789.09
       34.05     0.999969     33074650     32768.00
       34.05     0.999971     33074650     34492.63
       35.84     0.999973     33074730     36408.89
       36.09     0.999974     33074840     38550.59
       36.09     0.999976     33074840     40960.00
       36.35     0.999977     33075290     43690.67
       36.35     0.999979     33075290     46811.43
       36.35     0.999980     33075290     50412.31
       36.35     0.999982     33075290     54613.33
       36.35     0.999983     33075290     59578.18
       36.35     0.999985     33075290     65536.00
       36.35     0.999986     33075290     68985.26
       36.35     0.999986     33075290     72817.78
       36.35     0.999987     33075290     77101.18
       36.35     0.999988     33075290     81920.00
       36.35     0.999989     33075290     87381.33
       36.35     0.999989     33075290     93622.86
       36.35     0.999990     33075290    100824.62
       40.19     0.999991     33075340    109226.67
       40.19     0.999992     33075340    119156.36
       40.45     0.999992     33075410    131072.00
       40.45     0.999993     33075410    137970.53
       40.45     0.999993     33075410    145635.56
       40.45     0.999994     33075410    154202.35
       40.45     0.999994     33075410    163840.00
       40.70     0.999994     33075430    174762.67
       40.70     0.999995     33075430    187245.71
       40.96     0.999995     33075440    201649.23
       42.75     0.999995     33075520    218453.33
       42.75     0.999996     33075520    238312.73
       42.75     0.999996     33075520    262144.00
       42.75     0.999996     33075520    275941.05
       42.75     0.999997     33075520    291271.11
       42.75     0.999997     33075520    308404.71
       42.75     0.999997     33075520    327680.00
       42.75     0.999997     33075520    349525.33
       42.75     0.999997     33075520    374491.43
       42.75     0.999998     33075520    403298.46
       44.29     0.999998     33075600    436906.67
       44.29     1.000000     33075600          inf
#[Mean    =        0.578, StdDeviation   =        1.259]
#[Max     =       44.287, Total count    =     33075600]
#[Buckets =           20, SubBuckets     =          256]
