       Value   Percentile   TotalCount 1/(1-Percentile)

        0.11     0.000000           45         1.00
        0.21     0.050000       534850         1.05
        0.22     0.100000       920855         1.11
        0.25     0.150000      1385370         1.18
        0.28     0.200000      1787625         1.25
        0.31     0.250000      2273175         1.33
        0.34     0.300000      2664615         1.43
        0.79     0.350000      3045580         1.54
        0.89     0.400000      3482300         1.67
        0.95     0.450000      3964620         1.82
        0.99     0.500000      4401185         2.00
        1.01     0.525000      4622380         2.11
        1.02     0.550000      4888520         2.22
        1.03     0.575000      5048205         2.35
        1.04     0.600000      5225155         2.50
        1.05     0.625000      5621430         2.67
        1.06     0.650000      5814220         2.86
        1.07     0.675000      5995805         3.08
        1.08     0.700000      6153570         3.33
        1.09     0.725000      6398215         3.64
        1.11     0.750000      6563090         4.00
        1.12     0.762500      6625350         4.21
        1.14     0.775000      6763855         4.44
        1.17     0.787500      6861150         4.71
        1.20     0.800000      6963675         5.00
        1.23     0.812500      7061605         5.33
        1.26     0.825000      7170895         5.71
        1.29     0.837500      7294630         6.15
        1.32     0.850000      7387495         6.67
        1.35     0.862500      7510300         7.27
        1.38     0.875000      7610720         8.00
        1.39     0.881250      7681040         8.42
        1.40     0.887500      7717645         8.89
        1.42     0.893750      7791165         9.41
        1.42     0.900000      7826485        10.00
        1.44     0.906250      7896765        10.67
        1.45     0.912500      7930375        11.43
        1.46     0.918750      7992225        12.31
        1.48     0.925000      8048910        13.33
        1.50     0.931250      8103320        14.55
        1.51     0.937500      8155190        16.00
        1.52     0.940625      8179925        16.84
        1.53     0.943750      8203395        17.78
        1.53     0.946875      8226870        18.82
        1.55     0.950000      8270005        20.00
        1.56     0.953125      8288910        21.33
        1.57     0.956250      8306995        22.86
        1.58     0.959375      8339160        24.62
        1.60     0.962500      8365620        26.67
        1.62     0.965625      8395620        29.09
        1.65     0.968750      8417920        32.00
        1.66     0.970313      8429030        33.68
        1.69     0.971875      8442750        35.56
        1.73     0.973437      8458485        37.65
        1.77     0.975000      8470395        40.00
        1.84     0.976562      8484160        42.67
        1.94     0.978125      8497110        45.71
        2.10     0.979688      8511660        49.23
        2.27     0.981250      8524690        53.33
        2.50     0.982812      8537860        58.18
        2.86     0.984375      8551350        64.00
        3.41     0.985156      8558005        67.37
        4.29     0.985938      8564945        71.11
        5.50     0.986719      8571565        75.29
        7.17     0.987500      8578365        80.00
        8.26     0.988281      8585775        85.33
        9.34     0.989062      8591920        91.43
       13.44     0.989844      8598745        98.46
       16.64     0.990625      8605855       106.67
       20.35     0.991406      8617280       116.36
       20.48     0.992188      8619300       128.00
       22.53     0.992578      8622480       134.74
       24.19     0.992969      8626230       142.22
       24.32     0.993359      8654450       150.59
       24.32     0.993750      8654450       160.00
       24.32     0.994141      8654450       170.67
       24.32     0.994531      8654450       182.86
       24.32     0.994922      8654450       196.92
       24.32     0.995313      8654450       213.33
       24.32     0.995703      8654450       232.73
       24.32     0.996094      8654450       256.00
       24.45     0.996289      8672065       269.47
       24.45     0.996484      8672065       284.44
       24.45     0.996680      8672065       301.18
       24.45     0.996875      8672065       320.00
       24.45     0.997070      8672065       341.33
       24.45     0.997266      8672065       365.71
       24.45     0.997461      8672065       393.85
       24.45     0.997656      8672065       426.67
       24.45     0.997852      8672065       465.45
       24.45     0.998047      8672065       512.00
       24.45     0.998145      8672065       538.95
       24.45     0.998242      8672065       568.89
       24.70     0.998340      8672770       602.35
       25.09     0.998437      8673555       640.00
       25.73     0.998535      8674295       682.67
       28.16     0.998633      8675240       731.43
       28.29     0.998730      8679775       787.69
       28.29     0.998828      8679775       853.33
       28.29     0.998926      8679775       930.91
       28.29     0.999023      8679775      1024.00
       28.29     0.999072      8679775      1077.89
       28.29     0.999121      8679775      1137.78
       28.29     0.999170      8679775      1204.71
       28.41     0.999219      8683720      1280.00
       28.41     0.999268      8683720      1365.33
       28.41     0.999316      8683720      1462.86
       28.41     0.999365      8683720      1575.38
       28.41     0.999414      8683720      1706.67
       28.41     0.999463      8683720      1861.82
       28.41     0.999512      8683720      2048.00
       28.41     0.999536      8683720      2155.79
       28.41     0.999561      8683720      2275.56
       28.41     0.999585      8683720      2409.41
       28.41     0.999609      8683720      2560.00
       28.54     0.999634      8683935      2730.67
       28.67     0.999658      8684145      2925.71
       28.80     0.999683      8684260      3150.77
       29.05     0.999707      8684475      3413.33
       29.44     0.999731      8684615      3723.64
       30.08     0.999756      8684810      4096.00
       30.85     0.999768      8684925      4311.58
       32.26     0.999780      8685435      4551.11
       32.26     0.999792      8685435      4818.82
       32.26     0.999805      8685435      5120.00
       32.26     0.999817      8685435      5461.33
       32.38     0.999829      8686230      5851.43
       32.38     0.999841      8686230      6301.54
       32.38     0.999854      8686230      6826.67
       32.38     0.999866      8686230      7447.27
       32.38     0.999878      8686230      8192.00
       32.38     0.999884      8686230      8623.16
       32.38     0.999890      8686230      9102.22
       32.38     0.999896      8686230      9637.65
       32.38     0.999902      8686230     10240.00
       32.38     0.999908      8686230     10922.67
       32.38     0.999915      8686230     11702.86
       32.51     0.999921      8686370     12603.08
       32.51     0.999927      8686370     13653.33
       32.51     0.999933      8686370     14894.55
       32.64     0.999939      8686395     16384.00
       32.77     0.999942      8686430     17246.32
       33.02     0.999945      8686470     18204.44
       33.02     0.999948      8686470     19275.29
       33.28     0.999951      8686500     20480.00
       33.79     0.999954      8686565     21845.33
       33.79     0.999957      8686565     23405.71
       36.35     0.999960      8686705     25206.15
       36.35     0.999963      8686705     27306.67
       36.35     0.999966      8686705     29789.09
       36.35     0.999969      8686705     32768.00
       36.35     0.999971      8686705     34492.63
       36.35     0.999973      8686705     36408.89
       36.35     0.999974      8686705     38550.59
       36.61     0.999976      8686770     40960.00
       36.61     0.999977      8686770     43690.67
       36.61     0.999979      8686770     46811.43
       36.61     0.999980      8686770     50412.31
       36.61     0.999982      8686770     54613.33
       37.12     0.999983      8686800     59578.18
       37.12     0.999985      8686800     65536.00
       37.12     0.999986      8686800     68985.26
       37.38     0.999986      8686810     72817.78
       37.38     0.999987      8686810     77101.18
       37.89     0.999988      8686820     81920.00
       39.42     0.999989      8686835     87381.33
       39.42     0.999989      8686835     93622.86
       39.42     0.999990      8686835    100824.62
       40.19     0.999991      8686845    109226.67
       40.45     0.999992      8686915    119156.36
       40.45     0.999992      8686915    131072.00
       40.45     0.999993      8686915    137970.53
       40.45     0.999993      8686915    145635.56
       40.45     0.999994      8686915    154202.35
       40.45     0.999994      8686915    163840.00
       40.45     0.999994      8686915    174762.67
       40.45     0.999995      8686915    187245.71
       40.45     0.999995      8686915    201649.23
       40.45     0.999995      8686915    218453.33
       40.45     0.999996      8686915    238312.73
       40.45     0.999996      8686915    262144.00
       40.45     0.999996      8686915    275941.05
       40.45     0.999997      8686915    291271.11
       40.45     0.999997      8686915    308404.71
       40.45     0.999997      8686915    327680.00
       40.45     0.999997      8686915    349525.33
       40.45     0.999997      8686915    374491.43
       40.45     0.999998      8686915    403298.46
       40.45     0.999998      8686915    436906.67
       40.45     0.999998      8686915    476625.45
       40.45     0.999998      8686915    524288.00
       40.45     0.999998      8686915    551882.11
       40.45     0.999998      8686915    582542.22
       40.45     0.999998      8686915    616809.41
       40.45     0.999998      8686915    655360.00
       40.45     0.999999      8686915    699050.67
       40.45     0.999999      8686915    748982.86
       40.45     0.999999      8686915    806596.92
       40.45     0.999999      8686915    873813.33
       40.45     0.999999      8686915    953250.91
       40.45     0.999999      8686915   1048576.00
       40.45     0.999999      8686915   1103764.21
       40.45     0.999999      8686915   1165084.44
       40.45     0.999999      8686915   1233618.82
       40.45     0.999999      8686915   1310720.00
       40.45     0.999999      8686915   1398101.33
       40.45     0.999999      8686915   1497965.71
       40.45     0.999999      8686915   1613193.85
       40.70     0.999999      8686920   1747626.67
       40.70     1.000000      8686920          inf
#[Mean    =        1.098, StdDeviation   =        2.384]
#[Max     =       40.703, Total count    =      8686920]
#[Buckets =           20, SubBuckets     =          256]
