       Value   Percentile   TotalCount 1/(1-Percentile)

        0.16     0.000000            1         1.00
        0.26     0.050000        54641         1.05
        0.26     0.100000        75238         1.11
        0.29     0.150000        95812         1.18
        0.32     0.200000       153747         1.25
        0.33     0.250000       184840         1.33
        0.34     0.300000       215928         1.43
        0.34     0.350000       244249         1.54
        0.35     0.400000       263116         1.67
        0.37     0.450000       300181         1.82
        0.38     0.500000       334378         2.00
        0.38     0.525000       377527         2.11
        0.38     0.550000       377527         2.22
        0.38     0.575000       377527         2.35
        0.39     0.600000       421934         2.50
        0.39     0.625000       421934         2.67
        0.39     0.650000       421934         2.86
        0.40     0.675000       464028         3.08
        0.40     0.700000       464028         3.33
        0.40     0.725000       464028         3.64
        0.41     0.750000       498195         4.00
        0.41     0.762500       498195         4.21
        0.41     0.775000       498195         4.44
        0.41     0.787500       519361         4.71
        0.41     0.800000       519361         5.00
        0.41     0.812500       519361         5.33
        0.42     0.825000       529738         5.71
        0.43     0.837500       534991         6.15
        0.46     0.850000       542445         6.67
        0.52     0.862500       554247         7.27
        0.53     0.875000       562693         8.00
        0.53     0.881250       562693         8.42
        0.54     0.887500       576158         8.89
        0.54     0.893750       576158         9.41
        0.54     0.900000       576158        10.00
        0.54     0.906250       592713        10.67
        0.54     0.912500       592713        11.43
        0.54     0.918750       592713        12.31
        0.54     0.925000       592713        13.33
        0.55     0.931250       609039        14.55
        0.55     0.937500       609039        16.00
        0.55     0.940625       609039        16.84
        0.55     0.943750       609039        17.78
        0.55     0.946875       609039        18.82
        0.55     0.950000       609039        20.00
        0.55     0.953125       609039        21.33
        0.56     0.956250       620949        22.86
        0.56     0.959375       620949        24.62
        0.56     0.962500       620949        26.67
        0.56     0.965625       620949        29.09
        0.56     0.968750       620949        32.00
        0.56     0.970313       620949        33.68
        0.56     0.971875       620949        35.56
        0.57     0.973437       627989        37.65
        0.57     0.975000       627989        40.00
        0.57     0.976562       627989        42.67
        0.57     0.978125       627989        45.71
        0.57     0.979688       627989        49.23
        0.57     0.981250       627989        53.33
        0.57     0.982812       627989        58.18
        0.57     0.984375       631315        64.00
        0.57     0.985156       631315        67.37
        0.57     0.985938       631315        71.11
        0.57     0.986719       631315        75.29
        0.57     0.987500       631315        80.00
        0.57     0.988281       631315        85.33
        0.57     0.989062       631315        91.43
        0.58     0.989844       632916        98.46
        0.58     0.990625       632916       106.67
        0.58     0.991406       632916       116.36
        0.59     0.992188       633866       128.00
        0.59     0.992578       633866       134.74
        0.59     0.992969       633866       142.22
        0.59     0.993359       633866       150.59
        0.60     0.993750       634496       160.00
        0.60     0.994141       634496       170.67
        0.61     0.994531       635045       182.86
        0.61     0.994922       635045       196.92
        0.61     0.995313       635517       213.33
        0.61     0.995703       635517       232.73
        0.62     0.996094       635919       256.00
        0.62     0.996289       635919       269.47
        0.62     0.996484       635919       284.44
        0.63     0.996680       636339       301.18
        0.63     0.996875       636339       320.00
        0.63     0.997070       636339       341.33
        0.64     0.997266       636681       365.71
        0.64     0.997461       636681       393.85
        0.64     0.997656       636681       426.67
        0.65     0.997852       637018       465.45
        0.65     0.998047       637018       512.00
        0.65     0.998145       637018       538.95
        0.65     0.998242       637018       568.89
        0.66     0.998340       637243       602.35
        0.66     0.998437       637243       640.00
        0.66     0.998535       637243       682.67
        0.66     0.998633       637243       731.43
        0.66     0.998730       637463       787.69
        0.66     0.998828       637463       853.33
        0.66     0.998926       637463       930.91
        0.67     0.999023       637611      1024.00
        0.67     0.999072       637611      1077.89
        0.67     0.999121       637611      1137.78
        0.67     0.999170       637611      1204.71
        0.67     0.999219       637611      1280.00
        0.68     0.999268       637725      1365.33
        0.68     0.999316       637725      1462.86
        0.68     0.999365       637725      1575.38
        0.68     0.999414       637725      1706.67
        0.69     0.999463       637808      1861.82
        0.69     0.999512       637808      2048.00
        0.69     0.999536       637808      2155.79
        0.69     0.999561       637858      2275.56
        0.69     0.999585       637858      2409.41
        0.69     0.999609       637858      2560.00
        0.69     0.999634       637858      2730.67
        0.70     0.999658       637889      2925.71
        0.70     0.999683       637889      3150.77
        0.71     0.999707       637909      3413.33
        0.72     0.999731       637920      3723.64
        0.74     0.999756       637938      4096.00
        0.75     0.999768       637942      4311.58
        0.76     0.999780       637949      4551.11
        0.78     0.999792       637959      4818.82
        0.79     0.999805       637966      5120.00
        0.81     0.999817       637983      5461.33
        0.81     0.999829       637983      5851.43
        0.82     0.999841       637990      6301.54
        0.84     0.999854       637998      6826.67
        0.85     0.999866       638007      7447.27
        0.87     0.999878       638013      8192.00
        0.90     0.999884       638020      8623.16
        0.90     0.999890       638020      9102.22
        0.92     0.999896       638023      9637.65
        1.09     0.999902       638027     10240.00
        1.22     0.999908       638031     10922.67
        1.38     0.999915       638035     11702.86
        1.45     0.999921       638039     12603.08
        2.02     0.999927       638044     13653.33
        2.06     0.999933       638048     14894.55
        2.16     0.999939       638051     16384.00
        2.19     0.999942       638053     17246.32
        2.22     0.999945       638054     18204.44
        2.25     0.999948       638057     19275.29
        2.30     0.999951       638058     20480.00
        2.32     0.999954       638060     21845.33
        2.33     0.999957       638062     23405.71
        2.45     0.999960       638064     25206.15
        2.58     0.999963       638067     27306.67
        2.61     0.999966       638068     29789.09
        2.65     0.999969       638070     32768.00
        2.70     0.999971       638071     34492.63
        2.73     0.999973       638073     36408.89
        2.73     0.999974       638073     38550.59
        2.78     0.999976       638074     40960.00
        2.80     0.999977       638075     43690.67
        2.94     0.999979       638076     46811.43
        2.96     0.999980       638077     50412.31
        3.10     0.999982       638078     54613.33
        3.15     0.999983       638080     59578.18
        3.15     0.999985       638080     65536.00
        3.15     0.999986       638080     68985.26
        3.21     0.999986       638082     72817.78
        3.21     0.999987       638082     77101.18
        3.21     0.999988       638082     81920.00
        3.21     0.999989       638082     87381.33
        3.23     0.999989       638084     93622.86
        3.23     0.999990       638084    100824.62
        3.23     0.999991       638084    109226.67
        3.23     0.999992       638084    119156.36
        3.26     0.999992       638085    131072.00
        3.26     0.999993       638085    137970.53
        3.26     0.999993       638085    145635.56
        3.26     0.999994       638085    154202.35
        3.28     0.999994       638086    163840.00
        3.28     0.999994       638086    174762.67
        3.28     0.999995       638086    187245.71
        3.28     0.999995       638086    201649.23
        3.31     0.999995       638087    218453.33
        3.31     0.999996       638087    238312.73
        3.31     0.999996       638087    262144.00
        3.31     0.999996       638087    275941.05
        3.31     0.999997       638087    291271.11
        3.31     0.999997       638087    308404.71
        3.34     0.999997       638088    327680.00
        3.34     0.999997       638088    349525.33
        3.34     0.999997       638088    374491.43
        3.34     0.999998       638088    403298.46
        3.34     0.999998       638088    436906.67
        3.34     0.999998       638088    476625.45
        3.34     0.999998       638088    524288.00
        3.34     0.999998       638088    551882.11
        3.34     0.999998       638088    582542.22
        3.34     0.999998       638088    616809.41
        3.46     0.999998       638089    655360.00
        3.46     1.000000       638089          inf
#[Mean    =        0.376, StdDeviation   =        0.089]
#[Max     =        3.455, Total count    =       638089]
#[Buckets =           20, SubBuckets     =          256]
