       Value   Percentile   TotalCount 1/(1-Percentile)

        0.08     0.000000           25         1.00
        0.26     0.050000       415540         1.05
        0.30     0.100000       803390         1.11
        0.55     0.150000      1166300         1.18
        0.90     0.200000      1553415         1.25
        1.04     0.250000      1949535         1.33
        1.09     0.300000      2362770         1.43
        1.13     0.350000      2809055         1.54
        1.14     0.400000      3146575         1.67
        1.16     0.450000      3555710         1.82
        1.18     0.500000      3972425         2.00
        1.18     0.525000      4166780         2.11
        1.19     0.550000      4347110         2.22
        1.20     0.575000      4517745         2.35
        1.21     0.600000      4680300         2.50
        1.22     0.625000      4991225         2.67
        1.23     0.650000      5135075         2.86
        1.24     0.675000      5274365         3.08
        1.25     0.700000      5532450         3.33
        1.26     0.725000      5650505         3.64
        1.28     0.750000      5857300         4.00
        1.29     0.762500      5945245         4.21
        1.29     0.775000      6021300         4.44
        1.31     0.787500      6148120         4.71
        1.32     0.800000      6198705         5.00
        1.34     0.812500      6313955         5.33
        1.37     0.825000      6394700         5.71
        1.41     0.837500      6500920         6.15
        1.45     0.850000      6595190         6.67
        1.49     0.862500      6682285         7.27
        1.53     0.875000      6787935         8.00
        1.56     0.881250      6840050         8.42
        1.58     0.887500      6889030         8.89
        1.61     0.893750      6935910         9.41
        1.63     0.900000      6985455        10.00
        1.66     0.906250      7034915        10.67
        1.67     0.912500      7068735        11.43
        1.70     0.918750      7117985        12.31
        1.72     0.925000      7169715        13.33
        1.74     0.931250      7223825        14.55
        1.77     0.937500      7277485        16.00
        1.77     0.940625      7296040        16.84
        1.78     0.943750      7314735        17.78
        1.80     0.946875      7350330        18.82
        1.81     0.950000      7367860        20.00
        1.81     0.953125      7385020        21.33
        1.83     0.956250      7417200        22.86
        1.84     0.959375      7432535        24.62
        1.85     0.962500      7460890        26.67
        1.87     0.965625      7485980        29.09
        1.89     0.968750      7508230        32.00
        1.90     0.970313      7518435        33.68
        1.90     0.971875      7527290        35.56
        1.92     0.973437      7542945        37.65
        1.94     0.975000      7556065        40.00
        1.95     0.976562      7566185        42.67
        1.98     0.978125      7577720        45.71
        2.01     0.979688      7588280        49.23
        2.08     0.981250      7600965        53.33
        2.19     0.982812      7612755        58.18
        2.35     0.984375      7624700        64.00
        2.43     0.985156      7630085        67.37
        2.53     0.985938      7636475        71.11
        2.64     0.986719      7642190        75.29
        2.81     0.987500      7648660        80.00
        3.10     0.988281      7654330        85.33
        3.47     0.989062      7660310        91.43
        4.01     0.989844      7666475        98.46
        4.74     0.990625      7672540       106.67
        6.11     0.991406      7678585       116.36
        7.07     0.992188      7684855       128.00
        7.46     0.992578      7687880       134.74
        7.84     0.992969      7690840       142.22
        8.19     0.993359      7693625       150.59
        8.57     0.993750      7696805       160.00
        8.96     0.994141      7700115       170.67
        9.41     0.994531      7702935       182.86
        9.98     0.994922      7705935       196.92
       10.81     0.995313      7708765       213.33
       12.41     0.995703      7711830       232.73
       15.55     0.996094      7714825       256.00
       16.38     0.996289      7716440       269.47
       16.89     0.996484      7718165       284.44
       17.41     0.996680      7719395       301.18
       18.82     0.996875      7720885       320.00
       20.35     0.997070      7723150       341.33
       20.61     0.997266      7723935       365.71
       20.99     0.997461      7725650       393.85
       22.40     0.997656      7726955       426.67
       24.19     0.997852      7728405       465.45
       24.32     0.998047      7733225       512.00
       24.32     0.998145      7733225       538.95
       24.32     0.998242      7733225       568.89
       24.32     0.998340      7733225       602.35
       24.32     0.998437      7733225       640.00
       24.45     0.998535      7737410       682.67
       24.45     0.998633      7737410       731.43
       24.45     0.998730      7737410       787.69
       24.45     0.998828      7737410       853.33
       24.45     0.998926      7737410       930.91
       24.57     0.999023      7737765      1024.00
       24.70     0.999072      7738255      1077.89
       24.70     0.999121      7738255      1137.78
       24.83     0.999170      7739000      1204.71
       24.83     0.999219      7739000      1280.00
       25.09     0.999268      7739515      1365.33
       25.47     0.999316      7739750      1462.86
       26.37     0.999365      7740130      1575.38
       28.16     0.999414      7740505      1706.67
       28.29     0.999463      7741190      1861.82
       28.41     0.999512      7742025      2048.00
       28.41     0.999536      7742025      2155.79
       28.41     0.999561      7742025      2275.56
       28.41     0.999585      7742025      2409.41
       28.41     0.999609      7742025      2560.00
       28.54     0.999634      7742190      2730.67
       28.67     0.999658      7742375      2925.71
       28.80     0.999683      7742710      3150.77
       28.93     0.999707      7742940      3413.33
       29.05     0.999731      7743040      3723.64
       29.18     0.999756      7743140      4096.00
       29.95     0.999768      7743245      4311.58
       32.26     0.999780      7743485      4551.11
       32.26     0.999792      7743485      4818.82
       32.38     0.999805      7743975      5120.00
       32.38     0.999817      7743975      5461.33
       32.38     0.999829      7743975      5851.43
       32.38     0.999841      7743975      6301.54
       32.38     0.999854      7743975      6826.67
       32.51     0.999866      7744180      7447.27
       32.51     0.999878      7744180      8192.00
       32.51     0.999884      7744180      8623.16
       32.51     0.999890      7744180      9102.22
       32.64     0.999896      7744225      9637.65
       32.77     0.999902      7744345     10240.00
       32.77     0.999908      7744345     10922.67
       33.02     0.999915      7744475     11702.86
       33.02     0.999921      7744475     12603.08
       33.02     0.999927      7744475     13653.33
       33.28     0.999933      7744530     14894.55
       34.81     0.999939      7744570     16384.00
       36.09     0.999942      7744575     17246.32
       36.35     0.999945      7744705     18204.44
       36.35     0.999948      7744705     19275.29
       36.35     0.999951      7744705     20480.00
       36.35     0.999954      7744705     21845.33
       36.35     0.999957      7744705     23405.71
       36.61     0.999960      7744780     25206.15
       36.61     0.999963      7744780     27306.67
       36.61     0.999966      7744780     29789.09
       36.86     0.999969      7744845     32768.00
       36.86     0.999971      7744845     34492.63
       36.86     0.999973      7744845     36408.89
       36.86     0.999974      7744845     38550.59
       36.86     0.999976      7744845     40960.00
       36.86     0.999977      7744845     43690.67
       37.12     0.999979      7744890     46811.43
       37.12     0.999980      7744890     50412.31
       37.12     0.999982      7744890     54613.33
       37.38     0.999983      7744900     59578.18
       40.45     0.999985      7744995     65536.00
       40.45     0.999986      7744995     68985.26
       40.45     0.999986      7744995     72817.78
       40.45     0.999987      7744995     77101.18
       40.45     0.999988      7744995     81920.00
       40.45     0.999989      7744995     87381.33
       40.45     0.999989      7744995     93622.86
       40.45     0.999990      7744995    100824.62
       40.45     0.999991      7744995    109226.67
       40.45     0.999992      7744995    119156.36
       40.45     0.999992      7744995    131072.00
       40.45     0.999993      7744995    137970.53
       40.45     0.999993      7744995    145635.56
       40.45     0.999994      7744995    154202.35
       40.45     0.999994      7744995    163840.00
       40.45     0.999994      7744995    174762.67
       40.45     0.999995      7744995    187245.71
       40.45     0.999995      7744995    201649.23
       40.45     0.999995      7744995    218453.33
       40.45     0.999996      7744995    238312.73
       40.45     0.999996      7744995    262144.00
       40.45     0.999996      7744995    275941.05
       40.45     0.999997      7744995    291271.11
       40.45     0.999997      7744995    308404.71
       40.70     0.999997      7745020    327680.00
       40.70     1.000000      7745020          inf
#[Mean    =        1.234, StdDeviation   =        1.570]
#[Max     =       40.703, Total count    =      7745020]
#[Buckets =           20, SubBuckets     =          256]
