       Value   Percentile   TotalCount 1/(1-Percentile)

        0.17     0.000000            1         1.00
        0.38     0.050000        21394         1.05
        0.41     0.100000        46094         1.11
        0.45     0.150000        63627         1.18
        0.48     0.200000        87172         1.25
        0.49     0.250000       110219         1.33
        0.51     0.300000       138021         1.43
        0.52     0.350000       151113         1.54
        0.54     0.400000       172385         1.67
        0.55     0.450000       188967         1.82
        0.57     0.500000       216966         2.00
        0.58     0.525000       229003         2.11
        0.58     0.550000       229003         2.22
        0.59     0.575000       242100         2.35
        0.60     0.600000       255814         2.50
        0.61     0.625000       269968         2.67
        0.61     0.650000       283966         2.86
        0.61     0.675000       283966         3.08
        0.62     0.700000       297370         3.33
        0.63     0.725000       309613         3.64
        0.64     0.750000       320502         4.00
        0.64     0.762500       320502         4.21
        0.65     0.775000       329304         4.44
        0.65     0.787500       329304         4.71
        0.66     0.800000       336239         5.00
        0.66     0.812500       341652         5.33
        0.67     0.825000       345655         5.71
        0.68     0.837500       348749         6.15
        0.70     0.850000       354247         6.67
        0.74     0.862500       359701         7.27
        0.77     0.875000       365017         8.00
        0.78     0.881250       367645         8.42
        0.78     0.887500       370820         8.89
        0.79     0.893750       374437         9.41
        0.80     0.900000       378529        10.00
        0.80     0.906250       378529        10.67
        0.81     0.912500       383042        11.43
        0.81     0.918750       383042        12.31
        0.81     0.925000       387764        13.33
        0.81     0.931250       387764        14.55
        0.82     0.937500       392606        16.00
        0.82     0.940625       392606        16.84
        0.83     0.943750       397275        17.78
        0.83     0.946875       397275        18.82
        0.83     0.950000       397275        20.00
        0.83     0.953125       397275        21.33
        0.84     0.956250       401516        22.86
        0.84     0.959375       401516        24.62
        0.84     0.962500       401516        26.67
        0.85     0.965625       405076        29.09
        0.85     0.968750       405076        32.00
        0.85     0.970313       405076        33.68
        0.85     0.971875       405076        35.56
        0.85     0.973437       405076        37.65
        0.85     0.975000       407968        40.00
        0.85     0.976562       407968        42.67
        0.85     0.978125       407968        45.71
        0.85     0.979688       407968        49.23
        0.86     0.981250       410145        53.33
        0.86     0.982812       410145        58.18
        0.86     0.984375       410145        64.00
        0.86     0.985156       410145        67.37
        0.87     0.985938       411747        71.11
        0.87     0.986719       411747        75.29
        0.87     0.987500       411747        80.00
        0.87     0.988281       411747        85.33
        0.87     0.989062       411747        91.43
        0.88     0.989844       412887        98.46
        0.88     0.990625       412887       106.67
        0.88     0.991406       412887       116.36
        0.88     0.992188       412887       128.00
        0.89     0.992578       413731       134.74
        0.89     0.992969       413731       142.22
        0.89     0.993359       413731       150.59
        0.89     0.993750       413731       160.00
        0.89     0.994141       413731       170.67
        0.90     0.994531       414311       182.86
        0.90     0.994922       414311       196.92
        0.90     0.995313       414311       213.33
        0.90     0.995703       414311       232.73
        0.90     0.996094       414674       256.00
        0.90     0.996289       414674       269.47
        0.90     0.996484       414674       284.44
        0.91     0.996680       414946       301.18
        0.91     0.996875       414946       320.00
        0.91     0.997070       414946       341.33
        0.92     0.997266       415178       365.71
        0.92     0.997461       415178       393.85
        0.92     0.997656       415178       426.67
        0.93     0.997852       415333       465.45
        0.93     0.998047       415333       512.00
        0.93     0.998145       415333       538.95
        0.94     0.998242       415456       568.89
        0.94     0.998340       415456       602.35
        0.94     0.998437       415456       640.00
        0.94     0.998535       415538       682.67
        0.94     0.998633       415538       731.43
        0.95     0.998730       415627       787.69
        0.95     0.998828       415627       853.33
        0.96     0.998926       415701       930.91
        0.96     0.999023       415701      1024.00
        0.97     0.999072       415756      1077.89
        0.97     0.999121       415756      1137.78
        0.97     0.999170       415756      1204.71
        0.97     0.999219       415811      1280.00
        0.97     0.999268       415811      1365.33
        0.98     0.999316       415846      1462.86
        0.98     0.999365       415846      1575.38
        0.99     0.999414       415888      1706.67
        0.99     0.999463       415888      1861.82
        1.00     0.999512       415924      2048.00
        1.00     0.999536       415924      2155.79
        1.00     0.999561       415924      2275.56
        1.01     0.999585       415945      2409.41
        1.01     0.999609       415945      2560.00
        1.01     0.999634       415945      2730.67
        1.01     0.999658       415966      2925.71
        1.01     0.999683       415966      3150.77
        1.02     0.999707       415976      3413.33
        1.03     0.999731       415990      3723.64
        1.05     0.999756       416004      4096.00
        1.05     0.999768       416004      4311.58
        1.05     0.999780       416010      4551.11
        1.06     0.999792       416014      4818.82
        1.07     0.999805       416016      5120.00
        1.09     0.999817       416024      5461.33
        1.09     0.999829       416026      5851.43
        1.12     0.999841       416031      6301.54
        1.18     0.999854       416038      6826.67
        1.25     0.999866       416042      7447.27
        2.13     0.999878       416047      8192.00
        2.24     0.999884       416049      8623.16
        2.45     0.999890       416052      9102.22
        3.34     0.999896       416054      9637.65
        3.41     0.999902       416057     10240.00
        3.44     0.999908       416059     10922.67
        3.52     0.999915       416062     11702.86
        3.55     0.999921       416065     12603.08
        3.58     0.999927       416067     13653.33
        3.60     0.999933       416070     14894.55
        3.76     0.999939       416072     16384.00
        3.87     0.999942       416074     17246.32
        3.92     0.999945       416075     18204.44
        3.94     0.999948       416078     19275.29
        3.94     0.999951       416078     20480.00
        3.94     0.999954       416078     21845.33
        4.03     0.999957       416080     23405.71
        4.06     0.999960       416081     25206.15
        4.08     0.999963       416082     27306.67
        4.25     0.999966       416084     29789.09
        4.29     0.999969       416085     32768.00
        4.29     0.999971       416085     34492.63
        5.73     0.999973       416086     36408.89
        5.92     0.999974       416087     38550.59
        5.92     0.999976       416087     40960.00
        5.95     0.999977       416090     43690.67
        5.95     0.999979       416090     46811.43
        5.95     0.999980       416090     50412.31
        5.95     0.999982       416090     54613.33
        5.98     0.999983       416092     59578.18
        5.98     0.999985       416092     65536.00
        5.98     0.999986       416092     68985.26
        5.98     0.999986       416092     72817.78
        5.98     0.999987       416092     77101.18
        5.98     0.999988       416092     81920.00
        6.08     0.999989       416093     87381.33
        6.08     0.999989       416093     93622.86
        6.08     0.999990       416093    100824.62
        6.14     0.999991       416094    109226.67
        6.14     0.999992       416094    119156.36
        6.14     0.999992       416094    131072.00
        6.14     0.999993       416094    137970.53
        6.27     0.999993       416096    145635.56
        6.27     0.999994       416096    154202.35
        6.27     0.999994       416096    163840.00
        6.27     0.999994       416096    174762.67
        6.27     0.999995       416096    187245.71
        6.27     0.999995       416096    201649.23
        6.27     0.999995       416096    218453.33
        6.27     0.999996       416096    238312.73
        6.27     0.999996       416096    262144.00
        6.27     0.999996       416096    275941.05
        6.27     0.999997       416096    291271.11
        6.27     0.999997       416096    308404.71
        6.27     0.999997       416096    327680.00
        6.27     0.999997       416096    349525.33
        6.27     0.999997       416096    374491.43
        6.27     0.999998       416096    403298.46
        6.33     0.999998       416097    436906.67
        6.33     1.000000       416097          inf
#[Mean    =        0.576, StdDeviation   =        0.134]
#[Max     =        6.335, Total count    =       416097]
#[Buckets =           20, SubBuckets     =          256]
