       Value   Percentile   TotalCount 1/(1-Percentile)

        0.15     0.000000            1         1.00
        0.22     0.050000        50166         1.05
        0.23     0.100000        74358         1.11
        0.25     0.150000       107322         1.18
        0.27     0.200000       145669         1.25
        0.29     0.250000       193684         1.33
        0.29     0.300000       224674         1.43
        0.30     0.350000       259818         1.54
        0.31     0.400000       292419         1.67
        0.33     0.450000       327231         1.82
        0.34     0.500000       395984         2.00
        0.34     0.525000       395984         2.11
        0.34     0.550000       395984         2.22
        0.35     0.575000       439609         2.35
        0.35     0.600000       439609         2.50
        0.36     0.625000       478942         2.67
        0.36     0.650000       478942         2.86
        0.37     0.675000       517479         3.08
        0.37     0.700000       517479         3.33
        0.37     0.725000       517479         3.64
        0.38     0.750000       551559         4.00
        0.38     0.762500       551559         4.21
        0.38     0.775000       551559         4.44
        0.38     0.787500       574793         4.71
        0.38     0.800000       574793         5.00
        0.39     0.812500       588936         5.33
        0.39     0.825000       588936         5.71
        0.40     0.837500       597357         6.15
        0.41     0.850000       605683         6.67
        0.44     0.862500       615312         7.27
        0.46     0.875000       623149         8.00
        0.46     0.881250       627021         8.42
        0.47     0.887500       632452         8.89
        0.48     0.893750       641756         9.41
        0.48     0.900000       641756        10.00
        0.49     0.906250       656776        10.67
        0.49     0.912500       656776        11.43
        0.49     0.918750       656776        12.31
        0.49     0.925000       674902        13.33
        0.49     0.931250       674902        14.55
        0.49     0.937500       674902        16.00
        0.49     0.940625       674902        16.84
        0.49     0.943750       674902        17.78
        0.49     0.946875       674902        18.82
        0.50     0.950000       690504        20.00
        0.50     0.953125       690504        21.33
        0.50     0.956250       690504        22.86
        0.50     0.959375       690504        24.62
        0.50     0.962500       690504        26.67
        0.50     0.965625       690504        29.09
        0.50     0.968750       690504        32.00
        0.50     0.970313       690504        33.68
        0.51     0.971875       699636        35.56
        0.51     0.973437       699636        37.65
        0.51     0.975000       699636        40.00
        0.51     0.976562       699636        42.67
        0.51     0.978125       699636        45.71
        0.51     0.979688       699636        49.23
        0.51     0.981250       699636        53.33
        0.51     0.982812       699636        58.18
        0.52     0.984375       703998        64.00
        0.52     0.985156       703998        67.37
        0.52     0.985938       703998        71.11
        0.52     0.986719       703998        75.29
        0.52     0.987500       703998        80.00
        0.52     0.988281       703998        85.33
        0.52     0.989062       703998        91.43
        0.53     0.989844       705940        98.46
        0.53     0.990625       705940       106.67
        0.53     0.991406       705940       116.36
        0.53     0.992188       705940       128.00
        0.54     0.992578       706997       134.74
        0.54     0.992969       706997       142.22
        0.54     0.993359       706997       150.59
        0.54     0.993750       706997       160.00
        0.54     0.994141       707761       170.67
        0.54     0.994531       707761       182.86
        0.54     0.994922       707761       196.92
        0.55     0.995313       708303       213.33
        0.55     0.995703       708303       232.73
        0.56     0.996094       708746       256.00
        0.56     0.996289       708746       269.47
        0.57     0.996484       709165       284.44
        0.57     0.996680       709165       301.18
        0.57     0.996875       709165       320.00
        0.57     0.997070       709525       341.33
        0.57     0.997266       709525       365.71
        0.58     0.997461       709828       393.85
        0.58     0.997656       709828       426.67
        0.58     0.997852       709828       465.45
        0.59     0.998047       710109       512.00
        0.59     0.998145       710109       538.95
        0.59     0.998242       710109       568.89
        0.60     0.998340       710367       602.35
        0.60     0.998437       710367       640.00
        0.60     0.998535       710367       682.67
        0.60     0.998633       710367       731.43
        0.61     0.998730       710581       787.69
        0.61     0.998828       710581       853.33
        0.61     0.998926       710581       930.91
        0.61     0.999023       710750      1024.00
        0.61     0.999072       710750      1077.89
        0.61     0.999121       710750      1137.78
        0.61     0.999170       710750      1204.71
        0.62     0.999219       710880      1280.00
        0.62     0.999268       710880      1365.33
        0.62     0.999316       710880      1462.86
        0.63     0.999365       710966      1575.38
        0.63     0.999414       710966      1706.67
        0.63     0.999463       710966      1861.82
        0.64     0.999512       711032      2048.00
        0.64     0.999536       711032      2155.79
        0.64     0.999561       711032      2275.56
        0.65     0.999585       711069      2409.41
        0.65     0.999609       711069      2560.00
        0.66     0.999634       711096      2730.67
        0.66     0.999658       711096      2925.71
        0.67     0.999683       711125      3150.77
        0.68     0.999707       711144      3413.33
        0.69     0.999731       711152      3723.64
        0.70     0.999756       711165      4096.00
        0.71     0.999768       711174      4311.58
        0.73     0.999780       711182      4551.11
        0.76     0.999792       711190      4818.82
        0.78     0.999805       711202      5120.00
        0.79     0.999817       711211      5461.33
        0.80     0.999829       711219      5851.43
        0.81     0.999841       711229      6301.54
        0.82     0.999854       711234      6826.67
        0.83     0.999866       711241      7447.27
        0.85     0.999878       711251      8192.00
        0.86     0.999884       711255      8623.16
        0.87     0.999890       711260      9102.22
        0.89     0.999896       711264      9637.65
        0.90     0.999902       711269     10240.00
        0.96     0.999908       711272     10922.67
        1.17     0.999915       711276     11702.86
        1.35     0.999921       711280     12603.08
        1.49     0.999927       711284     13653.33
        1.79     0.999933       711289     14894.55
        2.51     0.999939       711293     16384.00
        2.53     0.999942       711295     17246.32
        2.58     0.999945       711298     18204.44
        2.59     0.999948       711300     19275.29
        2.64     0.999951       711302     20480.00
        2.69     0.999954       711304     21845.33
        2.72     0.999957       711306     23405.71
        2.75     0.999960       711308     25206.15
        2.77     0.999963       711311     27306.67
        2.81     0.999966       711313     29789.09
        2.83     0.999969       711317     32768.00
        2.83     0.999971       711317     34492.63
        2.83     0.999973       711317     36408.89
        2.85     0.999974       711318     38550.59
        2.86     0.999976       711319     40960.00
        2.88     0.999977       711320     43690.67
        2.90     0.999979       711321     46811.43
        2.96     0.999980       711322     50412.31
        2.98     0.999982       711323     54613.33
        3.07     0.999983       711325     59578.18
        3.09     0.999985       711326     65536.00
        3.09     0.999986       711326     68985.26
        3.10     0.999986       711327     72817.78
        3.10     0.999987       711327     77101.18
        3.13     0.999988       711329     81920.00
        3.13     0.999989       711329     87381.33
        3.13     0.999989       711329     93622.86
        3.13     0.999990       711329    100824.62
        3.15     0.999991       711331    109226.67
        3.15     0.999992       711331    119156.36
        3.15     0.999992       711331    131072.00
        3.15     0.999993       711331    137970.53
        3.17     0.999993       711333    145635.56
        3.17     0.999994       711333    154202.35
        3.17     0.999994       711333    163840.00
        3.17     0.999994       711333    174762.67
        3.17     0.999995       711333    187245.71
        3.17     0.999995       711333    201649.23
        3.17     0.999995       711333    218453.33
        3.21     0.999996       711334    238312.73
        3.21     0.999996       711334    262144.00
        3.21     0.999996       711334    275941.05
        3.21     0.999997       711334    291271.11
        3.21     0.999997       711334    308404.71
        3.21     0.999997       711334    327680.00
        3.21     0.999997       711334    349525.33
        3.23     0.999997       711335    374491.43
        3.23     0.999998       711335    403298.46
        3.23     0.999998       711335    436906.67
        3.23     0.999998       711335    476625.45
        3.23     0.999998       711335    524288.00
        3.23     0.999998       711335    551882.11
        3.23     0.999998       711335    582542.22
        3.23     0.999998       711335    616809.41
        3.23     0.999998       711335    655360.00
        3.23     0.999999       711335    699050.67
        3.29     0.999999       711336    748982.86
        3.29     1.000000       711336          inf
#[Mean    =        0.337, StdDeviation   =        0.083]
#[Max     =        3.295, Total count    =       711336]
#[Buckets =           20, SubBuckets     =          256]
