       Value   Percentile   TotalCount 1/(1-Percentile)

        1.01     0.000000           36         1.00
       16.06     0.050000       675700         1.05
       17.02     0.100000      1333838         1.11
       17.92     0.150000      2000449         1.18
       25.98     0.200000      2567249         1.25
       28.80     0.250000      3231412         1.33
       29.82     0.300000      3867802         1.43
       30.59     0.350000      4586858         1.54
       31.23     0.400000      5254058         1.67
       31.74     0.450000      5894166         1.82
       32.13     0.500000      6423398         2.00
       32.38     0.525000      6771076         2.11
       32.64     0.550000      7138470         2.22
       33.02     0.575000      7706526         2.35
       33.02     0.600000      7706526         2.50
       33.28     0.625000      8102804         2.67
       33.53     0.650000      8485917         2.86
       33.79     0.675000      8844780         3.08
       34.05     0.700000      9216853         3.33
       34.30     0.725000      9592652         3.64
       34.56     0.750000      9925879         4.00
       34.56     0.762500      9925879         4.21
       34.81     0.775000     10247130         4.44
       34.81     0.787500     10247130         4.71
       35.07     0.800000     10547830         5.00
       35.07     0.812500     10547830         5.33
       35.33     0.825000     10842425         5.71
       35.33     0.837500     10842425         6.15
       35.58     0.850000     11102663         6.67
       35.58     0.862500     11102663         7.27
       35.84     0.875000     11346804         8.00
       35.84     0.881250     11346804         8.42
       36.09     0.887500     11557240         8.89
       36.09     0.893750     11557240         9.41
       36.09     0.900000     11557240        10.00
       36.35     0.906250     11758792        10.67
       36.35     0.912500     11758792        11.43
       36.61     0.918750     11935124        12.31
       36.61     0.925000     11935124        13.33
       36.86     0.931250     12075809        14.55
       36.86     0.937500     12075809        16.00
       36.86     0.940625     12075809        16.84
       37.12     0.943750     12188444        17.78
       37.12     0.946875     12188444        18.82
       37.12     0.950000     12188444        20.00
       37.38     0.953125     12286541        21.33
       37.38     0.956250     12286541        22.86
       37.63     0.959375     12365383        24.62
       37.63     0.962500     12365383        26.67
       37.89     0.965625     12429111        29.09
       37.89     0.968750     12429111        32.00
       38.14     0.970313     12467463        33.68
       38.14     0.971875     12467463        35.56
       38.40     0.973437     12494217        37.65
       38.66     0.975000     12508087        40.00
       39.17     0.976562     12534630        42.67
       39.68     0.978125     12547185        45.71
       41.22     0.979688     12566015        49.23
       43.01     0.981250     12587117        53.33
       44.03     0.982812     12606319        58.18
       45.05     0.984375     12627972        64.00
       45.57     0.985156     12639020        67.37
       46.08     0.985938     12649983        71.11
       46.34     0.986719     12656241        75.29
       46.85     0.987500     12667790        80.00
       47.36     0.988281     12680677        85.33
       47.62     0.989062     12686266        91.43
       48.13     0.989844     12698763        98.46
       48.38     0.990625     12705574       106.67
       48.90     0.991406     12716833       116.36
       49.41     0.992188     12728493       128.00
       49.66     0.992578     12733920       134.74
       49.92     0.992969     12739467       142.22
       50.17     0.993359     12746103       150.59
       50.17     0.993750     12746103       160.00
       50.43     0.994141     12751970       170.67
       50.69     0.994531     12757953       182.86
       50.94     0.994922     12763816       196.92
       51.20     0.995313     12769398       213.33
       51.45     0.995703     12773793       232.73
       51.71     0.996094     12778111       256.00
       51.71     0.996289     12778111       269.47
       51.97     0.996484     12781702       284.44
       52.22     0.996680     12785792       301.18
       52.22     0.996875     12785792       320.00
       52.48     0.997070     12790116       341.33
       52.48     0.997266     12790116       365.71
       52.73     0.997461     12794177       393.85
       52.99     0.997656     12798045       426.67
       52.99     0.997852     12798045       465.45
       53.25     0.998047     12801632       512.00
       53.25     0.998145     12801632       538.95
       53.50     0.998242     12804436       568.89
       53.50     0.998340     12804436       602.35
       53.76     0.998437     12807006       640.00
       53.76     0.998535     12807006       682.67
       54.02     0.998633     12809336       731.43
       54.02     0.998730     12809336       787.69
       54.27     0.998828     12811818       853.33
       54.27     0.998926     12811818       930.91
       54.53     0.999023     12814428      1024.00
       54.53     0.999072     12814428      1077.89
       54.53     0.999121     12814428      1137.78
       54.78     0.999170     12816647      1204.71
       54.78     0.999219     12816647      1280.00
       54.78     0.999268     12816647      1365.33
       54.78     0.999316     12816647      1462.86
       55.04     0.999365     12818081      1575.38
       55.04     0.999414     12818081      1706.67
       55.30     0.999463     12819315      1861.82
       55.30     0.999512     12819315      2048.00
       55.30     0.999536     12819315      2155.79
       55.55     0.999561     12820564      2275.56
       55.55     0.999585     12820564      2409.41
       55.55     0.999609     12820564      2560.00
       55.55     0.999634     12820564      2730.67
       55.81     0.999658     12821485      2925.71
       55.81     0.999683     12821485      3150.77
       55.81     0.999707     12821485      3413.33
       56.06     0.999731     12822468      3723.64
       56.06     0.999756     12822468      4096.00
       56.06     0.999768     12822468      4311.58
       56.06     0.999780     12822468      4551.11
       56.06     0.999792     12822468      4818.82
       56.32     0.999805     12823132      5120.00
       56.32     0.999817     12823132      5461.33
       56.32     0.999829     12823132      5851.43
       56.32     0.999841     12823132      6301.54
       56.58     0.999854     12823497      6826.67
       56.58     0.999866     12823497      7447.27
       56.83     0.999878     12823936      8192.00
       56.83     0.999884     12823936      8623.16
       56.83     0.999890     12823936      9102.22
       56.83     0.999896     12823936      9637.65
       56.83     0.999902     12823936     10240.00
       56.83     0.999908     12823936     10922.67
       57.09     0.999915     12824105     11702.86
       57.09     0.999921     12824105     12603.08
       57.34     0.999927     12824269     13653.33
       57.34     0.999933     12824269     14894.55
       57.60     0.999939     12824411     16384.00
       57.60     0.999942     12824411     17246.32
       57.60     0.999945     12824411     18204.44
       57.60     0.999948     12824411     19275.29
       57.85     0.999951     12824532     20480.00
       57.85     0.999954     12824532     21845.33
       57.85     0.999957     12824532     23405.71
       58.11     0.999960     12824622     25206.15
       58.11     0.999963     12824622     27306.67
       58.37     0.999966     12824704     29789.09
       58.37     0.999969     12824704     32768.00
       58.37     0.999971     12824704     34492.63
       58.62     0.999973     12824759     36408.89
       58.62     0.999974     12824759     38550.59
       58.88     0.999976     12824835     40960.00
       58.88     0.999977     12824835     43690.67
       58.88     0.999979     12824835     46811.43
       58.88     0.999980     12824835     50412.31
       59.13     0.999982     12824924     54613.33
       59.13     0.999983     12824924     59578.18
       59.13     0.999985     12824924     65536.00
       59.13     0.999986     12824924     68985.26
       59.13     0.999986     12824924     72817.78
       59.13     0.999987     12824924     77101.18
       59.13     0.999988     12824924     81920.00
       59.39     0.999989     12824960     87381.33
       59.39     0.999989     12824960     93622.86
       59.39     0.999990     12824960    100824.62
       59.39     0.999991     12824960    109226.67
       59.65     0.999992     12824982    119156.36
       59.65     0.999992     12824982    131072.00
       59.65     0.999993     12824982    137970.53
       59.90     0.999993     12825001    145635.56
       59.90     0.999994     12825001    154202.35
       59.90     0.999994     12825001    163840.00
       59.90     0.999994     12825001    174762.67
       60.67     0.999995     12825020    187245.71
       60.67     0.999995     12825020    201649.23
       60.67     0.999995     12825020    218453.33
       60.93     0.999996     12825022    238312.73
       61.44     0.999996     12825030    262144.00
       61.44     0.999996     12825030    275941.05
       61.44     0.999997     12825030    291271.11
       61.95     0.999997     12825039    308404.71
       61.95     0.999997     12825039    327680.00
       61.95     0.999997     12825039    349525.33
       62.21     0.999997     12825060    374491.43
       62.21     0.999998     12825060    403298.46
       62.21     0.999998     12825060    436906.67
       62.21     0.999998     12825060    476625.45
       62.21     0.999998     12825060    524288.00
       62.21     0.999998     12825060    551882.11
       62.21     0.999998     12825060    582542.22
       62.21     0.999998     12825060    616809.41
       62.21     0.999998     12825060    655360.00
       62.21     0.999999     12825060    699050.67
       62.21     0.999999     12825060    748982.86
       62.21     0.999999     12825060    806596.92
       62.21     0.999999     12825060    873813.33
       62.46     0.999999     12825074    953250.91
       62.46     1.000000     12825074          inf
#[Mean    =       29.945, StdDeviation   =        7.303]
#[Max     =       62.463, Total count    =     12825074]
#[Buckets =           20, SubBuckets     =          256]
