       Value   Percentile   TotalCount 1/(1-Percentile)

        0.08     0.000000           20         1.00
        0.26     0.050000       432415         1.05
        0.30     0.100000       835245         1.11
        0.57     0.150000      1243250         1.18
        0.84     0.200000      1677050         1.25
        0.95     0.250000      2081195         1.33
        1.02     0.300000      2498770         1.43
        1.06     0.350000      2903880         1.54
        1.09     0.400000      3442630         1.67
        1.09     0.450000      3718675         1.82
        1.11     0.500000      4364235         2.00
        1.11     0.525000      4364235         2.11
        1.12     0.550000      4704120         2.22
        1.13     0.575000      5035040         2.35
        1.13     0.600000      5035040         2.50
        1.14     0.625000      5332190         2.67
        1.14     0.650000      5582195         2.86
        1.14     0.675000      5582195         3.08
        1.15     0.700000      5789610         3.33
        1.17     0.725000      6097665         3.64
        1.18     0.750000      6213065         4.00
        1.18     0.762500      6312295         4.21
        1.19     0.775000      6397095         4.44
        1.21     0.787500      6535745         4.71
        1.22     0.800000      6647695         5.00
        1.24     0.812500      6736740         5.33
        1.25     0.825000      6808870         5.71
        1.29     0.837500      6918685         6.15
        1.32     0.850000      7014435         6.67
        1.36     0.862500      7141220         7.27
        1.38     0.875000      7221090         8.00
        1.40     0.881250      7275495         8.42
        1.42     0.887500      7327230         8.89
        1.43     0.893750      7377360         9.41
        1.46     0.900000      7444695        10.00
        1.47     0.906250      7488475        10.67
        1.50     0.912500      7545150        11.43
        1.51     0.918750      7580805        12.31
        1.54     0.925000      7643980        13.33
        1.57     0.931250      7686580        14.55
        1.60     0.937500      7740465        16.00
        1.61     0.940625      7767765        16.84
        1.63     0.943750      7793555        17.78
        1.65     0.946875      7820415        18.82
        1.66     0.950000      7845920        20.00
        1.68     0.953125      7871620        21.33
        1.70     0.956250      7895725        22.86
        1.71     0.959375      7919180        24.62
        1.73     0.962500      7941615        26.67
        1.75     0.965625      7971690        29.09
        1.77     0.968750      7996865        32.00
        1.79     0.970313      8011745        33.68
        1.81     0.971875      8023755        35.56
        1.82     0.973437      8034745        37.65
        1.85     0.975000      8047840        40.00
        1.87     0.976562      8058045        42.67
        1.91     0.978125      8070805        45.71
        1.97     0.979688      8083290        49.23
        2.06     0.981250      8097675        53.33
        2.17     0.982812      8108935        58.18
        2.38     0.984375      8121880        64.00
        2.50     0.985156      8128285        67.37
        2.62     0.985938      8134900        71.11
        2.78     0.986719      8141120        75.29
        2.99     0.987500      8147580        80.00
        3.33     0.988281      8153905        85.33
        3.76     0.989062      8160295        91.43
        4.48     0.989844      8166745        98.46
        5.38     0.990625      8173125       106.67
        6.43     0.991406      8179550       116.36
        7.20     0.992188      8186070       128.00
        7.52     0.992578      8189430       134.74
        7.78     0.992969      8192485       142.22
        8.10     0.993359      8195805       150.59
        8.45     0.993750      8199310       160.00
        8.77     0.994141      8202460       170.67
        9.09     0.994531      8205655       182.86
        9.60     0.994922      8208585       196.92
       10.05     0.995313      8211975       213.33
       10.49     0.995703      8215425       232.73
       11.26     0.996094      8218330       256.00
       12.48     0.996289      8219865       269.47
       14.08     0.996484      8221470       284.44
       15.94     0.996680      8223055       301.18
       16.77     0.996875      8225145       320.00
       17.41     0.997070      8226415       341.33
       18.69     0.997266      8227980       365.71
       20.09     0.997461      8229525       393.85
       20.48     0.997656      8231365       426.67
       20.99     0.997852      8232940       465.45
       22.66     0.998047      8234330       512.00
       23.68     0.998145      8235175       538.95
       24.32     0.998242      8238625       568.89
       24.32     0.998340      8238625       602.35
       24.32     0.998437      8238625       640.00
       24.32     0.998535      8238625       682.67
       24.45     0.998633      8241185       731.43
       24.45     0.998730      8241185       787.69
       24.45     0.998828      8241185       853.33
       24.70     0.998926      8241935       930.91
       24.83     0.999023      8242695      1024.00
       24.96     0.999072      8242915      1077.89
       25.09     0.999121      8243305      1137.78
       25.47     0.999170      8243590      1204.71
       25.98     0.999219      8244040      1280.00
       26.62     0.999268      8244450      1365.33
       27.26     0.999316      8244850      1462.86
       28.29     0.999365      8245850      1575.38
       28.29     0.999414      8245850      1706.67
       28.41     0.999463      8246485      1861.82
       28.41     0.999512      8246485      2048.00
       28.54     0.999536      8246625      2155.79
       28.67     0.999561      8246920      2275.56
       28.80     0.999585      8247275      2409.41
       28.80     0.999609      8247275      2560.00
       28.93     0.999634      8247435      2730.67
       29.05     0.999658      8247605      2925.71
       29.70     0.999683      8247805      3150.77
       30.21     0.999707      8248075      3413.33
       30.98     0.999731      8248215      3723.64
       32.26     0.999756      8248555      4096.00
       32.26     0.999768      8248555      4311.58
       32.38     0.999780      8248945      4551.11
       32.38     0.999792      8248945      4818.82
       32.38     0.999805      8248945      5120.00
       32.38     0.999817      8248945      5461.33
       32.51     0.999829      8249025      5851.43
       33.02     0.999841      8249185      6301.54
       33.28     0.999854      8249235      6826.67
       34.05     0.999866      8249350      7447.27
       36.35     0.999878      8249745      8192.00
       36.35     0.999884      8249745      8623.16
       36.35     0.999890      8249745      9102.22
       36.35     0.999896      8249745      9637.65
       36.35     0.999902      8249745     10240.00
       36.35     0.999908      8249745     10922.67
       36.35     0.999915      8249745     11702.86
       36.61     0.999921      8249930     12603.08
       36.61     0.999927      8249930     13653.33
       36.61     0.999933      8249930     14894.55
       36.61     0.999939      8249930     16384.00
       36.86     0.999942      8249975     17246.32
       36.86     0.999945      8249975     18204.44
       37.12     0.999948      8250010     19275.29
       37.38     0.999951      8250020     20480.00
       40.45     0.999954      8250345     21845.33
       40.45     0.999957      8250345     23405.71
       40.45     0.999960      8250345     25206.15
       40.45     0.999963      8250345     27306.67
       40.45     0.999966      8250345     29789.09
       40.45     0.999969      8250345     32768.00
       40.45     0.999971      8250345     34492.63
       40.45     0.999973      8250345     36408.89
       40.45     0.999974      8250345     38550.59
       40.45     0.999976      8250345     40960.00
       40.45     0.999977      8250345     43690.67
       40.45     0.999979      8250345     46811.43
       40.45     0.999980      8250345     50412.31
       40.45     0.999982      8250345     54613.33
       40.45     0.999983      8250345     59578.18
       40.45     0.999985      8250345     65536.00
       40.45     0.999986      8250345     68985.26
       40.45     0.999986      8250345     72817.78
       40.45     0.999987      8250345     77101.18
       40.45     0.999988      8250345     81920.00
       40.45     0.999989      8250345     87381.33
       40.45     0.999989      8250345     93622.86
       40.45     0.999990      8250345    100824.62
       40.45     0.999991      8250345    109226.67
       40.70     0.999992      8250360    119156.36
       40.70     0.999992      8250360    131072.00
       40.96     0.999993      8250365    137970.53
       40.96     0.999993      8250365    145635.56
       41.22     0.999994      8250370    154202.35
       41.22     0.999994      8250370    163840.00
       41.47     0.999994      8250375    174762.67
       41.73     0.999995      8250400    187245.71
       41.73     0.999995      8250400    201649.23
       41.73     0.999995      8250400    218453.33
       41.73     0.999996      8250400    238312.73
       41.73     0.999996      8250400    262144.00
       41.73     0.999996      8250400    275941.05
       41.73     0.999997      8250400    291271.11
       41.73     0.999997      8250400    308404.71
       41.73     0.999997      8250400    327680.00
       41.73     0.999997      8250400    349525.33
       41.73     0.999997      8250400    374491.43
       41.73     0.999998      8250400    403298.46
       41.98     0.999998      8250420    436906.67
       41.98     1.000000      8250420          inf
#[Mean    =        1.158, StdDeviation   =        1.520]
#[Max     =       41.983, Total count    =      8250420]
#[Buckets =           20, SubBuckets     =          256]
