       Value   Percentile   TotalCount 1/(1-Percentile)

        0.21     0.000000            2         1.00
        0.44     0.050000        20877         1.05
        0.47     0.100000        40324         1.11
        0.51     0.150000        55657         1.18
        0.54     0.200000        73543         1.25
        0.57     0.250000       102825         1.33
        0.57     0.300000       114604         1.43
        0.59     0.350000       136283         1.54
        0.61     0.400000       152255         1.67
        0.63     0.450000       169508         1.82
        0.66     0.500000       192180         2.00
        0.66     0.525000       202211         2.11
        0.66     0.550000       202211         2.22
        0.67     0.575000       213244         2.35
        0.68     0.600000       225002         2.50
        0.69     0.625000       236847         2.67
        0.69     0.650000       248814         2.86
        0.69     0.675000       248814         3.08
        0.70     0.700000       260329         3.33
        0.71     0.725000       271127         3.64
        0.72     0.750000       280693         4.00
        0.72     0.762500       280693         4.21
        0.73     0.775000       288572         4.44
        0.73     0.787500       295105         4.71
        0.73     0.800000       295105         5.00
        0.74     0.812500       300362         5.33
        0.75     0.825000       304259         5.71
        0.77     0.837500       309188         6.15
        0.79     0.850000       312528         6.67
        0.85     0.862500       316732         7.27
        0.88     0.875000       323354         8.00
        0.89     0.881250       326084         8.42
        0.89     0.887500       326084         8.89
        0.90     0.893750       329338         9.41
        0.90     0.900000       333196        10.00
        0.90     0.906250       333196        10.67
        0.91     0.912500       337406        11.43
        0.91     0.918750       337406        12.31
        0.92     0.925000       341573        13.33
        0.93     0.931250       345832        14.55
        0.93     0.937500       345832        16.00
        0.93     0.940625       345832        16.84
        0.94     0.943750       350057        17.78
        0.94     0.946875       350057        18.82
        0.94     0.950000       350057        20.00
        0.94     0.953125       350057        21.33
        0.94     0.956250       353816        22.86
        0.94     0.959375       353816        24.62
        0.94     0.962500       353816        26.67
        0.95     0.965625       357073        29.09
        0.95     0.968750       357073        32.00
        0.95     0.970313       357073        33.68
        0.95     0.971875       357073        35.56
        0.96     0.973437       359716        37.65
        0.96     0.975000       359716        40.00
        0.96     0.976562       359716        42.67
        0.96     0.978125       359716        45.71
        0.96     0.979688       359716        49.23
        0.97     0.981250       361770        53.33
        0.97     0.982812       361770        58.18
        0.97     0.984375       361770        64.00
        0.97     0.985156       361770        67.37
        0.97     0.985938       363250        71.11
        0.97     0.986719       363250        75.29
        0.97     0.987500       363250        80.00
        0.97     0.988281       363250        85.33
        0.97     0.989062       363250        91.43
        0.98     0.989844       364313        98.46
        0.98     0.990625       364313       106.67
        0.98     0.991406       364313       116.36
        0.98     0.992188       364313       128.00
        0.98     0.992578       364313       134.74
        0.99     0.992969       365034       142.22
        0.99     0.993359       365034       150.59
        0.99     0.993750       365034       160.00
        0.99     0.994141       365034       170.67
        0.99     0.994531       365034       182.86
        1.00     0.994922       365476       196.92
        1.00     0.995313       365476       213.33
        1.00     0.995703       365476       232.73
        1.01     0.996094       365806       256.00
        1.01     0.996289       365806       269.47
        1.01     0.996484       365806       284.44
        1.01     0.996680       366021       301.18
        1.01     0.996875       366021       320.00
        1.01     0.997070       366021       341.33
        1.02     0.997266       366152       365.71
        1.02     0.997461       366152       393.85
        1.03     0.997656       366258       426.67
        1.03     0.997852       366258       465.45
        1.04     0.998047       366327       512.00
        1.05     0.998145       366385       538.95
        1.05     0.998242       366429       568.89
        1.05     0.998340       366429       602.35
        1.06     0.998437       366464       640.00
        1.07     0.998535       366496       682.67
        1.08     0.998633       366535       731.43
        1.09     0.998730       366584       787.69
        1.10     0.998828       366609       853.33
        1.12     0.998926       366645       930.91
        1.14     0.999023       366677      1024.00
        1.14     0.999072       366692      1077.89
        1.15     0.999121       366712      1137.78
        1.16     0.999170       366729      1204.71
        1.18     0.999219       366766      1280.00
        1.18     0.999268       366766      1365.33
        1.19     0.999316       366786      1462.86
        1.20     0.999365       366801      1575.38
        1.22     0.999414       366829      1706.67
        1.22     0.999463       366847      1861.82
        1.23     0.999512       366858      2048.00
        1.24     0.999536       366869      2155.79
        1.25     0.999561       366876      2275.56
        1.25     0.999585       366886      2409.41
        1.26     0.999609       366895      2560.00
        1.27     0.999634       366898      2730.67
        1.29     0.999658       366914      2925.71
        1.29     0.999683       366925      3150.77
        1.29     0.999707       366925      3413.33
        1.31     0.999731       366937      3723.64
        1.32     0.999756       366947      4096.00
        1.32     0.999768       366947      4311.58
        1.33     0.999780       366957      4551.11
        1.33     0.999792       366957      4818.82
        1.34     0.999805       366963      5120.00
        1.35     0.999817       366966      5461.33
        1.36     0.999829       366970      5851.43
        1.38     0.999841       366975      6301.54
        1.39     0.999854       366979      6826.67
        1.40     0.999866       366983      7447.27
        1.42     0.999878       366992      8192.00
        1.42     0.999884       366992      8623.16
        1.42     0.999890       366992      9102.22
        1.42     0.999896       366993      9637.65
        1.44     0.999902       367000     10240.00
        1.44     0.999908       367000     10922.67
        1.44     0.999915       367000     11702.86
        1.45     0.999921       367002     12603.08
        1.46     0.999927       367005     13653.33
        1.50     0.999933       367008     14894.55
        1.50     0.999939       367010     16384.00
        1.50     0.999942       367010     17246.32
        1.51     0.999945       367011     18204.44
        1.53     0.999948       367012     19275.29
        1.55     0.999951       367014     20480.00
        1.57     0.999954       367015     21845.33
        1.57     0.999957       367016     23405.71
        1.62     0.999960       367017     25206.15
        1.63     0.999963       367019     27306.67
        1.63     0.999966       367019     29789.09
        1.64     0.999969       367021     32768.00
        1.64     0.999971       367021     34492.63
        1.64     0.999973       367021     36408.89
        1.71     0.999974       367022     38550.59
        1.75     0.999976       367023     40960.00
        1.75     0.999977       367023     43690.67
        2.25     0.999979       367024     46811.43
        2.25     0.999980       367024     50412.31
        2.30     0.999982       367026     54613.33
        2.30     0.999983       367026     59578.18
        2.30     0.999985       367026     65536.00
        2.30     0.999986       367026     68985.26
        2.30     0.999986       367026     72817.78
        2.40     0.999987       367027     77101.18
        2.40     0.999988       367027     81920.00
        2.40     0.999989       367027     87381.33
       15.62     0.999989       367028     93622.86
       15.62     0.999990       367028    100824.62
       15.62     0.999991       367028    109226.67
       15.62     0.999992       367028    119156.36
       15.68     0.999992       367030    131072.00
       15.68     0.999993       367030    137970.53
       15.68     0.999993       367030    145635.56
       15.68     0.999994       367030    154202.35
       15.68     0.999994       367030    163840.00
       15.68     0.999994       367030    174762.67
       15.68     0.999995       367030    187245.71
       15.68     0.999995       367030    201649.23
       15.68     0.999995       367030    218453.33
       15.68     0.999996       367030    238312.73
       15.68     0.999996       367030    262144.00
       15.68     0.999996       367030    275941.05
       15.68     0.999997       367030    291271.11
       15.68     0.999997       367030    308404.71
       15.68     0.999997       367030    327680.00
       15.68     0.999997       367030    349525.33
       15.87     0.999997       367031    374491.43
       15.87     1.000000       367031          inf
#[Mean    =        0.653, StdDeviation   =        0.151]
#[Max     =       15.871, Total count    =       367031]
#[Buckets =           20, SubBuckets     =          256]
