       Value   Percentile   TotalCount 1/(1-Percentile)

        0.29     0.000000            3         1.00
        0.56     0.050000        19629         1.05
        0.58     0.100000        38497         1.11
        0.60     0.150000        58517         1.18
        0.61     0.200000        85844         1.25
        0.62     0.250000       102339         1.33
        0.63     0.300000       120274         1.43
        0.64     0.350000       140116         1.54
        0.65     0.400000       160657         1.67
        0.66     0.450000       181584         1.82
        0.66     0.500000       202287         2.00
        0.66     0.525000       202287         2.11
        0.66     0.550000       202287         2.22
        0.67     0.575000       222442         2.35
        0.67     0.600000       222442         2.50
        0.68     0.625000       241516         2.67
        0.68     0.650000       241516         2.86
        0.69     0.675000       258996         3.08
        0.69     0.700000       258996         3.33
        0.69     0.725000       274986         3.64
        0.69     0.750000       274986         4.00
        0.70     0.762500       289250         4.21
        0.70     0.775000       289250         4.44
        0.70     0.787500       289250         4.71
        0.71     0.800000       301698         5.00
        0.71     0.812500       301698         5.33
        0.71     0.825000       301698         5.71
        0.72     0.837500       312407         6.15
        0.72     0.850000       312407         6.67
        0.73     0.862500       321433         7.27
        0.73     0.875000       321433         8.00
        0.73     0.881250       321433         8.42
        0.73     0.887500       329119         8.89
        0.73     0.893750       329119         9.41
        0.73     0.900000       329119        10.00
        0.74     0.906250       335626        10.67
        0.74     0.912500       335626        11.43
        0.74     0.918750       335626        12.31
        0.75     0.925000       341100        13.33
        0.75     0.931250       341100        14.55
        0.76     0.937500       345587        16.00
        0.76     0.940625       345587        16.84
        0.76     0.943750       345587        17.78
        0.76     0.946875       345587        18.82
        0.77     0.950000       349308        20.00
        0.77     0.953125       349308        21.33
        0.77     0.956250       349308        22.86
        0.78     0.959375       352259        24.62
        0.78     0.962500       352259        26.67
        0.78     0.965625       352259        29.09
        0.78     0.968750       354794        32.00
        0.78     0.970313       354794        33.68
        0.78     0.971875       354794        35.56
        0.79     0.973437       356768        37.65
        0.79     0.975000       356768        40.00
        0.79     0.976562       356768        42.67
        0.79     0.978125       356768        45.71
        0.80     0.979688       358339        49.23
        0.80     0.981250       358339        53.33
        0.81     0.982812       359623        58.18
        0.81     0.984375       359623        64.00
        0.81     0.985156       359623        67.37
        0.81     0.985938       359623        71.11
        0.81     0.986719       360653        75.29
        0.81     0.987500       360653        80.00
        0.81     0.988281       360653        85.33
        0.82     0.989062       361498        91.43
        0.82     0.989844       361498        98.46
        0.82     0.990625       361498       106.67
        0.83     0.991406       362127       116.36
        0.83     0.992188       362127       128.00
        0.83     0.992578       362127       134.74
        0.84     0.992969       362666       142.22
        0.84     0.993359       362666       150.59
        0.84     0.993750       362666       160.00
        0.84     0.994141       362666       170.67
        0.85     0.994531       363079       182.86
        0.85     0.994922       363079       196.92
        0.85     0.995313       363079       213.33
        0.85     0.995703       363411       232.73
        0.85     0.996094       363411       256.00
        0.85     0.996289       363411       269.47
        0.86     0.996484       363643       284.44
        0.86     0.996680       363643       301.18
        0.86     0.996875       363643       320.00
        0.87     0.997070       363828       341.33
        0.87     0.997266       363828       365.71
        0.87     0.997461       363828       393.85
        0.88     0.997656       363984       426.67
        0.88     0.997852       363984       465.45
        0.89     0.998047       364112       512.00
        0.89     0.998145       364112       538.95
        0.89     0.998242       364112       568.89
        0.89     0.998340       364112       602.35
        0.90     0.998437       364193       640.00
        0.90     0.998535       364193       682.67
        0.90     0.998633       364273       731.43
        0.90     0.998730       364273       787.69
        0.91     0.998828       364342       853.33
        0.91     0.998926       364342       930.91
        0.92     0.999023       364382      1024.00
        0.92     0.999072       364382      1077.89
        0.93     0.999121       364406      1137.78
        0.94     0.999170       364436      1204.71
        0.94     0.999219       364436      1280.00
        0.94     0.999268       364456      1365.33
        0.95     0.999316       364472      1462.86
        0.96     0.999365       364485      1575.38
        0.97     0.999414       364507      1706.67
        0.99     0.999463       364524      1861.82
        1.01     0.999512       364536      2048.00
        1.02     0.999536       364547      2155.79
        1.03     0.999561       364557      2275.56
        1.05     0.999585       364568      2409.41
        1.05     0.999609       364574      2560.00
        1.06     0.999634       364580      2730.67
        1.07     0.999658       364590      2925.71
        1.08     0.999683       364602      3150.77
        1.09     0.999707       364615      3413.33
        1.09     0.999731       364620      3723.64
        1.10     0.999756       364625      4096.00
        1.11     0.999768       364629      4311.58
        1.12     0.999780       364634      4551.11
        1.13     0.999792       364638      4818.82
        1.14     0.999805       364643      5120.00
        1.15     0.999817       364651      5461.33
        1.15     0.999829       364651      5851.43
        1.17     0.999841       364657      6301.54
        1.18     0.999854       364662      6826.67
        1.19     0.999866       364665      7447.27
        1.21     0.999878       364669      8192.00
        1.22     0.999884       364671      8623.16
        1.23     0.999890       364673      9102.22
        1.24     0.999896       364676      9637.65
        1.25     0.999902       364678     10240.00
        1.26     0.999908       364680     10922.67
        1.99     0.999915       364682     11702.86
        2.83     0.999921       364685     12603.08
        3.38     0.999927       364687     13653.33
        3.41     0.999933       364689     14894.55
        3.47     0.999939       364691     16384.00
        3.54     0.999942       364692     17246.32
        3.63     0.999945       364693     18204.44
        3.82     0.999948       364695     19275.29
        3.85     0.999951       364696     20480.00
        3.87     0.999954       364697     21845.33
        3.89     0.999957       364698     23405.71
        3.94     0.999960       364699     25206.15
        3.98     0.999963       364700     27306.67
        4.08     0.999966       364701     29789.09
        4.09     0.999969       364702     32768.00
        4.29     0.999971       364703     34492.63
        4.29     0.999973       364703     36408.89
        4.32     0.999974       364705     38550.59
        4.32     0.999976       364705     40960.00
        4.32     0.999977       364705     43690.67
        4.38     0.999979       364706     46811.43
        4.38     0.999980       364706     50412.31
        4.83     0.999982       364708     54613.33
        4.83     0.999983       364708     59578.18
        4.83     0.999985       364708     65536.00
        4.83     0.999986       364708     68985.26
        4.83     0.999986       364708     72817.78
        4.86     0.999987       364709     77101.18
        4.86     0.999988       364709     81920.00
        4.86     0.999989       364709     87381.33
        5.02     0.999989       364710     93622.86
        5.02     0.999990       364710    100824.62
        5.02     0.999991       364710    109226.67
        5.02     0.999992       364710    119156.36
        5.09     0.999992       364711    131072.00
        5.09     0.999993       364711    137970.53
        5.09     0.999993       364711    145635.56
        5.09     0.999994       364711    154202.35
        5.09     0.999994       364711    163840.00
        5.09     0.999994       364711    174762.67
        5.54     0.999995       364712    187245.71
        5.54     0.999995       364712    201649.23
        5.54     0.999995       364712    218453.33
        5.54     0.999996       364712    238312.73
        5.54     0.999996       364712    262144.00
        5.54     0.999996       364712    275941.05
        5.54     0.999997       364712    291271.11
        5.54     0.999997       364712    308404.71
        5.54     0.999997       364712    327680.00
        5.54     0.999997       364712    349525.33
        5.57     0.999997       364713    374491.43
        5.57     1.000000       364713          inf
#[Mean    =        0.657, StdDeviation   =        0.072]
#[Max     =        5.567, Total count    =       364713]
#[Buckets =           20, SubBuckets     =          256]
