       Value   Percentile   TotalCount 1/(1-Percentile)

        0.02     0.000000           15         1.00
        0.04     0.050000       184258         1.05
        0.04     0.100000       184258         1.11
        0.04     0.150000       184258         1.18
        0.04     0.200000       184258         1.25
        0.05     0.250000       408594         1.33
        0.05     0.300000       408594         1.43
        0.05     0.350000       408594         1.54
        0.05     0.400000       408594         1.67
        0.05     0.450000       408594         1.82
        0.05     0.500000       408594         2.00
        0.05     0.525000       408594         2.11
        0.06     0.550000       613311         2.22
        0.06     0.575000       613311         2.35
        0.06     0.600000       613311         2.50
        0.06     0.625000       613311         2.67
        0.06     0.650000       613311         2.86
        0.06     0.675000       613311         3.08
        0.06     0.700000       613311         3.33
        0.06     0.725000       613311         3.64
        0.06     0.750000       613311         4.00
        0.06     0.762500       613311         4.21
        0.06     0.775000       613311         4.44
        0.06     0.787500       613311         4.71
        0.06     0.800000       613311         5.00
        0.06     0.812500       613311         5.33
        0.06     0.825000       672559         5.71
        0.06     0.837500       672559         6.15
        0.06     0.850000       672559         6.67
        0.06     0.862500       672559         7.27
        0.06     0.875000       672559         8.00
        0.06     0.881250       672559         8.42
        0.06     0.887500       672559         8.89
        0.06     0.893750       672559         9.41
        0.06     0.900000       672559        10.00
        0.07     0.906250       713222        10.67
        0.07     0.912500       713222        11.43
        0.07     0.918750       713222        12.31
        0.07     0.925000       713222        13.33
        0.07     0.931250       713222        14.55
        0.07     0.937500       713222        16.00
        0.07     0.940625       713222        16.84
        0.07     0.943750       713222        17.78
        0.07     0.946875       713222        18.82
        0.07     0.950000       713222        20.00
        0.07     0.953125       713222        21.33
        0.07     0.956250       713222        22.86
        0.08     0.959375       734089        24.62
        0.08     0.962500       734089        26.67
        0.08     0.965625       734089        29.09
        0.08     0.968750       734089        32.00
        0.08     0.970313       734089        33.68
        0.08     0.971875       734089        35.56
        0.08     0.973437       734089        37.65
        0.08     0.975000       734089        40.00
        0.08     0.976562       734089        42.67
        0.08     0.978125       734089        45.71
        0.08     0.979688       734089        49.23
        0.08     0.981250       734089        53.33
        0.08     0.982812       734089        58.18
        0.08     0.984375       734089        64.00
        0.08     0.985156       734089        67.37
        0.08     0.985938       734089        71.11
        0.08     0.986719       734089        75.29
        0.09     0.987500       739865        80.00
        0.09     0.988281       739865        85.33
        0.09     0.989062       739865        91.43
        0.09     0.989844       739865        98.46
        0.09     0.990625       739865       106.67
        0.09     0.991406       739865       116.36
        0.09     0.992188       739865       128.00
        0.09     0.992578       739865       134.74
        0.09     0.992969       739865       142.22
        0.09     0.993359       739865       150.59
        0.09     0.993750       739865       160.00
        0.09     0.994141       739865       170.67
        0.09     0.994531       739865       182.86
        0.10     0.994922       741384       196.92
        0.10     0.995313       741384       213.33
        0.10     0.995703       741384       232.73
        0.10     0.996094       741384       256.00
        0.10     0.996289       741384       269.47
        0.10     0.996484       741384       284.44
        0.10     0.996680       741384       301.18
        0.10     0.996875       742023       320.00
        0.10     0.997070       742023       341.33
        0.10     0.997266       742023       365.71
        0.10     0.997461       742023       393.85
        0.10     0.997656       742023       426.67
        0.11     0.997852       742285       465.45
        0.12     0.998047       742449       512.00
        0.12     0.998145       742449       538.95
        0.13     0.998242       742562       568.89
        0.13     0.998340       742562       602.35
        0.14     0.998437       742661       640.00
        0.14     0.998535       742738       682.67
        0.15     0.998633       742799       731.43
        0.16     0.998730       742844       787.69
        0.17     0.998828       742893       853.33
        0.52     0.998926       742963       930.91
        2.32     0.999023       743064      1024.00
        2.33     0.999072       743149      1077.89
        2.33     0.999121       743149      1137.78
        2.33     0.999170       743149      1204.71
        2.35     0.999219       743302      1280.00
        2.35     0.999268       743302      1365.33
        2.35     0.999316       743302      1462.86
        2.35     0.999365       743302      1575.38
        2.37     0.999414       743444      1706.67
        2.37     0.999463       743444      1861.82
        2.37     0.999512       743444      2048.00
        2.37     0.999536       743444      2155.79
        2.37     0.999561       743444      2275.56
        2.38     0.999585       743574      2409.41
        2.38     0.999609       743574      2560.00
        2.38     0.999634       743574      2730.67
        2.38     0.999658       743574      2925.71
        2.38     0.999683       743574      3150.77
        2.38     0.999707       743574      3413.33
        2.38     0.999731       743574      3723.64
        2.40     0.999756       743655      4096.00
        2.40     0.999768       743655      4311.58
        2.40     0.999780       743655      4551.11
        2.40     0.999792       743655      4818.82
        2.40     0.999805       743655      5120.00
        2.40     0.999817       743655      5461.33
        2.40     0.999829       743655      5851.43
        2.40     0.999841       743655      6301.54
        2.40     0.999854       743655      6826.67
        2.42     0.999866       743702      7447.27
        2.42     0.999878       743702      8192.00
        2.42     0.999884       743702      8623.16
        2.42     0.999890       743702      9102.22
        2.42     0.999896       743702      9637.65
        2.42     0.999902       743702     10240.00
        2.42     0.999908       743702     10922.67
        2.42     0.999915       743702     11702.86
        2.42     0.999921       743702     12603.08
        2.43     0.999927       743724     13653.33
        2.43     0.999933       743724     14894.55
        2.43     0.999939       743724     16384.00
        2.43     0.999942       743724     17246.32
        2.43     0.999945       743724     18204.44
        2.43     0.999948       743724     19275.29
        2.45     0.999951       743734     20480.00
        2.45     0.999954       743734     21845.33
        2.45     0.999957       743734     23405.71
        2.45     0.999960       743734     25206.15
        2.45     0.999963       743734     27306.67
        2.46     0.999966       743743     29789.09
        2.46     0.999969       743743     32768.00
        2.46     0.999971       743743     34492.63
        2.46     0.999973       743743     36408.89
        2.46     0.999974       743743     38550.59
        2.46     0.999976       743743     40960.00
        2.48     0.999977       743745     43690.67
        2.53     0.999979       743746     46811.43
        2.54     0.999980       743747     50412.31
        2.58     0.999982       743750     54613.33
        2.58     0.999983       743750     59578.18
        2.58     0.999985       743750     65536.00
        2.61     0.999986       743751     68985.26
        2.61     0.999986       743751     72817.78
        2.62     0.999987       743752     77101.18
        2.62     0.999988       743752     81920.00
        2.85     0.999989       743753     87381.33
        2.86     0.999989       743755     93622.86
        2.86     0.999990       743755    100824.62
        2.86     0.999991       743755    109226.67
        2.86     0.999992       743755    119156.36
        2.96     0.999992       743756    131072.00
        2.96     0.999993       743756    137970.53
        2.96     0.999993       743756    145635.56
        2.98     0.999994       743757    154202.35
        2.98     0.999994       743757    163840.00
        2.98     0.999994       743757    174762.67
        3.21     0.999995       743758    187245.71
        3.21     0.999995       743758    201649.23
        3.21     0.999995       743758    218453.33
        3.21     0.999996       743758    238312.73
        3.25     0.999996       743759    262144.00
        3.25     0.999996       743759    275941.05
        3.25     0.999997       743759    291271.11
        3.25     0.999997       743759    308404.71
        3.25     0.999997       743759    327680.00
        3.25     0.999997       743759    349525.33
        3.28     0.999997       743760    374491.43
        3.28     0.999998       743760    403298.46
        3.28     0.999998       743760    436906.67
        3.28     0.999998       743760    476625.45
        3.28     0.999998       743760    524288.00
        3.28     0.999998       743760    551882.11
        3.28     0.999998       743760    582542.22
        3.28     0.999998       743760    616809.41
        3.28     0.999998       743760    655360.00
        3.28     0.999999       743760    699050.67
        3.29     0.999999       743761    748982.86
        3.29     1.000000       743761          inf
#[Mean    =        0.050, StdDeviation   =        0.076]
#[Max     =        3.295, Total count    =       743761]
#[Buckets =           20, SubBuckets     =          256]
