       Value   Percentile   TotalCount 1/(1-Percentile)

        0.24     0.000000            1         1.00
        0.59     0.050000        18417         1.05
        0.61     0.100000        35137         1.11
        0.63     0.150000        52891         1.18
        0.65     0.200000        76596         1.25
        0.66     0.250000        90595         1.33
        0.66     0.300000       106171         1.43
        0.67     0.350000       123493         1.54
        0.68     0.400000       141502         1.67
        0.69     0.450000       160074         1.82
        0.69     0.500000       179022         2.00
        0.70     0.525000       197637         2.11
        0.70     0.550000       197637         2.22
        0.71     0.575000       215496         2.35
        0.71     0.600000       215496         2.50
        0.72     0.625000       232520         2.67
        0.72     0.650000       232520         2.86
        0.73     0.675000       248030         3.08
        0.73     0.700000       248030         3.33
        0.73     0.725000       262242         3.64
        0.73     0.750000       262242         4.00
        0.74     0.762500       274761         4.21
        0.74     0.775000       274761         4.44
        0.74     0.787500       274761         4.71
        0.75     0.800000       285928         5.00
        0.75     0.812500       285928         5.33
        0.75     0.825000       285928         5.71
        0.76     0.837500       295479         6.15
        0.76     0.850000       295479         6.67
        0.77     0.862500       303741         7.27
        0.77     0.875000       303741         8.00
        0.78     0.881250       310882         8.42
        0.78     0.887500       310882         8.89
        0.78     0.893750       310882         9.41
        0.78     0.900000       310882        10.00
        0.78     0.906250       316936        10.67
        0.78     0.912500       316936        11.43
        0.79     0.918750       321981        12.31
        0.79     0.925000       321981        13.33
        0.79     0.931250       321981        14.55
        0.80     0.937500       326134        16.00
        0.80     0.940625       326134        16.84
        0.80     0.943750       326134        17.78
        0.81     0.946875       329587        18.82
        0.81     0.950000       329587        20.00
        0.81     0.953125       329587        21.33
        0.81     0.956250       332516        22.86
        0.81     0.959375       332516        24.62
        0.81     0.962500       332516        26.67
        0.82     0.965625       334995        29.09
        0.82     0.968750       334995        32.00
        0.83     0.970313       336954        33.68
        0.83     0.971875       336954        35.56
        0.83     0.973437       336954        37.65
        0.83     0.975000       336954        40.00
        0.84     0.976562       338552        42.67
        0.84     0.978125       338552        45.71
        0.84     0.979688       338552        49.23
        0.85     0.981250       339879        53.33
        0.85     0.982812       339879        58.18
        0.85     0.984375       340863        64.00
        0.85     0.985156       340863        67.37
        0.85     0.985938       340863        71.11
        0.85     0.986719       340863        75.29
        0.86     0.987500       341746        80.00
        0.86     0.988281       341746        85.33
        0.86     0.989062       341746        91.43
        0.87     0.989844       342476        98.46
        0.87     0.990625       342476       106.67
        0.87     0.991406       342476       116.36
        0.88     0.992188       343014       128.00
        0.88     0.992578       343014       134.74
        0.88     0.992969       343014       142.22
        0.88     0.993359       343014       150.59
        0.89     0.993750       343457       160.00
        0.89     0.994141       343457       170.67
        0.89     0.994531       343457       182.86
        0.90     0.994922       343798       196.92
        0.90     0.995313       343798       213.33
        0.90     0.995703       344068       232.73
        0.90     0.996094       344068       256.00
        0.90     0.996289       344068       269.47
        0.91     0.996484       344293       284.44
        0.91     0.996680       344293       301.18
        0.91     0.996875       344293       320.00
        0.91     0.997070       344293       341.33
        0.92     0.997266       344469       365.71
        0.92     0.997461       344469       393.85
        0.93     0.997656       344600       426.67
        0.93     0.997852       344600       465.45
        0.94     0.998047       344698       512.00
        0.94     0.998145       344698       538.95
        0.94     0.998242       344698       568.89
        0.94     0.998340       344775       602.35
        0.94     0.998437       344775       640.00
        0.95     0.998535       344838       682.67
        0.95     0.998633       344838       731.43
        0.96     0.998730       344885       787.69
        0.96     0.998828       344885       853.33
        0.97     0.998926       344918       930.91
        0.97     0.999023       344962      1024.00
        0.98     0.999072       344984      1077.89
        0.99     0.999121       345016      1137.78
        0.99     0.999170       345016      1204.71
        1.00     0.999219       345033      1280.00
        1.01     0.999268       345050      1365.33
        1.01     0.999316       345067      1462.86
        1.02     0.999365       345074      1575.38
        1.04     0.999414       345090      1706.67
        1.05     0.999463       345109      1861.82
        1.07     0.999512       345123      2048.00
        1.08     0.999536       345129      2155.79
        1.09     0.999561       345144      2275.56
        1.10     0.999585       345149      2409.41
        1.11     0.999609       345160      2560.00
        1.12     0.999634       345165      2730.67
        1.13     0.999658       345170      2925.71
        1.14     0.999683       345183      3150.77
        1.15     0.999707       345192      3413.33
        1.16     0.999731       345198      3723.64
        1.18     0.999756       345206      4096.00
        1.19     0.999768       345209      4311.58
        1.20     0.999780       345216      4551.11
        1.21     0.999792       345220      4818.82
        1.22     0.999805       345224      5120.00
        1.22     0.999817       345227      5461.33
        1.23     0.999829       345229      5851.43
        1.25     0.999841       345236      6301.54
        1.26     0.999854       345240      6826.67
        1.29     0.999866       345242      7447.27
        1.31     0.999878       345247      8192.00
        1.32     0.999884       345250      8623.16
        1.33     0.999890       345251      9102.22
        1.34     0.999896       345253      9637.65
        1.41     0.999902       345255     10240.00
        2.22     0.999908       345257     10922.67
        2.72     0.999915       345259     11702.86
        2.91     0.999921       345261     12603.08
        2.96     0.999927       345264     13653.33
        3.04     0.999933       345265     14894.55
        3.10     0.999939       345267     16384.00
        3.18     0.999942       345268     17246.32
        3.21     0.999945       345270     18204.44
        3.25     0.999948       345272     19275.29
        3.25     0.999951       345272     20480.00
        3.28     0.999954       345273     21845.33
        3.31     0.999957       345274     23405.71
        3.36     0.999960       345275     25206.15
        3.38     0.999963       345277     27306.67
        3.38     0.999966       345277     29789.09
        3.76     0.999969       345278     32768.00
        3.76     0.999971       345278     34492.63
        3.95     0.999973       345279     36408.89
        4.19     0.999974       345280     38550.59
        4.19     0.999976       345280     40960.00
        4.25     0.999977       345282     43690.67
        4.25     0.999979       345282     46811.43
        4.25     0.999980       345282     50412.31
        4.25     0.999982       345282     54613.33
        4.29     0.999983       345283     59578.18
        4.29     0.999985       345283     65536.00
        4.29     0.999986       345283     68985.26
        4.38     0.999986       345284     72817.78
        4.38     0.999987       345284     77101.18
        4.38     0.999988       345284     81920.00
        4.42     0.999989       345285     87381.33
        4.42     0.999989       345285     93622.86
        4.42     0.999990       345285    100824.62
        4.42     0.999991       345285    109226.67
        4.45     0.999992       345286    119156.36
        4.45     0.999992       345286    131072.00
        4.45     0.999993       345286    137970.53
        4.45     0.999993       345286    145635.56
        4.45     0.999994       345286    154202.35
        4.45     0.999994       345286    163840.00
        4.80     0.999994       345287    174762.67
        4.80     0.999995       345287    187245.71
        4.80     0.999995       345287    201649.23
        4.80     0.999995       345287    218453.33
        4.80     0.999996       345287    238312.73
        4.80     0.999996       345287    262144.00
        4.80     0.999996       345287    275941.05
        4.80     0.999997       345287    291271.11
        4.80     0.999997       345287    308404.71
        4.80     0.999997       345287    327680.00
        4.96     0.999997       345288    349525.33
        4.96     1.000000       345288          inf
#[Mean    =        0.694, StdDeviation   =        0.074]
#[Max     =        4.959, Total count    =       345288]
#[Buckets =           20, SubBuckets     =          256]
