       Value   Percentile   TotalCount 1/(1-Percentile)

        0.25     0.000000            1         1.00
        0.42     0.050000        22024         1.05
        0.45     0.100000        38547         1.11
        0.49     0.150000        58943         1.18
        0.53     0.200000        81776         1.25
        0.54     0.250000       104959         1.33
        0.55     0.300000       118250         1.43
        0.57     0.350000       142584         1.54
        0.58     0.400000       159908         1.67
        0.61     0.450000       178401         1.82
        0.62     0.500000       194490         2.00
        0.63     0.525000       205204         2.11
        0.64     0.550000       217229         2.22
        0.65     0.575000       230105         2.35
        0.65     0.600000       230105         2.50
        0.66     0.625000       243571         2.67
        0.66     0.650000       256886         2.86
        0.67     0.675000       269761         3.08
        0.67     0.700000       269761         3.33
        0.68     0.725000       281884         3.64
        0.69     0.750000       292838         4.00
        0.69     0.762500       292838         4.21
        0.69     0.775000       302216         4.44
        0.69     0.787500       302216         4.71
        0.70     0.800000       309687         5.00
        0.71     0.812500       315504         5.33
        0.72     0.825000       319876         5.71
        0.73     0.837500       323025         6.15
        0.74     0.850000       326526         6.67
        0.81     0.862500       331256         7.27
        0.84     0.875000       336138         8.00
        0.85     0.881250       338988         8.42
        0.85     0.887500       342369         8.89
        0.86     0.893750       346441         9.41
        0.86     0.900000       346441        10.00
        0.87     0.906250       350800        10.67
        0.87     0.912500       350800        11.43
        0.88     0.918750       355464        12.31
        0.88     0.925000       355464        13.33
        0.89     0.931250       360269        14.55
        0.89     0.937500       360269        16.00
        0.90     0.940625       364927        16.84
        0.90     0.943750       364927        17.78
        0.90     0.946875       364927        18.82
        0.90     0.950000       364927        20.00
        0.90     0.953125       369318        21.33
        0.90     0.956250       369318        22.86
        0.90     0.959375       369318        24.62
        0.90     0.962500       369318        26.67
        0.91     0.965625       373151        29.09
        0.91     0.968750       373151        32.00
        0.91     0.970313       373151        33.68
        0.91     0.971875       373151        35.56
        0.91     0.973437       373151        37.65
        0.92     0.975000       376242        40.00
        0.92     0.976562       376242        42.67
        0.92     0.978125       376242        45.71
        0.92     0.979688       376242        49.23
        0.92     0.981250       376242        53.33
        0.93     0.982812       378708        58.18
        0.93     0.984375       378708        64.00
        0.93     0.985156       378708        67.37
        0.93     0.985938       378708        71.11
        0.93     0.986719       378708        75.29
        0.93     0.987500       378708        80.00
        0.94     0.988281       380447        85.33
        0.94     0.989062       380447        91.43
        0.94     0.989844       380447        98.46
        0.94     0.990625       380447       106.67
        0.94     0.991406       380447       116.36
        0.94     0.992188       380447       128.00
        0.94     0.992578       381525       134.74
        0.94     0.992969       381525       142.22
        0.94     0.993359       381525       150.59
        0.94     0.993750       381525       160.00
        0.94     0.994141       381525       170.67
        0.94     0.994531       381525       182.86
        0.94     0.994922       381525       196.92
        0.94     0.995313       381525       213.33
        0.95     0.995703       382262       232.73
        0.95     0.996094       382262       256.00
        0.95     0.996289       382262       269.47
        0.95     0.996484       382262       284.44
        0.95     0.996680       382262       301.18
        0.95     0.996875       382262       320.00
        0.95     0.997070       382262       341.33
        0.96     0.997266       382674       365.71
        0.96     0.997461       382674       393.85
        0.96     0.997656       382674       426.67
        0.96     0.997852       382674       465.45
        0.96     0.998047       382674       512.00
        0.96     0.998145       382674       538.95
        0.96     0.998242       382674       568.89
        0.97     0.998340       382926       602.35
        0.97     0.998437       382926       640.00
        0.97     0.998535       382926       682.67
        0.97     0.998633       382926       731.43
        0.97     0.998730       382926       787.69
        0.97     0.998828       382926       853.33
        0.97     0.998926       382926       930.91
        0.97     0.999023       383093      1024.00
        0.97     0.999072       383093      1077.89
        0.97     0.999121       383093      1137.78
        0.97     0.999170       383093      1204.71
        0.97     0.999219       383093      1280.00
        0.97     0.999268       383093      1365.33
        0.97     0.999316       383093      1462.86
        0.97     0.999365       383093      1575.38
        0.98     0.999414       383166      1706.67
        0.98     0.999463       383166      1861.82
        0.98     0.999512       383166      2048.00
        0.98     0.999536       383166      2155.79
        0.98     0.999561       383166      2275.56
        0.98     0.999585       383166      2409.41
        0.99     0.999609       383212      2560.00
        0.99     0.999634       383212      2730.67
        0.99     0.999658       383212      2925.71
        0.99     0.999683       383212      3150.77
        0.99     0.999707       383212      3413.33
        1.00     0.999731       383235      3723.64
        1.00     0.999756       383235      4096.00
        1.00     0.999768       383235      4311.58
        1.00     0.999780       383235      4551.11
        1.01     0.999792       383246      4818.82
        1.01     0.999805       383246      5120.00
        1.01     0.999817       383258      5461.33
        1.01     0.999829       383258      5851.43
        1.02     0.999841       383264      6301.54
        1.02     0.999854       383264      6826.67
        1.03     0.999866       383268      7447.27
        1.05     0.999878       383273      8192.00
        1.07     0.999884       383279      8623.16
        1.07     0.999890       383279      9102.22
        1.08     0.999896       383281      9637.65
        1.09     0.999902       383282     10240.00
        1.09     0.999908       383284     10922.67
        1.13     0.999915       383288     11702.86
        1.14     0.999921       383289     12603.08
        1.15     0.999927       383291     13653.33
        1.17     0.999933       383294     14894.55
        1.18     0.999939       383296     16384.00
        1.18     0.999942       383297     17246.32
        1.19     0.999945       383298     18204.44
        1.21     0.999948       383300     19275.29
        1.22     0.999951       383302     20480.00
        1.22     0.999954       383302     21845.33
        1.24     0.999957       383303     23405.71
        1.25     0.999960       383304     25206.15
        1.26     0.999963       383305     27306.67
        1.28     0.999966       383307     29789.09
        1.29     0.999969       383308     32768.00
        1.29     0.999971       383308     34492.63
        1.29     0.999973       383309     36408.89
        1.33     0.999974       383310     38550.59
        1.33     0.999976       383310     40960.00
        1.33     0.999977       383311     43690.67
        1.33     0.999979       383311     46811.43
        1.40     0.999980       383312     50412.31
        1.40     0.999982       383312     54613.33
        1.46     0.999983       383313     59578.18
        1.63     0.999985       383314     65536.00
        1.63     0.999986       383314     68985.26
        1.63     0.999986       383314     72817.78
        1.66     0.999987       383315     77101.18
        1.66     0.999988       383315     81920.00
        1.66     0.999989       383315     87381.33
        1.66     0.999989       383315     93622.86
        1.81     0.999990       383316    100824.62
        1.81     0.999991       383316    109226.67
        1.81     0.999992       383316    119156.36
        1.91     0.999992       383317    131072.00
        1.91     0.999993       383317    137970.53
        1.91     0.999993       383317    145635.56
        1.91     0.999994       383317    154202.35
        1.91     0.999994       383317    163840.00
        1.91     0.999994       383317    174762.67
        1.91     0.999995       383317    187245.71
        1.92     0.999995       383318    201649.23
        1.92     0.999995       383318    218453.33
        1.92     0.999996       383318    238312.73
        1.92     0.999996       383318    262144.00
        1.92     0.999996       383318    275941.05
        1.92     0.999997       383318    291271.11
        1.92     0.999997       383318    308404.71
        1.92     0.999997       383318    327680.00
        1.92     0.999997       383318    349525.33
        1.92     0.999997       383318    374491.43
        2.02     0.999998       383319    403298.46
        2.02     1.000000       383319          inf
#[Mean    =        0.625, StdDeviation   =        0.134]
#[Max     =        2.015, Total count    =       383319]
#[Buckets =           20, SubBuckets     =          256]
