       Value   Percentile   TotalCount 1/(1-Percentile)

        0.07     0.000000           10         1.00
        0.47     0.050000       528750         1.05
        0.65     0.100000      1084710         1.11
        0.68     0.150000      1596560         1.18
        0.75     0.200000      2187975         1.25
        0.79     0.250000      2673520         1.33
        0.85     0.300000      3221860         1.43
        0.90     0.350000      3840430         1.54
        0.92     0.400000      4275580         1.67
        0.94     0.450000      4932045         1.82
        0.94     0.500000      5355935         2.00
        0.95     0.525000      5837185         2.11
        0.95     0.550000      5837185         2.22
        0.96     0.575000      6362945         2.35
        0.96     0.600000      6362945         2.50
        0.97     0.625000      6912205         2.67
        0.97     0.650000      6912205         2.86
        0.97     0.675000      7448550         3.08
        0.97     0.700000      7448550         3.33
        0.98     0.725000      7954015         3.64
        0.98     0.750000      7954015         4.00
        0.99     0.762500      8409535         4.21
        0.99     0.775000      8409535         4.44
        0.99     0.787500      8409535         4.71
        1.00     0.800000      8794675         5.00
        1.00     0.812500      8794675         5.33
        1.00     0.825000      8794675         5.71
        1.01     0.837500      9103470         6.15
        1.01     0.850000      9103470         6.67
        1.01     0.862500      9334205         7.27
        1.01     0.875000      9334205         8.00
        1.01     0.881250      9334205         8.42
        1.02     0.887500      9501215         8.89
        1.02     0.893750      9501215         9.41
        1.03     0.900000      9614405        10.00
        1.03     0.906250      9614405        10.67
        1.04     0.912500      9688925        11.43
        1.05     0.918750      9735010        12.31
        1.06     0.925000      9786160        13.33
        1.09     0.931250      9848930        14.55
        1.13     0.937500      9907310        16.00
        1.14     0.940625      9937720        16.84
        1.17     0.943750      9977420        17.78
        1.19     0.946875     10007280        18.82
        1.22     0.950000     10037500        20.00
        1.27     0.953125     10073605        21.33
        1.31     0.956250     10106275        22.86
        1.34     0.959375     10142085        24.62
        1.37     0.962500     10179185        26.67
        1.38     0.965625     10210455        29.09
        1.40     0.968750     10247035        32.00
        1.41     0.970313     10267005        33.68
        1.41     0.971875     10267005        35.56
        1.42     0.973437     10288205        37.65
        1.42     0.975000     10309420        40.00
        1.43     0.976562     10331445        42.67
        1.44     0.978125     10352815        45.71
        1.44     0.979688     10352815        49.23
        1.45     0.981250     10373300        53.33
        1.46     0.982812     10393080        58.18
        1.46     0.984375     10412210        64.00
        1.46     0.985156     10412210        67.37
        1.47     0.985938     10429340        71.11
        1.47     0.986719     10429340        75.29
        1.48     0.987500     10444900        80.00
        1.48     0.988281     10444900        85.33
        1.49     0.989062     10458610        91.43
        1.49     0.989844     10458610        98.46
        1.50     0.990625     10470415       106.67
        1.50     0.991406     10479830       116.36
        1.51     0.992188     10487305       128.00
        1.51     0.992578     10487305       134.74
        1.52     0.992969     10493330       142.22
        1.53     0.993359     10497850       150.59
        1.53     0.993750     10497850       160.00
        1.54     0.994141     10504075       170.67
        1.56     0.994531     10507355       182.86
        1.58     0.994922     10510375       196.92
        1.64     0.995313     10514865       213.33
        1.69     0.995703     10518710       232.73
        1.77     0.996094     10522785       256.00
        1.84     0.996289     10524825       269.47
        1.94     0.996484     10526735       284.44
        2.06     0.996680     10528855       301.18
        2.22     0.996875     10530895       320.00
        2.43     0.997070     10533085       341.33
        2.62     0.997266     10535110       365.71
        2.88     0.997461     10537190       393.85
        3.17     0.997656     10539375       426.67
        3.55     0.997852     10541190       465.45
        4.19     0.998047     10543280       512.00
        4.70     0.998145     10544320       538.95
        5.15     0.998242     10545305       568.89
        5.66     0.998340     10546360       602.35
        6.43     0.998437     10547380       640.00
        6.75     0.998535     10548465       682.67
        7.07     0.998633     10549545       731.43
        7.36     0.998730     10550535       787.69
        7.62     0.998828     10551515       853.33
        8.19     0.998926     10552525       930.91
        8.70     0.999023     10553730      1024.00
        8.89     0.999072     10554180      1077.89
        9.21     0.999121     10554700      1137.78
        9.41     0.999170     10555110      1204.71
        9.73     0.999219     10555755      1280.00
       10.05     0.999268     10556215      1365.33
       10.43     0.999316     10556680      1462.86
       11.01     0.999365     10557185      1575.38
       11.84     0.999414     10557700      1706.67
       13.38     0.999463     10558245      1861.82
       14.14     0.999512     10558725      2048.00
       15.04     0.999536     10558970      2155.79
       15.68     0.999561     10559255      2275.56
       16.19     0.999585     10559490      2409.41
       16.77     0.999609     10559815      2560.00
       17.28     0.999634     10560045      2730.67
       17.79     0.999658     10560295      2925.71
       18.18     0.999683     10560520      3150.77
       18.69     0.999707     10560800      3413.33
       20.22     0.999731     10561135      3723.64
       20.61     0.999756     10561315      4096.00
       20.86     0.999768     10561450      4311.58
       21.12     0.999780     10561580      4551.11
       21.50     0.999792     10561680      4818.82
       22.40     0.999805     10561830      5120.00
       22.91     0.999817     10561990      5461.33
       23.42     0.999829     10562085      5851.43
       24.19     0.999841     10562585      6301.54
       24.19     0.999854     10562585      6826.67
       24.19     0.999866     10562585      7447.27
       24.19     0.999878     10562585      8192.00
       24.32     0.999884     10562865      8623.16
       24.32     0.999890     10562865      9102.22
       24.32     0.999896     10562865      9637.65
       24.32     0.999902     10562865     10240.00
       24.83     0.999908     10562920     10922.67
       25.21     0.999915     10562980     11702.86
       25.34     0.999921     10563035     12603.08
       25.73     0.999927     10563135     13653.33
       25.86     0.999933     10563180     14894.55
       26.11     0.999939     10563240     16384.00
       26.37     0.999942     10563270     17246.32
       26.88     0.999945     10563295     18204.44
       27.65     0.999948     10563370     19275.29
       27.65     0.999951     10563370     20480.00
       27.77     0.999954     10563400     21845.33
       27.90     0.999957     10563445     23405.71
       28.03     0.999960     10563455     25206.15
       28.16     0.999963     10563550     27306.67
       28.16     0.999966     10563550     29789.09
       28.16     0.999969     10563550     32768.00
       28.29     0.999971     10563685     34492.63
       28.29     0.999973     10563685     36408.89
       28.29     0.999974     10563685     38550.59
       28.29     0.999976     10563685     40960.00
       28.29     0.999977     10563685     43690.67
       28.29     0.999979     10563685     46811.43
       28.29     0.999980     10563685     50412.31
       28.29     0.999982     10563685     54613.33
       28.41     0.999983     10563715     59578.18
       28.41     0.999985     10563715     65536.00
       28.54     0.999986     10563735     68985.26
       28.54     0.999986     10563735     72817.78
       28.54     0.999987     10563735     77101.18
       29.95     0.999988     10563750     81920.00
       29.95     0.999989     10563750     87381.33
       34.30     0.999989     10563760     93622.86
       34.56     0.999990     10563770    100824.62
       34.81     0.999991     10563780    109226.67
       35.07     0.999992     10563790    119156.36
       35.07     0.999992     10563790    131072.00
       36.35     0.999993     10563810    137970.53
       36.35     0.999993     10563810    145635.56
       36.35     0.999994     10563810    154202.35
       36.35     0.999994     10563810    163840.00
       36.35     0.999994     10563810    174762.67
       36.61     0.999995     10563860    187245.71
       36.61     0.999995     10563860    201649.23
       36.61     0.999995     10563860    218453.33
       36.61     0.999996     10563860    238312.73
       36.61     0.999996     10563860    262144.00
       36.61     0.999996     10563860    275941.05
       36.61     0.999997     10563860    291271.11
       36.61     0.999997     10563860    308404.71
       36.61     0.999997     10563860    327680.00
       36.61     0.999997     10563860    349525.33
       36.61     0.999997     10563860    374491.43
       36.61     0.999998     10563860    403298.46
       36.61     0.999998     10563860    436906.67
       36.61     0.999998     10563860    476625.45
       36.61     0.999998     10563860    524288.00
       36.61     0.999998     10563860    551882.11
       36.61     0.999998     10563860    582542.22
       36.61     0.999998     10563860    616809.41
       36.61     0.999998     10563860    655360.00
       36.61     0.999999     10563860    699050.67
       36.61     0.999999     10563860    748982.86
       36.61     0.999999     10563860    806596.92
       36.61     0.999999     10563860    873813.33
       36.61     0.999999     10563860    953250.91
       36.61     0.999999     10563860   1048576.00
       36.86     0.999999     10563870   1103764.21
       36.86     1.000000     10563870          inf
#[Mean    =        0.907, StdDeviation   =        0.588]
#[Max     =       36.863, Total count    =     10563870]
#[Buckets =           20, SubBuckets     =          256]
