       Value   Percentile   TotalCount 1/(1-Percentile)

        0.06     0.000000           10         1.00
        0.14     0.050000      1067870         1.05
        0.14     0.100000      1733185         1.11
        0.17     0.150000      2638255         1.18
        0.36     0.200000      3387050         1.25
        0.43     0.250000      4270950         1.33
        0.55     0.300000      5678930         1.43
        0.56     0.350000     10438745         1.54
        0.56     0.400000     10438745         1.67
        0.56     0.450000     10438745         1.82
        0.56     0.500000     10438745         2.00
        0.56     0.525000     10438745         2.11
        0.56     0.550000     10438745         2.22
        0.56     0.575000     10438745         2.35
        0.56     0.600000     10438745         2.50
        0.57     0.625000     13857185         2.67
        0.57     0.650000     13857185         2.86
        0.57     0.675000     13857185         3.08
        0.57     0.700000     13857185         3.33
        0.57     0.725000     13857185         3.64
        0.57     0.750000     13857185         4.00
        0.57     0.762500     13857185         4.21
        0.57     0.775000     13857185         4.44
        0.57     0.787500     13857185         4.71
        0.57     0.800000     13857185         5.00
        0.57     0.812500     13857185         5.33
        0.57     0.825000     14681615         5.71
        0.57     0.837500     14681615         6.15
        0.57     0.850000     14681615         6.67
        0.57     0.862500     14681615         7.27
        0.58     0.875000     15198865         8.00
        0.58     0.881250     15198865         8.42
        0.58     0.887500     15198865         8.89
        0.58     0.893750     15198865         9.41
        0.59     0.900000     15406120        10.00
        0.59     0.906250     15406120        10.67
        0.60     0.912500     15504950        11.43
        0.61     0.918750     15567260        12.31
        0.62     0.925000     15651735        13.33
        0.66     0.931250     15746255        14.55
        0.69     0.937500     15931845        16.00
        0.69     0.940625     15931845        16.84
        0.70     0.943750     16135660        17.78
        0.70     0.946875     16135660        18.82
        0.70     0.950000     16135660        20.00
        0.70     0.953125     16135660        21.33
        0.71     0.956250     16249460        22.86
        0.71     0.959375     16249460        24.62
        0.72     0.962500     16305645        26.67
        0.73     0.965625     16348515        29.09
        0.73     0.968750     16372240        32.00
        0.75     0.970313     16399165        33.68
        0.77     0.971875     16418015        35.56
        0.80     0.973437     16444795        37.65
        0.83     0.975000     16467080        40.00
        0.85     0.976562     16504995        42.67
        0.87     0.978125     16529800        45.71
        0.89     0.979688     16549830        49.23
        0.91     0.981250     16576420        53.33
        0.95     0.982812     16602305        58.18
        1.01     0.984375     16627160        64.00
        1.04     0.985156     16637800        67.37
        1.10     0.985938     16652545        71.11
        1.19     0.986719     16664555        75.29
        1.30     0.987500     16678020        80.00
        1.42     0.988281     16691445        85.33
        1.56     0.989062     16704195        91.43
        1.80     0.989844     16716960        98.46
        2.16     0.990625     16730425       106.67
        2.64     0.991406     16743840       116.36
        3.17     0.992188     16756780       128.00
        3.47     0.992578     16763400       134.74
        3.77     0.992969     16769830       142.22
        4.09     0.993359     16776480       150.59
        4.51     0.993750     16783170       160.00
        4.99     0.994141     16789910       170.67
        5.47     0.994531     16796120       182.86
        6.14     0.994922     16803010       196.92
        6.69     0.995313     16809355       213.33
        7.20     0.995703     16816230       232.73
        7.71     0.996094     16822665       256.00
        8.03     0.996289     16825815       269.47
        8.38     0.996484     16829820       284.44
        8.64     0.996680     16832740       301.18
        9.15     0.996875     16835995       320.00
        9.79     0.997070     16839035       341.33
       10.37     0.997266     16842305       365.71
       11.33     0.997461     16845670       393.85
       12.29     0.997656     16848900       426.67
       13.12     0.997852     16852210       465.45
       14.27     0.998047     16855490       512.00
       15.10     0.998145     16857175       538.95
       15.94     0.998242     16858940       568.89
       16.19     0.998340     16860920       602.35
       16.38     0.998437     16862565       640.00
       16.64     0.998535     16863945       682.67
       17.15     0.998633     16865420       731.43
       17.92     0.998730     16867085       787.69
       19.20     0.998828     16868805       853.33
       20.09     0.998926     16870455       930.91
       20.22     0.999023     16872245      1024.00
       20.35     0.999072     16872980      1077.89
       20.48     0.999121     16873880      1137.78
       20.73     0.999170     16874535      1204.71
       21.63     0.999219     16875470      1280.00
       22.02     0.999268     16876185      1365.33
       23.17     0.999316     16876995      1462.86
       24.06     0.999365     16877785      1575.38
       24.19     0.999414     16881745      1706.67
       24.19     0.999463     16881745      1861.82
       24.19     0.999512     16881745      2048.00
       24.19     0.999536     16881745      2155.79
       24.19     0.999561     16881745      2275.56
       24.19     0.999585     16881745      2409.41
       24.32     0.999609     16882445      2560.00
       24.32     0.999634     16882445      2730.67
       24.45     0.999658     16883185      2925.71
       24.45     0.999683     16883185      3150.77
       24.83     0.999707     16883585      3413.33
       25.47     0.999731     16883995      3723.64
       26.24     0.999756     16884400      4096.00
       27.14     0.999768     16884565      4311.58
       27.90     0.999780     16884790      4551.11
       28.16     0.999792     16885640      4818.82
       28.16     0.999805     16885640      5120.00
       28.16     0.999817     16885640      5461.33
       28.16     0.999829     16885640      5851.43
       28.29     0.999841     16886385      6301.54
       28.29     0.999854     16886385      6826.67
       28.29     0.999866     16886385      7447.27
       28.41     0.999878     16886690      8192.00
       28.41     0.999884     16886690      8623.16
       28.41     0.999890     16886690      9102.22
       28.54     0.999896     16886785      9637.65
       28.67     0.999902     16886845     10240.00
       28.93     0.999908     16886930     10922.67
       29.95     0.999915     16887070     11702.86
       30.08     0.999921     16887130     12603.08
       30.98     0.999927     16887250     13653.33
       31.36     0.999933     16887340     14894.55
       32.00     0.999939     16887460     16384.00
       32.13     0.999942     16887600     17246.32
       32.13     0.999945     16887600     18204.44
       32.13     0.999948     16887600     19275.29
       32.26     0.999951     16888050     20480.00
       32.26     0.999954     16888050     21845.33
       32.26     0.999957     16888050     23405.71
       32.26     0.999960     16888050     25206.15
       32.26     0.999963     16888050     27306.67
       32.26     0.999966     16888050     29789.09
       32.26     0.999969     16888050     32768.00
       32.26     0.999971     16888050     34492.63
       32.26     0.999973     16888050     36408.89
       32.26     0.999974     16888050     38550.59
       32.38     0.999976     16888130     40960.00
       32.38     0.999977     16888130     43690.67
       32.38     0.999979     16888130     46811.43
       32.51     0.999980     16888165     50412.31
       32.51     0.999982     16888165     54613.33
       32.64     0.999983     16888220     59578.18
       32.64     0.999985     16888220     65536.00
       32.77     0.999986     16888245     68985.26
       32.77     0.999986     16888245     72817.78
       33.02     0.999987     16888270     77101.18
       33.02     0.999988     16888270     81920.00
       33.28     0.999989     16888280     87381.33
       33.53     0.999989     16888305     93622.86
       33.53     0.999990     16888305    100824.62
       34.05     0.999991     16888350    109226.67
       34.05     0.999992     16888350    119156.36
       34.05     0.999992     16888350    131072.00
       34.05     0.999993     16888350    137970.53
       36.09     0.999993     16888355    145635.56
       36.35     0.999994     16888430    154202.35
       36.35     0.999994     16888430    163840.00
       36.35     0.999994     16888430    174762.67
       36.35     0.999995     16888430    187245.71
       36.35     0.999995     16888430    201649.23
       36.35     0.999995     16888430    218453.33
       36.35     0.999996     16888430    238312.73
       36.35     0.999996     16888430    262144.00
       36.35     0.999996     16888430    275941.05
       36.35     0.999997     16888430    291271.11
       36.35     0.999997     16888430    308404.71
       36.35     0.999997     16888430    327680.00
       36.35     0.999997     16888430    349525.33
       36.35     0.999997     16888430    374491.43
       36.35     0.999998     16888430    403298.46
       44.29     0.999998     16888460    436906.67
       44.29     0.999998     16888460    476625.45
       44.29     0.999998     16888460    524288.00
       44.29     0.999998     16888460    551882.11
       44.29     0.999998     16888460    582542.22
       44.29     0.999998     16888460    616809.41
       44.29     0.999998     16888460    655360.00
       44.29     0.999999     16888460    699050.67
       44.29     0.999999     16888460    748982.86
       44.29     0.999999     16888460    806596.92
       44.29     0.999999     16888460    873813.33
       44.29     0.999999     16888460    953250.91
       44.29     0.999999     16888460   1048576.00
       44.29     0.999999     16888460   1103764.21
       44.29     0.999999     16888460   1165084.44
       44.29     0.999999     16888460   1233618.82
       44.29     0.999999     16888460   1310720.00
       44.29     0.999999     16888460   1398101.33
       44.29     0.999999     16888460   1497965.71
       44.29     0.999999     16888460   1613193.85
       44.54     0.999999     16888470   1747626.67
       44.54     1.000000     16888470          inf
#[Mean    =        0.567, StdDeviation   =        1.084]
#[Max     =       44.543, Total count    =     16888470]
#[Buckets =           20, SubBuckets     =          256]
