       Value   Percentile   TotalCount 1/(1-Percentile)

        0.23     0.000000            2         1.00
        0.46     0.050000        22582         1.05
        0.48     0.100000        36989         1.11
        0.53     0.150000        54540         1.18
        0.56     0.200000        71729         1.25
        0.58     0.250000        99617         1.33
        0.59     0.300000       110767         1.43
        0.61     0.350000       131355         1.54
        0.62     0.400000       147062         1.67
        0.65     0.450000       163628         1.82
        0.67     0.500000       183812         2.00
        0.68     0.525000       193063         2.11
        0.69     0.550000       203251         2.22
        0.69     0.575000       214227         2.35
        0.70     0.600000       225715         2.50
        0.70     0.625000       225715         2.67
        0.71     0.650000       237379         2.86
        0.72     0.675000       248929         3.08
        0.73     0.700000       259854         3.33
        0.73     0.725000       259854         3.64
        0.73     0.750000       269791         4.00
        0.74     0.762500       278368         4.21
        0.74     0.775000       278368         4.44
        0.75     0.787500       285575         4.71
        0.76     0.800000       291360         5.00
        0.76     0.812500       291360         5.33
        0.77     0.825000       295794         5.71
        0.78     0.837500       301602         6.15
        0.80     0.850000       304394         6.67
        0.86     0.862500       308359         7.27
        0.90     0.875000       314653         8.00
        0.91     0.881250       317310         8.42
        0.91     0.887500       317310         8.89
        0.92     0.893750       320434         9.41
        0.93     0.900000       324014        10.00
        0.93     0.906250       324014        10.67
        0.94     0.912500       327992        11.43
        0.94     0.918750       332277        12.31
        0.94     0.925000       332277        13.33
        0.95     0.931250       336538        14.55
        0.95     0.937500       336538        16.00
        0.95     0.940625       336538        16.84
        0.96     0.943750       340717        17.78
        0.96     0.946875       340717        18.82
        0.96     0.950000       340717        20.00
        0.97     0.953125       344651        21.33
        0.97     0.956250       344651        22.86
        0.97     0.959375       344651        24.62
        0.97     0.962500       344651        26.67
        0.97     0.965625       347948        29.09
        0.97     0.968750       347948        32.00
        0.97     0.970313       347948        33.68
        0.97     0.971875       347948        35.56
        0.98     0.973437       350642        37.65
        0.98     0.975000       350642        40.00
        0.98     0.976562       350642        42.67
        0.98     0.978125       350642        45.71
        0.98     0.979688       350642        49.23
        0.99     0.981250       352743        53.33
        0.99     0.982812       352743        58.18
        0.99     0.984375       352743        64.00
        0.99     0.985156       352743        67.37
        0.99     0.985938       352743        71.11
        1.00     0.986719       354342        75.29
        1.00     0.987500       354342        80.00
        1.00     0.988281       354342        85.33
        1.00     0.989062       354342        91.43
        1.00     0.989844       354342        98.46
        1.00     0.990625       354342       106.67
        1.01     0.991406       355421       116.36
        1.01     0.992188       355421       128.00
        1.01     0.992578       355421       134.74
        1.01     0.992969       355421       142.22
        1.01     0.993359       355421       150.59
        1.01     0.993750       355421       160.00
        1.01     0.994141       356187       170.67
        1.01     0.994531       356187       182.86
        1.01     0.994922       356187       196.92
        1.01     0.995313       356187       213.33
        1.01     0.995703       356187       232.73
        1.01     0.996094       356187       256.00
        1.02     0.996289       356647       269.47
        1.02     0.996484       356647       284.44
        1.02     0.996680       356647       301.18
        1.02     0.996875       356647       320.00
        1.02     0.997070       356647       341.33
        1.02     0.997266       356647       365.71
        1.02     0.997461       356647       393.85
        1.03     0.997656       356942       426.67
        1.03     0.997852       356942       465.45
        1.03     0.998047       356942       512.00
        1.03     0.998145       356942       538.95
        1.03     0.998242       356942       568.89
        1.03     0.998340       356942       602.35
        1.04     0.998437       357141       640.00
        1.04     0.998535       357141       682.67
        1.04     0.998633       357141       731.43
        1.04     0.998730       357141       787.69
        1.04     0.998828       357141       853.33
        1.04     0.998926       357141       930.91
        1.05     0.999023       357260      1024.00
        1.05     0.999072       357260      1077.89
        1.05     0.999121       357260      1137.78
        1.05     0.999170       357260      1204.71
        1.05     0.999219       357260      1280.00
        1.05     0.999268       357260      1365.33
        1.05     0.999316       357338      1462.86
        1.05     0.999365       357338      1575.38
        1.05     0.999414       357338      1706.67
        1.05     0.999463       357338      1861.82
        1.06     0.999512       357375      2048.00
        1.06     0.999536       357375      2155.79
        1.06     0.999561       357375      2275.56
        1.06     0.999585       357375      2409.41
        1.07     0.999609       357403      2560.00
        1.07     0.999634       357403      2730.67
        1.07     0.999658       357403      2925.71
        1.08     0.999683       357422      3150.77
        1.08     0.999707       357422      3413.33
        1.08     0.999731       357422      3723.64
        1.09     0.999756       357433      4096.00
        1.09     0.999768       357442      4311.58
        1.09     0.999780       357442      4551.11
        1.10     0.999792       357448      4818.82
        1.10     0.999805       357448      5120.00
        1.11     0.999817       357453      5461.33
        1.12     0.999829       357456      5851.43
        1.13     0.999841       357463      6301.54
        1.14     0.999854       357467      6826.67
        1.15     0.999866       357470      7447.27
        1.17     0.999878       357476      8192.00
        1.17     0.999884       357476      8623.16
        1.18     0.999890       357478      9102.22
        1.18     0.999896       357480      9637.65
        1.20     0.999902       357484     10240.00
        1.21     0.999908       357485     10922.67
        1.23     0.999915       357489     11702.86
        1.23     0.999921       357489     12603.08
        1.24     0.999927       357491     13653.33
        1.28     0.999933       357495     14894.55
        1.29     0.999939       357496     16384.00
        1.31     0.999942       357499     17246.32
        1.31     0.999945       357499     18204.44
        1.31     0.999948       357499     19275.29
        1.32     0.999951       357501     20480.00
        1.32     0.999954       357501     21845.33
        1.37     0.999957       357502     23405.71
        1.38     0.999960       357503     25206.15
        1.38     0.999963       357504     27306.67
        1.39     0.999966       357506     29789.09
        1.50     0.999969       357507     32768.00
        1.50     0.999971       357507     34492.63
        1.51     0.999973       357508     36408.89
        1.51     0.999974       357508     38550.59
        1.64     0.999976       357509     40960.00
        1.64     0.999977       357509     43690.67
        1.95     0.999979       357510     46811.43
        1.95     0.999980       357510     50412.31
        2.02     0.999982       357511     54613.33
        2.02     0.999983       357511     59578.18
        2.11     0.999985       357512     65536.00
        2.11     0.999986       357512     68985.26
        2.13     0.999986       357513     72817.78
        2.13     0.999987       357513     77101.18
        2.13     0.999988       357513     81920.00
        2.13     0.999989       357513     87381.33
        2.17     0.999989       357514     93622.86
        2.17     0.999990       357514    100824.62
        2.17     0.999991       357514    109226.67
        2.17     0.999992       357514    119156.36
        2.21     0.999992       357515    131072.00
        2.21     0.999993       357515    137970.53
        2.21     0.999993       357515    145635.56
        2.21     0.999994       357515    154202.35
        2.21     0.999994       357515    163840.00
        2.21     0.999994       357515    174762.67
        2.33     0.999995       357516    187245.71
        2.33     0.999995       357516    201649.23
        2.33     0.999995       357516    218453.33
        2.33     0.999996       357516    238312.73
        2.33     0.999996       357516    262144.00
        2.33     0.999996       357516    275941.05
        2.33     0.999997       357516    291271.11
        2.33     0.999997       357516    308404.71
        2.33     0.999997       357516    327680.00
        2.33     0.999997       357516    349525.33
        2.35     0.999997       357517    374491.43
        2.35     1.000000       357517          inf
#[Mean    =        0.671, StdDeviation   =        0.144]
#[Max     =        2.351, Total count    =       357517]
#[Buckets =           20, SubBuckets     =          256]
