       Value   Percentile   TotalCount 1/(1-Percentile)

        0.25     0.000000            1         1.00
        0.40     0.050000        23904         1.05
        0.42     0.100000        42306         1.11
        0.46     0.150000        61238         1.18
        0.49     0.200000        84313         1.25
        0.51     0.250000       108092         1.33
        0.52     0.300000       122190         1.43
        0.54     0.350000       149013         1.54
        0.55     0.400000       168881         1.67
        0.57     0.450000       182854         1.82
        0.59     0.500000       208412         2.00
        0.60     0.525000       220305         2.11
        0.61     0.550000       233757         2.22
        0.61     0.575000       233757         2.35
        0.61     0.600000       248125         2.50
        0.62     0.625000       262739         2.67
        0.63     0.650000       277506         2.86
        0.63     0.675000       277506         3.08
        0.64     0.700000       291533         3.33
        0.65     0.725000       304247         3.64
        0.65     0.750000       304247         4.00
        0.66     0.762500       315307         4.21
        0.66     0.775000       315307         4.44
        0.66     0.787500       324228         4.71
        0.66     0.800000       324228         5.00
        0.67     0.812500       331086         5.33
        0.68     0.825000       336152         5.71
        0.69     0.837500       339849         6.15
        0.71     0.850000       345311         6.67
        0.77     0.862500       350004         7.27
        0.79     0.875000       354864         8.00
        0.80     0.881250       357540         8.42
        0.81     0.887500       360863         8.89
        0.81     0.893750       364952         9.41
        0.81     0.900000       364952        10.00
        0.82     0.906250       369560        10.67
        0.83     0.912500       374639        11.43
        0.83     0.918750       374639        12.31
        0.84     0.925000       379762        13.33
        0.84     0.931250       379762        14.55
        0.85     0.937500       384914        16.00
        0.85     0.940625       384914        16.84
        0.85     0.943750       384914        17.78
        0.85     0.946875       384914        18.82
        0.85     0.950000       389807        20.00
        0.85     0.953125       389807        21.33
        0.85     0.956250       389807        22.86
        0.85     0.959375       389807        24.62
        0.86     0.962500       394171        26.67
        0.86     0.965625       394171        29.09
        0.86     0.968750       394171        32.00
        0.86     0.970313       394171        33.68
        0.86     0.971875       394171        35.56
        0.87     0.973437       397610        37.65
        0.87     0.975000       397610        40.00
        0.87     0.976562       397610        42.67
        0.87     0.978125       397610        45.71
        0.87     0.979688       397610        49.23
        0.88     0.981250       400194        53.33
        0.88     0.982812       400194        58.18
        0.88     0.984375       400194        64.00
        0.88     0.985156       400194        67.37
        0.88     0.985938       400194        71.11
        0.88     0.986719       400194        75.29
        0.88     0.987500       400194        80.00
        0.89     0.988281       401948        85.33
        0.89     0.989062       401948        91.43
        0.89     0.989844       401948        98.46
        0.89     0.990625       401948       106.67
        0.89     0.991406       401948       116.36
        0.90     0.992188       403076       128.00
        0.90     0.992578       403076       134.74
        0.90     0.992969       403076       142.22
        0.90     0.993359       403076       150.59
        0.90     0.993750       403076       160.00
        0.90     0.994141       403076       170.67
        0.90     0.994531       403076       182.86
        0.90     0.994922       403826       196.92
        0.90     0.995313       403826       213.33
        0.90     0.995703       403826       232.73
        0.90     0.996094       403826       256.00
        0.90     0.996289       403826       269.47
        0.90     0.996484       403826       284.44
        0.91     0.996680       404266       301.18
        0.91     0.996875       404266       320.00
        0.91     0.997070       404266       341.33
        0.91     0.997266       404266       365.71
        0.91     0.997461       404266       393.85
        0.92     0.997656       404514       426.67
        0.92     0.997852       404514       465.45
        0.92     0.998047       404514       512.00
        0.92     0.998145       404514       538.95
        0.92     0.998242       404514       568.89
        0.93     0.998340       404693       602.35
        0.93     0.998437       404693       640.00
        0.93     0.998535       404693       682.67
        0.93     0.998633       404693       731.43
        0.94     0.998730       404781       787.69
        0.94     0.998828       404781       853.33
        0.94     0.998926       404844       930.91
        0.94     0.999023       404844      1024.00
        0.95     0.999072       404896      1077.89
        0.95     0.999121       404896      1137.78
        0.95     0.999170       404896      1204.71
        0.96     0.999219       404922      1280.00
        0.97     0.999268       404946      1365.33
        0.97     0.999316       404964      1462.86
        0.98     0.999365       404979      1575.38
        0.99     0.999414       404989      1706.67
        1.01     0.999463       405020      1861.82
        1.01     0.999512       405028      2048.00
        1.04     0.999536       405038      2155.79
        1.05     0.999561       405046      2275.56
        1.05     0.999585       405058      2409.41
        1.06     0.999609       405069      2560.00
        1.08     0.999634       405082      2730.67
        1.09     0.999658       405090      2925.71
        1.09     0.999683       405098      3150.77
        1.11     0.999707       405112      3413.33
        1.12     0.999731       405119      3723.64
        1.14     0.999756       405129      4096.00
        1.14     0.999768       405133      4311.58
        1.15     0.999780       405136      4551.11
        1.16     0.999792       405147      4818.82
        1.16     0.999805       405147      5120.00
        1.17     0.999817       405155      5461.33
        1.17     0.999829       405155      5851.43
        1.18     0.999841       405160      6301.54
        1.20     0.999854       405166      6826.67
        1.22     0.999866       405172      7447.27
        1.24     0.999878       405177      8192.00
        1.25     0.999884       405179      8623.16
        1.25     0.999890       405180      9102.22
        1.26     0.999896       405182      9637.65
        1.28     0.999902       405185     10240.00
        1.29     0.999908       405188     10922.67
        1.30     0.999915       405192     11702.86
        1.30     0.999921       405192     12603.08
        1.32     0.999927       405195     13653.33
        1.33     0.999933       405199     14894.55
        1.34     0.999939       405201     16384.00
        1.34     0.999942       405201     17246.32
        1.35     0.999945       405202     18204.44
        1.36     0.999948       405206     19275.29
        1.36     0.999951       405206     20480.00
        1.36     0.999954       405206     21845.33
        1.37     0.999957       405209     23405.71
        1.37     0.999960       405209     25206.15
        1.38     0.999963       405212     27306.67
        1.38     0.999966       405212     29789.09
        1.38     0.999969       405212     32768.00
        1.38     0.999971       405214     34492.63
        1.38     0.999973       405214     36408.89
        1.38     0.999974       405214     38550.59
        1.39     0.999976       405215     40960.00
        1.39     0.999977       405215     43690.67
        1.42     0.999979       405216     46811.43
        1.42     0.999980       405216     50412.31
        1.45     0.999982       405217     54613.33
        1.46     0.999983       405219     59578.18
        1.46     0.999985       405219     65536.00
        1.46     0.999986       405219     68985.26
        1.46     0.999986       405219     72817.78
        1.46     0.999987       405219     77101.18
        1.48     0.999988       405220     81920.00
        1.48     0.999989       405220     87381.33
        1.48     0.999989       405220     93622.86
        1.48     0.999990       405220    100824.62
        1.52     0.999991       405221    109226.67
        1.52     0.999992       405221    119156.36
        1.52     0.999992       405221    131072.00
        1.54     0.999993       405222    137970.53
        1.54     0.999993       405222    145635.56
        1.54     0.999994       405222    154202.35
        1.54     0.999994       405222    163840.00
        1.54     0.999994       405222    174762.67
        1.54     0.999995       405222    187245.71
        1.54     0.999995       405222    201649.23
        1.56     0.999995       405223    218453.33
        1.56     0.999996       405223    238312.73
        1.56     0.999996       405223    262144.00
        1.56     0.999996       405223    275941.05
        1.56     0.999997       405223    291271.11
        1.56     0.999997       405223    308404.71
        1.56     0.999997       405223    327680.00
        1.56     0.999997       405223    349525.33
        1.56     0.999997       405223    374491.43
        1.56     0.999998       405223    403298.46
        1.57     0.999998       405224    436906.67
        1.57     1.000000       405224          inf
#[Mean    =        0.592, StdDeviation   =        0.128]
#[Max     =        1.575, Total count    =       405224]
#[Buckets =           20, SubBuckets     =          256]
