       Value   Percentile   TotalCount 1/(1-Percentile)

        0.21     0.000000            2         1.00
        0.31     0.050000        30006         1.05
        0.33     0.100000        58852         1.11
        0.37     0.150000        79381         1.18
        0.39     0.200000       109563         1.25
        0.41     0.250000       146994         1.33
        0.41     0.300000       166567         1.43
        0.42     0.350000       186239         1.54
        0.44     0.400000       215417         1.67
        0.46     0.450000       237650         1.82
        0.47     0.500000       276494         2.00
        0.47     0.525000       276494         2.11
        0.48     0.550000       301820         2.22
        0.48     0.575000       301820         2.35
        0.49     0.600000       328959         2.50
        0.49     0.625000       328959         2.67
        0.49     0.650000       357059         2.86
        0.49     0.675000       357059         3.08
        0.50     0.700000       383334         3.33
        0.50     0.725000       383334         3.64
        0.51     0.750000       404234         4.00
        0.51     0.762500       404234         4.21
        0.51     0.775000       404234         4.44
        0.51     0.787500       404234         4.71
        0.52     0.800000       418003         5.00
        0.52     0.812500       418003         5.33
        0.53     0.825000       425965         5.71
        0.54     0.837500       430459         6.15
        0.56     0.850000       436857         6.67
        0.62     0.862500       442578         7.27
        0.65     0.875000       449340         8.00
        0.66     0.881250       455631         8.42
        0.66     0.887500       455631         8.89
        0.66     0.893750       464703         9.41
        0.66     0.900000       464703        10.00
        0.67     0.906250       475325        10.67
        0.67     0.912500       475325        11.43
        0.67     0.918750       475325        12.31
        0.67     0.925000       475325        13.33
        0.68     0.931250       485577        14.55
        0.68     0.937500       485577        16.00
        0.68     0.940625       485577        16.84
        0.68     0.943750       485577        17.78
        0.69     0.946875       494410        18.82
        0.69     0.950000       494410        20.00
        0.69     0.953125       494410        21.33
        0.69     0.956250       494410        22.86
        0.69     0.959375       494410        24.62
        0.69     0.962500       494410        26.67
        0.69     0.965625       500604        29.09
        0.69     0.968750       500604        32.00
        0.69     0.970313       500604        33.68
        0.69     0.971875       500604        35.56
        0.69     0.973437       500604        37.65
        0.69     0.975000       500604        40.00
        0.70     0.976562       504679        42.67
        0.70     0.978125       504679        45.71
        0.70     0.979688       504679        49.23
        0.70     0.981250       504679        53.33
        0.70     0.982812       504679        58.18
        0.71     0.984375       507105        64.00
        0.71     0.985156       507105        67.37
        0.71     0.985938       507105        71.11
        0.71     0.986719       507105        75.29
        0.71     0.987500       507105        80.00
        0.71     0.988281       507105        85.33
        0.72     0.989062       508607        91.43
        0.72     0.989844       508607        98.46
        0.72     0.990625       508607       106.67
        0.72     0.991406       508607       116.36
        0.73     0.992188       509543       128.00
        0.73     0.992578       509543       134.74
        0.73     0.992969       509543       142.22
        0.73     0.993359       510200       150.59
        0.73     0.993750       510200       160.00
        0.73     0.994141       510200       170.67
        0.73     0.994531       510200       182.86
        0.74     0.994922       510678       196.92
        0.74     0.995313       510678       213.33
        0.75     0.995703       511048       232.73
        0.75     0.996094       511048       256.00
        0.76     0.996289       511379       269.47
        0.76     0.996484       511379       284.44
        0.76     0.996680       511379       301.18
        0.76     0.996875       511379       320.00
        0.77     0.997070       511666       341.33
        0.77     0.997266       511666       365.71
        0.78     0.997461       511903       393.85
        0.78     0.997656       511903       426.67
        0.78     0.997852       511903       465.45
        0.78     0.998047       512108       512.00
        0.78     0.998145       512108       538.95
        0.78     0.998242       512108       568.89
        0.79     0.998340       512284       602.35
        0.79     0.998437       512284       640.00
        0.79     0.998535       512284       682.67
        0.79     0.998633       512284       731.43
        0.80     0.998730       512411       787.69
        0.80     0.998828       512411       853.33
        0.81     0.998926       512534       930.91
        0.81     0.999023       512534      1024.00
        0.81     0.999072       512534      1077.89
        0.81     0.999121       512534      1137.78
        0.81     0.999170       512632      1204.71
        0.81     0.999219       512632      1280.00
        0.81     0.999268       512632      1365.33
        0.81     0.999316       512632      1462.86
        0.82     0.999365       512697      1575.38
        0.82     0.999414       512697      1706.67
        0.83     0.999463       512739      1861.82
        0.83     0.999512       512739      2048.00
        0.84     0.999536       512767      2155.79
        0.84     0.999561       512767      2275.56
        0.85     0.999585       512786      2409.41
        0.85     0.999609       512786      2560.00
        0.85     0.999634       512808      2730.67
        0.85     0.999658       512808      2925.71
        0.87     0.999683       512824      3150.77
        0.88     0.999707       512835      3413.33
        0.90     0.999731       512845      3723.64
        0.92     0.999756       512856      4096.00
        0.94     0.999768       512868      4311.58
        0.94     0.999780       512871      4551.11
        0.95     0.999792       512877      4818.82
        0.96     0.999805       512881      5120.00
        0.97     0.999817       512891      5461.33
        0.99     0.999829       512894      5851.43
        1.01     0.999841       512900      6301.54
        1.03     0.999854       512906      6826.67
        1.09     0.999866       512913      7447.27
        1.21     0.999878       512919      8192.00
        1.33     0.999884       512922      8623.16
        1.57     0.999890       512925      9102.22
        1.66     0.999896       512929      9637.65
        1.94     0.999902       512931     10240.00
        2.54     0.999908       512935     10922.67
        2.58     0.999915       512938     11702.86
        2.61     0.999921       512941     12603.08
        2.65     0.999927       512944     13653.33
        2.69     0.999933       512949     14894.55
        2.70     0.999939       512950     16384.00
        2.73     0.999942       512952     17246.32
        2.75     0.999945       512954     18204.44
        2.83     0.999948       512955     19275.29
        2.88     0.999951       512956     20480.00
        3.07     0.999954       512958     21845.33
        3.13     0.999957       512960     23405.71
        3.17     0.999960       512961     25206.15
        3.26     0.999963       512963     27306.67
        3.29     0.999966       512964     29789.09
        3.39     0.999969       512966     32768.00
        3.41     0.999971       512967     34492.63
        3.41     0.999973       512967     36408.89
        3.55     0.999974       512968     38550.59
        3.58     0.999976       512969     40960.00
        4.00     0.999977       512970     43690.67
        4.16     0.999979       512972     46811.43
        4.16     0.999980       512972     50412.31
        4.16     0.999982       512972     54613.33
        4.19     0.999983       512974     59578.18
        4.19     0.999985       512974     65536.00
        4.19     0.999986       512974     68985.26
        4.19     0.999986       512974     72817.78
        4.22     0.999987       512977     77101.18
        4.22     0.999988       512977     81920.00
        4.22     0.999989       512977     87381.33
        4.22     0.999989       512977     93622.86
        4.22     0.999990       512977    100824.62
        4.22     0.999991       512977    109226.67
        4.22     0.999992       512977    119156.36
        4.25     0.999992       512978    131072.00
        4.25     0.999993       512978    137970.53
        4.25     0.999993       512978    145635.56
        4.25     0.999994       512978    154202.35
        4.25     0.999994       512978    163840.00
        4.35     0.999994       512979    174762.67
        4.35     0.999995       512979    187245.71
        4.35     0.999995       512979    201649.23
        4.35     0.999995       512979    218453.33
        4.35     0.999996       512979    238312.73
        4.45     0.999996       512980    262144.00
        4.45     0.999996       512980    275941.05
        4.45     0.999997       512980    291271.11
        4.45     0.999997       512980    308404.71
        4.45     0.999997       512980    327680.00
        4.45     0.999997       512980    349525.33
        4.45     0.999997       512980    374491.43
        4.45     0.999998       512980    403298.46
        4.45     0.999998       512980    436906.67
        4.45     0.999998       512980    476625.45
        4.48     0.999998       512981    524288.00
        4.48     1.000000       512981          inf
#[Mean    =        0.468, StdDeviation   =        0.110]
#[Max     =        4.479, Total count    =       512981]
#[Buckets =           20, SubBuckets     =          256]
