       Value   Percentile   TotalCount 1/(1-Percentile)

        0.18     0.000000            1         1.00
        0.30     0.050000        26898         1.05
        0.32     0.100000        61463         1.11
        0.36     0.150000        81494         1.18
        0.38     0.200000       114127         1.25
        0.39     0.250000       135336         1.33
        0.41     0.300000       180007         1.43
        0.41     0.350000       201531         1.54
        0.42     0.400000       218685         1.67
        0.44     0.450000       239266         1.82
        0.46     0.500000       271789         2.00
        0.46     0.525000       297902         2.11
        0.46     0.550000       297902         2.22
        0.47     0.575000       327685         2.35
        0.47     0.600000       327685         2.50
        0.48     0.625000       358560         2.67
        0.48     0.650000       358560         2.86
        0.48     0.675000       358560         3.08
        0.49     0.700000       389614         3.33
        0.49     0.725000       389614         3.64
        0.49     0.750000       417000         4.00
        0.49     0.762500       417000         4.21
        0.49     0.775000       417000         4.44
        0.49     0.787500       417000         4.71
        0.50     0.800000       436274         5.00
        0.50     0.812500       436274         5.33
        0.50     0.825000       436274         5.71
        0.51     0.837500       446298         6.15
        0.52     0.850000       450263         6.67
        0.61     0.862500       456067         7.27
        0.64     0.875000       466635         8.00
        0.64     0.881250       466635         8.42
        0.65     0.887500       476087         8.89
        0.65     0.893750       476087         9.41
        0.65     0.900000       476087        10.00
        0.66     0.906250       488191        10.67
        0.66     0.912500       488191        11.43
        0.66     0.918750       488191        12.31
        0.66     0.925000       500989        13.33
        0.66     0.931250       500989        14.55
        0.66     0.937500       500989        16.00
        0.66     0.940625       500989        16.84
        0.66     0.943750       500989        17.78
        0.66     0.946875       500989        18.82
        0.67     0.950000       512107        20.00
        0.67     0.953125       512107        21.33
        0.67     0.956250       512107        22.86
        0.67     0.959375       512107        24.62
        0.67     0.962500       512107        26.67
        0.67     0.965625       512107        29.09
        0.67     0.968750       512107        32.00
        0.68     0.970313       519958        33.68
        0.68     0.971875       519958        35.56
        0.68     0.973437       519958        37.65
        0.68     0.975000       519958        40.00
        0.68     0.976562       519958        42.67
        0.68     0.978125       519958        45.71
        0.68     0.979688       519958        49.23
        0.68     0.981250       519958        53.33
        0.68     0.982812       519958        58.18
        0.68     0.984375       519958        64.00
        0.69     0.985156       524489        67.37
        0.69     0.985938       524489        71.11
        0.69     0.986719       524489        75.29
        0.69     0.987500       524489        80.00
        0.69     0.988281       524489        85.33
        0.69     0.989062       524489        91.43
        0.69     0.989844       524489        98.46
        0.69     0.990625       524489       106.67
        0.69     0.991406       524489       116.36
        0.69     0.992188       524489       128.00
        0.69     0.992578       524489       134.74
        0.69     0.992969       524489       142.22
        0.69     0.993359       526642       150.59
        0.69     0.993750       526642       160.00
        0.69     0.994141       526642       170.67
        0.69     0.994531       526642       182.86
        0.69     0.994922       526642       196.92
        0.69     0.995313       526642       213.33
        0.69     0.995703       526642       232.73
        0.69     0.996094       526642       256.00
        0.69     0.996289       526642       269.47
        0.69     0.996484       526642       284.44
        0.69     0.996680       526642       301.18
        0.69     0.996875       526642       320.00
        0.69     0.997070       526642       341.33
        0.70     0.997266       527483       365.71
        0.70     0.997461       527483       393.85
        0.70     0.997656       527483       426.67
        0.70     0.997852       527483       465.45
        0.70     0.998047       527483       512.00
        0.70     0.998145       527483       538.95
        0.70     0.998242       527483       568.89
        0.70     0.998340       527483       602.35
        0.70     0.998437       527483       640.00
        0.70     0.998535       527483       682.67
        0.70     0.998633       527483       731.43
        0.70     0.998730       527483       787.69
        0.71     0.998828       527837       853.33
        0.71     0.998926       527837       930.91
        0.71     0.999023       527837      1024.00
        0.71     0.999072       527837      1077.89
        0.71     0.999121       527837      1137.78
        0.71     0.999170       527837      1204.71
        0.71     0.999219       527837      1280.00
        0.71     0.999268       527837      1365.33
        0.71     0.999316       527837      1462.86
        0.71     0.999365       527837      1575.38
        0.71     0.999414       527837      1706.67
        0.72     0.999463       527972      1861.82
        0.72     0.999512       527972      2048.00
        0.72     0.999536       527972      2155.79
        0.72     0.999561       527972      2275.56
        0.72     0.999585       527972      2409.41
        0.72     0.999609       527972      2560.00
        0.72     0.999634       527972      2730.67
        0.72     0.999658       527972      2925.71
        0.72     0.999683       527972      3150.77
        0.73     0.999707       528031      3413.33
        0.73     0.999731       528031      3723.64
        0.73     0.999756       528031      4096.00
        0.73     0.999768       528031      4311.58
        0.73     0.999780       528031      4551.11
        0.73     0.999792       528031      4818.82
        0.73     0.999805       528031      5120.00
        0.73     0.999817       528066      5461.33
        0.73     0.999829       528066      5851.43
        0.73     0.999841       528066      6301.54
        0.73     0.999854       528066      6826.67
        0.73     0.999866       528066      7447.27
        0.74     0.999878       528083      8192.00
        0.74     0.999884       528083      8623.16
        0.74     0.999890       528083      9102.22
        0.74     0.999896       528083      9637.65
        0.74     0.999902       528083     10240.00
        0.75     0.999908       528093     10922.67
        0.75     0.999915       528093     11702.86
        0.75     0.999921       528093     12603.08
        0.76     0.999927       528096     13653.33
        0.77     0.999933       528106     14894.55
        0.77     0.999939       528106     16384.00
        0.77     0.999942       528106     17246.32
        0.77     0.999945       528106     18204.44
        0.78     0.999948       528110     19275.29
        0.78     0.999951       528110     20480.00
        0.78     0.999954       528110     21845.33
        0.79     0.999957       528113     23405.71
        0.80     0.999960       528114     25206.15
        0.81     0.999963       528118     27306.67
        0.81     0.999966       528118     29789.09
        0.81     0.999969       528118     32768.00
        0.82     0.999971       528119     34492.63
        0.83     0.999973       528120     36408.89
        0.84     0.999974       528122     38550.59
        0.84     0.999976       528122     40960.00
        0.84     0.999977       528122     43690.67
        0.85     0.999979       528123     46811.43
        0.87     0.999980       528124     50412.31
        0.88     0.999982       528125     54613.33
        0.89     0.999983       528128     59578.18
        0.89     0.999985       528128     65536.00
        0.89     0.999986       528128     68985.26
        0.89     0.999986       528128     72817.78
        0.89     0.999987       528128     77101.18
        0.89     0.999988       528128     81920.00
        0.89     0.999989       528128     87381.33
        0.90     0.999989       528129     93622.86
        0.90     0.999990       528129    100824.62
        0.90     0.999991       528130    109226.67
        0.90     0.999992       528130    119156.36
        0.90     0.999992       528130    131072.00
        0.92     0.999993       528132    137970.53
        0.92     0.999993       528132    145635.56
        0.92     0.999994       528132    154202.35
        0.92     0.999994       528132    163840.00
        0.92     0.999994       528132    174762.67
        0.92     0.999995       528132    187245.71
        0.92     0.999995       528132    201649.23
        0.92     0.999995       528132    218453.33
        0.92     0.999996       528132    238312.73
        0.92     0.999996       528132    262144.00
        0.94     0.999996       528133    275941.05
        0.94     0.999997       528133    291271.11
        0.94     0.999997       528133    308404.71
        0.94     0.999997       528133    327680.00
        0.94     0.999997       528133    349525.33
        0.94     0.999997       528133    374491.43
        0.94     0.999998       528133    403298.46
        0.94     0.999998       528133    436906.67
        0.94     0.999998       528133    476625.45
        0.94     0.999998       528133    524288.00
        0.99     0.999998       528134    551882.11
        0.99     1.000000       528134          inf
#[Mean    =        0.454, StdDeviation   =        0.102]
#[Max     =        0.991, Total count    =       528134]
#[Buckets =           20, SubBuckets     =          256]
