       Value   Percentile   TotalCount 1/(1-Percentile)

        0.24     0.000000            1         1.00
        0.63     0.050000        19265         1.05
        0.66     0.100000        34364         1.11
        0.67     0.150000        49362         1.18
        0.69     0.200000        69062         1.25
        0.70     0.250000        93557         1.33
        0.71     0.300000       107413         1.43
        0.72     0.350000       122233         1.54
        0.73     0.400000       137465         1.67
        0.73     0.450000       153225         1.82
        0.74     0.500000       169111         2.00
        0.75     0.525000       184731         2.11
        0.75     0.550000       184731         2.22
        0.76     0.575000       199677         2.35
        0.76     0.600000       199677         2.50
        0.77     0.625000       213940         2.67
        0.77     0.650000       213940         2.86
        0.78     0.675000       227248         3.08
        0.78     0.700000       227248         3.33
        0.78     0.725000       239459         3.64
        0.79     0.750000       250810         4.00
        0.79     0.762500       250810         4.21
        0.79     0.775000       250810         4.44
        0.80     0.787500       261008         4.71
        0.80     0.800000       261008         5.00
        0.81     0.812500       270096         5.33
        0.81     0.825000       270096         5.71
        0.81     0.837500       278155         6.15
        0.81     0.850000       278155         6.67
        0.82     0.862500       285108         7.27
        0.82     0.875000       285108         8.00
        0.82     0.881250       285108         8.42
        0.83     0.887500       291188         8.89
        0.83     0.893750       291188         9.41
        0.83     0.900000       291188        10.00
        0.84     0.906250       296441        10.67
        0.84     0.912500       296441        11.43
        0.85     0.918750       300875        12.31
        0.85     0.925000       300875        13.33
        0.85     0.931250       304638        14.55
        0.85     0.937500       304638        16.00
        0.85     0.940625       304638        16.84
        0.86     0.943750       307921        17.78
        0.86     0.946875       307921        18.82
        0.86     0.950000       307921        20.00
        0.87     0.953125       310635        21.33
        0.87     0.956250       310635        22.86
        0.87     0.959375       310635        24.62
        0.88     0.962500       312949        26.67
        0.88     0.965625       312949        29.09
        0.89     0.968750       314855        32.00
        0.89     0.970313       314855        33.68
        0.89     0.971875       314855        35.56
        0.90     0.973437       316426        37.65
        0.90     0.975000       316426        40.00
        0.90     0.976562       316426        42.67
        0.90     0.978125       317744        45.71
        0.90     0.979688       317744        49.23
        0.90     0.981250       317744        53.33
        0.91     0.982812       318869        58.18
        0.91     0.984375       318869        64.00
        0.91     0.985156       318869        67.37
        0.92     0.985938       319773        71.11
        0.92     0.986719       319773        75.29
        0.92     0.987500       319773        80.00
        0.92     0.988281       319773        85.33
        0.93     0.989062       320506        91.43
        0.93     0.989844       320506        98.46
        0.93     0.990625       320506       106.67
        0.94     0.991406       321090       116.36
        0.94     0.992188       321090       128.00
        0.94     0.992578       321548       134.74
        0.94     0.992969       321548       142.22
        0.94     0.993359       321548       150.59
        0.94     0.993750       321548       160.00
        0.95     0.994141       321893       170.67
        0.95     0.994531       321893       182.86
        0.95     0.994922       321893       196.92
        0.96     0.995313       322201       213.33
        0.96     0.995703       322201       232.73
        0.97     0.996094       322448       256.00
        0.97     0.996289       322448       269.47
        0.97     0.996484       322448       284.44
        0.97     0.996680       322647       301.18
        0.97     0.996875       322647       320.00
        0.97     0.997070       322647       341.33
        0.97     0.997266       322647       365.71
        0.98     0.997461       322782       393.85
        0.98     0.997656       322782       426.67
        0.99     0.997852       322892       465.45
        1.00     0.998047       322987       512.00
        1.00     0.998145       322987       538.95
        1.00     0.998242       322987       568.89
        1.01     0.998340       323052       602.35
        1.01     0.998437       323052       640.00
        1.01     0.998535       323052       682.67
        1.01     0.998633       323118       731.43
        1.01     0.998730       323118       787.69
        1.02     0.998828       323155       853.33
        1.03     0.998926       323194       930.91
        1.04     0.999023       323221      1024.00
        1.05     0.999072       323244      1077.89
        1.05     0.999121       323244      1137.78
        1.05     0.999170       323264      1204.71
        1.06     0.999219       323282      1280.00
        1.07     0.999268       323292      1365.33
        1.08     0.999316       323305      1462.86
        1.09     0.999365       323326      1575.38
        1.11     0.999414       323345      1706.67
        1.12     0.999463       323352      1861.82
        1.14     0.999512       323369      2048.00
        1.15     0.999536       323379      2155.79
        1.17     0.999561       323387      2275.56
        1.18     0.999585       323392      2409.41
        1.18     0.999609       323400      2560.00
        1.20     0.999634       323415      2730.67
        1.20     0.999658       323415      2925.71
        1.22     0.999683       323425      3150.77
        1.23     0.999707       323439      3413.33
        1.23     0.999731       323439      3723.64
        1.25     0.999756       323451      4096.00
        1.25     0.999768       323451      4311.58
        1.25     0.999780       323456      4551.11
        1.26     0.999792       323459      4818.82
        1.27     0.999805       323462      5120.00
        1.29     0.999817       323469      5461.33
        1.29     0.999829       323473      5851.43
        1.32     0.999841       323474      6301.54
        1.33     0.999854       323478      6826.67
        1.36     0.999866       323482      7447.27
        1.39     0.999878       323486      8192.00
        1.40     0.999884       323488      8623.16
        1.42     0.999890       323491      9102.22
        1.42     0.999896       323493      9637.65
        1.43     0.999902       323494     10240.00
        1.46     0.999908       323496     10922.67
        2.33     0.999915       323498     11702.86
        2.75     0.999921       323500     12603.08
        2.96     0.999927       323503     13653.33
        3.02     0.999933       323504     14894.55
        3.10     0.999939       323507     16384.00
        3.10     0.999942       323507     17246.32
        3.21     0.999945       323508     18204.44
        3.23     0.999948       323509     19275.29
        3.31     0.999951       323510     20480.00
        3.34     0.999954       323511     21845.33
        3.38     0.999957       323512     23405.71
        3.41     0.999960       323513     25206.15
        3.46     0.999963       323514     27306.67
        3.82     0.999966       323515     29789.09
        3.87     0.999969       323516     32768.00
        3.87     0.999971       323516     34492.63
        3.89     0.999973       323517     36408.89
        3.89     0.999974       323517     38550.59
        3.92     0.999976       323518     40960.00
        3.92     0.999977       323518     43690.67
        4.42     0.999979       323519     46811.43
        4.42     0.999980       323519     50412.31
        4.48     0.999982       323520     54613.33
        4.48     0.999983       323520     59578.18
        4.54     0.999985       323521     65536.00
        4.54     0.999986       323521     68985.26
        4.54     0.999986       323521     72817.78
        4.54     0.999987       323521     77101.18
        4.58     0.999988       323522     81920.00
        4.58     0.999989       323522     87381.33
        4.58     0.999989       323522     93622.86
        4.58     0.999990       323522    100824.62
        5.15     0.999991       323523    109226.67
        5.15     0.999992       323523    119156.36
        5.15     0.999992       323523    131072.00
        5.15     0.999993       323523    137970.53
        5.15     0.999993       323523    145635.56
        5.15     0.999994       323523    154202.35
        5.21     0.999994       323524    163840.00
        5.21     0.999994       323524    174762.67
        5.21     0.999995       323524    187245.71
        5.21     0.999995       323524    201649.23
        5.21     0.999995       323524    218453.33
        5.21     0.999996       323524    238312.73
        5.21     0.999996       323524    262144.00
        5.21     0.999996       323524    275941.05
        5.21     0.999997       323524    291271.11
        5.21     0.999997       323524    308404.71
        5.25     0.999997       323525    327680.00
        5.25     1.000000       323525          inf
#[Mean    =        0.741, StdDeviation   =        0.082]
#[Max     =        5.247, Total count    =       323525]
#[Buckets =           20, SubBuckets     =          256]
