       Value   Percentile   TotalCount 1/(1-Percentile)

        0.06     0.000000           10         1.00
        0.17     0.050000      1665730         1.05
        0.44     0.100000      3037210         1.11
        0.53     0.150000      4646880         1.18
        0.57     0.200000      6159140         1.25
        0.58     0.250000      8809830         1.33
        0.59     0.300000     12033080         1.43
        0.59     0.350000     12033080         1.54
        0.60     0.400000     15245050         1.67
        0.60     0.450000     15245050         1.82
        0.60     0.500000     15245050         2.00
        0.61     0.525000     17286140         2.11
        0.61     0.550000     17286140         2.22
        0.61     0.575000     18618670         2.35
        0.61     0.600000     18618670         2.50
        0.62     0.625000     19733050         2.67
        0.62     0.650000     19733050         2.86
        0.63     0.675000     20741640         3.08
        0.64     0.700000     21707520         3.33
        0.65     0.725000     22612910         3.64
        0.66     0.750000     23405470         4.00
        0.66     0.762500     23405470         4.21
        0.66     0.775000     23405470         4.44
        0.66     0.787500     24078040         4.71
        0.67     0.800000     24613880         5.00
        0.67     0.812500     24613880         5.33
        0.68     0.825000     25021770         5.71
        0.69     0.837500     25324110         6.15
        0.70     0.850000     25746440         6.67
        0.72     0.862500     26046060         7.27
        0.74     0.875000     26523090         8.00
        0.75     0.881250     26667420         8.42
        0.76     0.887500     26787100         8.89
        0.78     0.893750     27000600         9.41
        0.79     0.900000     27199980        10.00
        0.81     0.906250     27377770        10.67
        0.82     0.912500     27550390        11.43
        0.84     0.918750     27722590        12.31
        0.85     0.925000     27903670        13.33
        0.87     0.931250     28098890        14.55
        0.89     0.937500     28310420        16.00
        0.90     0.940625     28425570        16.84
        0.90     0.943750     28544190        17.78
        0.91     0.946875     28662280        18.82
        0.91     0.950000     28662280        20.00
        0.92     0.953125     28784110        21.33
        0.93     0.956250     28903250        22.86
        0.94     0.959375     29021520        24.62
        0.94     0.962500     29021520        26.67
        0.94     0.965625     29135630        29.09
        0.95     0.968750     29243970        32.00
        0.96     0.970313     29345910        33.68
        0.96     0.971875     29345910        35.56
        0.97     0.973437     29439310        37.65
        0.97     0.975000     29439310        40.00
        0.97     0.976562     29520950        42.67
        0.97     0.978125     29520950        45.71
        0.98     0.979688     29591320        49.23
        0.98     0.981250     29591320        53.33
        0.99     0.982812     29653420        58.18
        1.00     0.984375     29705590        64.00
        1.00     0.985156     29705590        67.37
        1.01     0.985938     29747030        71.11
        1.01     0.986719     29780740        75.29
        1.01     0.987500     29780740        80.00
        1.02     0.988281     29807080        85.33
        1.03     0.989062     29827440        91.43
        1.05     0.989844     29857090        98.46
        1.06     0.990625     29878260       106.67
        1.08     0.991406     29893750       116.36
        1.12     0.992188     29920520       128.00
        1.14     0.992578     29928360       134.74
        1.17     0.992969     29941870       142.22
        1.21     0.993359     29952720       150.59
        1.26     0.993750     29965040       160.00
        1.32     0.994141     29975950       170.67
        1.38     0.994531     29987610       182.86
        1.43     0.994922     30000030       196.92
        1.50     0.995313     30011210       213.33
        1.60     0.995703     30022530       232.73
        1.72     0.996094     30034370       256.00
        1.85     0.996289     30040270       269.47
        2.06     0.996484     30046250       284.44
        2.29     0.996680     30052140       301.18
        2.58     0.996875     30058030       320.00
        3.07     0.997070     30063740       341.33
        3.92     0.997266     30069660       365.71
        4.86     0.997461     30075600       393.85
        5.95     0.997656     30081410       426.67
        6.72     0.997852     30087560       465.45
        7.33     0.998047     30093490       512.00
        7.55     0.998145     30096410       538.95
        7.78     0.998242     30099140       568.89
        8.06     0.998340     30102070       602.35
        8.32     0.998437     30105350       640.00
        8.57     0.998535     30107890       682.67
        9.09     0.998633     30110980       731.43
        9.66     0.998730     30113810       787.69
       10.37     0.998828     30116830       853.33
       12.16     0.998926     30119680       930.91
       14.21     0.999023     30122630      1024.00
       15.23     0.999072     30124100      1077.89
       16.19     0.999121     30125870      1137.78
       16.51     0.999170     30127970      1204.71
       16.77     0.999219     30128690      1280.00
       17.54     0.999268     30130210      1365.33
       18.43     0.999316     30131630      1462.86
       19.58     0.999365     30133040      1575.38
       20.22     0.999414     30135180      1706.67
       20.48     0.999463     30136140      1861.82
       21.12     0.999512     30137380      2048.00
       22.27     0.999536     30138070      2155.79
       23.17     0.999561     30138970      2275.56
       23.68     0.999585     30139540      2409.41
       24.19     0.999609     30144290      2560.00
       24.19     0.999634     30144290      2730.67
       24.19     0.999658     30144290      2925.71
       24.19     0.999683     30144290      3150.77
       24.19     0.999707     30144290      3413.33
       24.19     0.999731     30144290      3723.64
       24.32     0.999756     30145950      4096.00
       24.32     0.999768     30145950      4311.58
       24.32     0.999780     30145950      4551.11
       24.32     0.999792     30145950      4818.82
       24.45     0.999805     30146480      5120.00
       24.57     0.999817     30146870      5461.33
       24.70     0.999829     30146970      5851.43
       25.09     0.999841     30147280      6301.54
       25.73     0.999854     30147640      6826.67
       26.50     0.999866     30148030      7447.27
       27.77     0.999878     30148400      8192.00
       28.16     0.999884     30149090      8623.16
       28.16     0.999890     30149090      9102.22
       28.16     0.999896     30149090      9637.65
       28.16     0.999902     30149090     10240.00
       28.29     0.999908     30149750     10922.67
       28.29     0.999915     30149750     11702.86
       28.29     0.999921     30149750     12603.08
       28.41     0.999927     30149890     13653.33
       28.54     0.999933     30150020     14894.55
       29.05     0.999939     30150210     16384.00
       29.31     0.999942     30150330     17246.32
       29.44     0.999945     30150430     18204.44
       29.82     0.999948     30150510     19275.29
       30.21     0.999951     30150600     20480.00
       30.34     0.999954     30150650     21845.33
       32.13     0.999957     30150960     23405.71
       32.13     0.999960     30150960     25206.15
       32.13     0.999963     30150960     27306.67
       32.26     0.999966     30151640     29789.09
       32.26     0.999969     30151640     32768.00
       32.26     0.999971     30151640     34492.63
       32.26     0.999973     30151640     36408.89
       32.26     0.999974     30151640     38550.59
       32.26     0.999976     30151640     40960.00
       32.26     0.999977     30151640     43690.67
       32.26     0.999979     30151640     46811.43
       32.26     0.999980     30151640     50412.31
       32.26     0.999982     30151640     54613.33
       32.26     0.999983     30151640     59578.18
       32.26     0.999985     30151640     65536.00
       32.26     0.999986     30151640     68985.26
       32.26     0.999986     30151640     72817.78
       32.26     0.999987     30151640     77101.18
       32.51     0.999988     30151670     81920.00
       32.64     0.999989     30151720     87381.33
       32.64     0.999989     30151720     93622.86
       33.02     0.999990     30151790    100824.62
       33.02     0.999991     30151790    109226.67
       33.02     0.999992     30151790    119156.36
       34.30     0.999992     30151870    131072.00
       34.30     0.999993     30151870    137970.53
       34.30     0.999993     30151870    145635.56
       34.30     0.999994     30151870    154202.35
       34.30     0.999994     30151870    163840.00
       34.30     0.999994     30151870    174762.67
       34.30     0.999995     30151870    187245.71
       36.35     0.999995     30151950    201649.23
       36.35     0.999995     30151950    218453.33
       36.35     0.999996     30151950    238312.73
       36.35     0.999996     30151950    262144.00
       36.35     0.999996     30151950    275941.05
       36.35     0.999997     30151950    291271.11
       36.35     0.999997     30151950    308404.71
       36.35     0.999997     30151950    327680.00
       36.35     0.999997     30151950    349525.33
       36.35     0.999997     30151950    374491.43
       40.19     0.999998     30151970    403298.46
       40.19     0.999998     30151970    436906.67
       40.19     0.999998     30151970    476625.45
       40.45     0.999998     30151990    524288.00
       40.45     0.999998     30151990    551882.11
       40.45     0.999998     30151990    582542.22
       40.45     0.999998     30151990    616809.41
       40.45     0.999998     30151990    655360.00
       40.45     0.999999     30151990    699050.67
       40.45     0.999999     30151990    748982.86
       40.70     0.999999     30152020    806596.92
       40.70     0.999999     30152020    873813.33
       40.70     0.999999     30152020    953250.91
       40.70     0.999999     30152020   1048576.00
       40.70     0.999999     30152020   1103764.21
       40.70     0.999999     30152020   1165084.44
       40.70     0.999999     30152020   1233618.82
       40.70     0.999999     30152020   1310720.00
       40.70     0.999999     30152020   1398101.33
       40.70     0.999999     30152020   1497965.71
       40.70     0.999999     30152020   1613193.85
       40.70     0.999999     30152020   1747626.67
       40.70     0.999999     30152020   1906501.82
       40.70     1.000000     30152020   2097152.00
       40.70     1.000000     30152020   2207528.42
       40.70     1.000000     30152020   2330168.89
       40.70     1.000000     30152020   2467237.65
       40.70     1.000000     30152020   2621440.00
       40.70     1.000000     30152020   2796202.67
       40.70     1.000000     30152020   2995931.43
       40.96     1.000000     30152030   3226387.69
       40.96     1.000000     30152030          inf
#[Mean    =        0.635, StdDeviation   =        0.765]
#[Max     =       40.959, Total count    =     30152030]
#[Buckets =           20, SubBuckets     =          256]
