       Value   Percentile   TotalCount 1/(1-Percentile)

        0.19     0.000000            3         1.00
        0.61     0.050000        21008         1.05
        0.63     0.100000        39945         1.11
        0.65     0.150000        58751         1.18
        0.66     0.200000        70621         1.25
        0.67     0.250000        98549         1.33
        0.68     0.300000       114474         1.43
        0.69     0.350000       131478         1.54
        0.69     0.400000       149523         1.67
        0.70     0.450000       167363         1.82
        0.71     0.500000       185746         2.00
        0.71     0.525000       185746         2.11
        0.72     0.550000       203715         2.22
        0.72     0.575000       203715         2.35
        0.73     0.600000       220618         2.50
        0.73     0.625000       220618         2.67
        0.73     0.650000       236261         2.86
        0.73     0.675000       236261         3.08
        0.74     0.700000       250933         3.33
        0.74     0.725000       250933         3.64
        0.75     0.750000       264069         4.00
        0.75     0.762500       264069         4.21
        0.75     0.775000       264069         4.44
        0.76     0.787500       275569         4.71
        0.76     0.800000       275569         5.00
        0.77     0.812500       285617         5.33
        0.77     0.825000       285617         5.71
        0.77     0.837500       285617         6.15
        0.78     0.850000       294515         6.67
        0.78     0.862500       294515         7.27
        0.78     0.875000       302320         8.00
        0.78     0.881250       302320         8.42
        0.78     0.887500       302320         8.89
        0.79     0.893750       308750         9.41
        0.79     0.900000       308750        10.00
        0.79     0.906250       308750        10.67
        0.80     0.912500       314204        11.43
        0.80     0.918750       314204        12.31
        0.80     0.925000       314204        13.33
        0.81     0.931250       318814        14.55
        0.81     0.937500       318814        16.00
        0.81     0.940625       322669        16.84
        0.81     0.943750       322669        17.78
        0.81     0.946875       322669        18.82
        0.81     0.950000       322669        20.00
        0.82     0.953125       325767        21.33
        0.82     0.956250       325767        22.86
        0.82     0.959375       325767        24.62
        0.83     0.962500       328377        26.67
        0.83     0.965625       328377        29.09
        0.84     0.968750       330504        32.00
        0.84     0.970313       330504        33.68
        0.84     0.971875       330504        35.56
        0.85     0.973437       332241        37.65
        0.85     0.975000       332241        40.00
        0.85     0.976562       332241        42.67
        0.85     0.978125       332241        45.71
        0.85     0.979688       333608        49.23
        0.85     0.981250       333608        53.33
        0.86     0.982812       334768        58.18
        0.86     0.984375       334768        64.00
        0.86     0.985156       334768        67.37
        0.86     0.985938       334768        71.11
        0.87     0.986719       335728        75.29
        0.87     0.987500       335728        80.00
        0.87     0.988281       335728        85.33
        0.88     0.989062       336416        91.43
        0.88     0.989844       336416        98.46
        0.88     0.990625       336416       106.67
        0.89     0.991406       337015       116.36
        0.89     0.992188       337015       128.00
        0.89     0.992578       337015       134.74
        0.90     0.992969       337532       142.22
        0.90     0.993359       337532       150.59
        0.90     0.993750       337532       160.00
        0.90     0.994141       337914       170.67
        0.90     0.994531       337914       182.86
        0.90     0.994922       337914       196.92
        0.91     0.995313       338197       213.33
        0.91     0.995703       338197       232.73
        0.92     0.996094       338420       256.00
        0.92     0.996289       338420       269.47
        0.92     0.996484       338420       284.44
        0.92     0.996680       338420       301.18
        0.93     0.996875       338610       320.00
        0.93     0.997070       338610       341.33
        0.93     0.997266       338610       365.71
        0.94     0.997461       338754       393.85
        0.94     0.997656       338754       426.67
        0.94     0.997852       338869       465.45
        0.95     0.998047       338955       512.00
        0.95     0.998145       338955       538.95
        0.95     0.998242       338955       568.89
        0.96     0.998340       339031       602.35
        0.96     0.998437       339031       640.00
        0.97     0.998535       339075       682.67
        0.97     0.998633       339075       731.43
        0.97     0.998730       339126       787.69
        0.98     0.998828       339161       853.33
        0.99     0.998926       339201       930.91
        1.00     0.999023       339222      1024.00
        1.00     0.999072       339222      1077.89
        1.01     0.999121       339238      1137.78
        1.01     0.999170       339255      1204.71
        1.03     0.999219       339275      1280.00
        1.04     0.999268       339289      1365.33
        1.05     0.999316       339308      1462.86
        1.07     0.999365       339327      1575.38
        1.09     0.999414       339341      1706.67
        1.10     0.999463       339352      1861.82
        1.12     0.999512       339374      2048.00
        1.13     0.999536       339381      2155.79
        1.14     0.999561       339390      2275.56
        1.14     0.999585       339402      2409.41
        1.14     0.999609       339402      2560.00
        1.15     0.999634       339410      2730.67
        1.17     0.999658       339420      2925.71
        1.18     0.999683       339429      3150.77
        1.20     0.999707       339440      3413.33
        1.21     0.999731       339450      3723.64
        1.22     0.999756       339452      4096.00
        1.22     0.999768       339461      4311.58
        1.22     0.999780       339461      4551.11
        1.23     0.999792       339465      4818.82
        1.24     0.999805       339470      5120.00
        1.25     0.999817       339473      5461.33
        1.26     0.999829       339480      5851.43
        1.27     0.999841       339482      6301.54
        1.28     0.999854       339488      6826.67
        1.29     0.999866       339490      7447.27
        1.29     0.999878       339494      8192.00
        1.30     0.999884       339495      8623.16
        1.31     0.999890       339497      9102.22
        1.32     0.999896       339500      9637.65
        1.33     0.999902       339502     10240.00
        1.33     0.999908       339505     10922.67
        1.33     0.999915       339505     11702.86
        1.38     0.999921       339508     12603.08
        1.79     0.999927       339510     13653.33
        3.23     0.999933       339512     14894.55
        3.29     0.999939       339514     16384.00
        3.54     0.999942       339515     17246.32
        3.63     0.999945       339516     18204.44
        3.65     0.999948       339517     19275.29
        3.79     0.999951       339518     20480.00
        3.81     0.999954       339519     21845.33
        3.82     0.999957       339520     23405.71
        3.85     0.999960       339521     25206.15
        3.95     0.999963       339522     27306.67
        4.29     0.999966       339523     29789.09
        4.48     0.999969       339524     32768.00
        4.67     0.999971       339525     34492.63
        4.67     0.999973       339525     36408.89
        4.77     0.999974       339527     38550.59
        4.77     0.999976       339527     40960.00
        4.77     0.999977       339527     43690.67
        4.77     0.999979       339527     46811.43
        4.93     0.999980       339528     50412.31
        4.93     0.999982       339528     54613.33
        5.21     0.999983       339530     59578.18
        5.21     0.999985       339530     65536.00
        5.21     0.999986       339530     68985.26
        5.21     0.999986       339530     72817.78
        5.21     0.999987       339530     77101.18
        5.21     0.999988       339530     81920.00
        5.25     0.999989       339531     87381.33
        5.25     0.999989       339531     93622.86
        5.25     0.999990       339531    100824.62
        5.25     0.999991       339531    109226.67
        5.28     0.999992       339532    119156.36
        5.28     0.999992       339532    131072.00
        5.28     0.999993       339532    137970.53
        5.28     0.999993       339532    145635.56
        5.28     0.999994       339532    154202.35
        5.28     0.999994       339532    163840.00
        5.31     0.999994       339533    174762.67
        5.31     0.999995       339533    187245.71
        5.31     0.999995       339533    201649.23
        5.31     0.999995       339533    218453.33
        5.31     0.999996       339533    238312.73
        5.31     0.999996       339533    262144.00
        5.31     0.999996       339533    275941.05
        5.31     0.999997       339533    291271.11
        5.31     0.999997       339533    308404.71
        5.31     0.999997       339533    327680.00
        5.38     0.999997       339534    349525.33
        5.38     1.000000       339534          inf
#[Mean    =        0.706, StdDeviation   =        0.075]
#[Max     =        5.375, Total count    =       339534]
#[Buckets =           20, SubBuckets     =          256]
