       Value   Percentile   TotalCount 1/(1-Percentile)

        0.06     0.000000           10         1.00
        0.17     0.050000       755405         1.05
        0.46     0.100000      1525255         1.11
        0.54     0.150000      2219980         1.18
        0.58     0.200000      3028640         1.25
        0.60     0.250000      3923010         1.33
        0.61     0.300000      4837490         1.43
        0.61     0.350000      5898145         1.54
        0.61     0.400000      5898145         1.67
        0.62     0.450000      6955855         1.82
        0.63     0.500000      7901375         2.00
        0.63     0.525000      7901375         2.11
        0.64     0.550000      8679840         2.22
        0.64     0.575000      8679840         2.35
        0.64     0.600000      8679840         2.50
        0.65     0.625000      9288740         2.67
        0.66     0.650000      9785815         2.86
        0.66     0.675000      9785815         3.08
        0.66     0.700000     10221630         3.33
        0.67     0.725000     10606495         3.64
        0.68     0.750000     10943345         4.00
        0.69     0.762500     11228330         4.21
        0.69     0.775000     11228330         4.44
        0.69     0.787500     11455395         4.71
        0.70     0.800000     11636595         5.00
        0.71     0.812500     11776850         5.33
        0.73     0.825000     11974615         5.71
        0.74     0.837500     12125400         6.15
        0.76     0.850000     12277840         6.67
        0.78     0.862500     12489420         7.27
        0.81     0.875000     12671490         8.00
        0.81     0.881250     12727820         8.42
        0.83     0.887500     12840855         8.89
        0.85     0.893750     12954015         9.41
        0.85     0.900000     13010060        10.00
        0.87     0.906250     13124150        10.67
        0.88     0.912500     13181755        11.43
        0.90     0.918750     13295370        12.31
        0.91     0.925000     13413415        13.33
        0.92     0.931250     13473985        14.55
        0.93     0.937500     13535505        16.00
        0.94     0.940625     13598860        16.84
        0.94     0.943750     13662330        17.78
        0.95     0.946875     13726275        18.82
        0.95     0.950000     13726275        20.00
        0.96     0.953125     13788785        21.33
        0.97     0.956250     13850740        22.86
        0.97     0.959375     13850740        24.62
        0.97     0.962500     13910460        26.67
        0.98     0.965625     13964785        29.09
        0.99     0.968750     14015790        32.00
        0.99     0.970313     14015790        33.68
        1.00     0.971875     14061910        35.56
        1.00     0.973437     14061910        37.65
        1.01     0.975000     14103925        40.00
        1.01     0.976562     14103925        42.67
        1.01     0.978125     14140175        45.71
        1.02     0.979688     14171165        49.23
        1.02     0.981250     14171165        53.33
        1.03     0.982812     14197110        58.18
        1.04     0.984375     14218945        64.00
        1.05     0.985156     14236015        67.37
        1.05     0.985938     14236015        71.11
        1.05     0.986719     14250220        75.29
        1.06     0.987500     14261405        80.00
        1.07     0.988281     14270020        85.33
        1.09     0.989062     14282695        91.43
        1.10     0.989844     14292000        98.46
        1.13     0.990625     14303035       106.67
        1.16     0.991406     14314185       116.36
        1.21     0.992188     14325705       128.00
        1.23     0.992578     14331210       134.74
        1.26     0.992969     14336475       142.22
        1.30     0.993359     14341065       150.59
        1.36     0.993750     14346735       160.00
        1.42     0.994141     14352695       170.67
        1.48     0.994531     14358065       182.86
        1.55     0.994922     14363695       196.92
        1.69     0.995313     14369505       213.33
        1.94     0.995703     14374915       232.73
        2.27     0.996094     14380800       256.00
        2.46     0.996289     14383595       269.47
        2.69     0.996484     14386425       284.44
        3.01     0.996680     14389105       301.18
        3.39     0.996875     14391925       320.00
        3.85     0.997070     14394700       341.33
        4.35     0.997266     14397565       365.71
        5.25     0.997461     14400370       393.85
        6.14     0.997656     14403215       426.67
        6.75     0.997852     14405965       465.45
        7.33     0.998047     14408890       512.00
        7.52     0.998145     14410200       538.95
        7.81     0.998242     14411570       568.89
        8.13     0.998340     14413025       602.35
        8.51     0.998437     14414465       640.00
        8.83     0.998535     14415985       682.67
        9.47     0.998633     14417290       731.43
       10.11     0.998730     14418685       787.69
       11.39     0.998828     14420070       853.33
       13.05     0.998926     14421530       930.91
       14.78     0.999023     14422905      1024.00
       15.94     0.999072     14423615      1077.89
       16.25     0.999121     14424455      1137.78
       16.51     0.999170     14425420      1204.71
       16.64     0.999219     14425670      1280.00
       17.15     0.999268     14426385      1365.33
       17.92     0.999316     14427125      1462.86
       19.07     0.999365     14427860      1575.38
       19.71     0.999414     14428500      1706.67
       20.22     0.999463     14429545      1861.82
       20.48     0.999512     14430015      2048.00
       20.73     0.999536     14430265      2155.79
       21.25     0.999561     14430635      2275.56
       21.76     0.999585     14430945      2409.41
       23.04     0.999609     14431365      2560.00
       24.06     0.999634     14431680      2730.67
       24.19     0.999658     14433425      2925.71
       24.19     0.999683     14433425      3150.77
       24.19     0.999707     14433425      3413.33
       24.19     0.999731     14433425      3723.64
       24.19     0.999756     14433425      4096.00
       24.32     0.999768     14434430      4311.58
       24.32     0.999780     14434430      4551.11
       24.32     0.999792     14434430      4818.82
       24.32     0.999805     14434430      5120.00
       24.32     0.999817     14434430      5461.33
       24.45     0.999829     14434575      5851.43
       24.57     0.999841     14434690      6301.54
       25.09     0.999854     14434835      6826.67
       26.37     0.999866     14435005      7447.27
       26.88     0.999878     14435175      8192.00
       27.26     0.999884     14435265      8623.16
       28.16     0.999890     14435625      9102.22
       28.16     0.999896     14435625      9637.65
       28.16     0.999902     14435625     10240.00
       28.16     0.999908     14435625     10922.67
       28.29     0.999915     14436140     11702.86
       28.29     0.999921     14436140     12603.08
       28.29     0.999927     14436140     13653.33
       28.29     0.999933     14436140     14894.55
       28.29     0.999939     14436140     16384.00
       28.29     0.999942     14436140     17246.32
       28.41     0.999945     14436210     18204.44
       28.41     0.999948     14436210     19275.29
       28.54     0.999951     14436275     20480.00
       28.54     0.999954     14436275     21845.33
       28.80     0.999957     14436345     23405.71
       29.18     0.999960     14436400     25206.15
       29.31     0.999963     14436410     27306.67
       29.82     0.999966     14436460     29789.09
       30.59     0.999969     14436500     32768.00
       31.49     0.999971     14436535     34492.63
       31.61     0.999973     14436540     36408.89
       32.26     0.999974     14436750     38550.59
       32.26     0.999976     14436750     40960.00
       32.26     0.999977     14436750     43690.67
       32.26     0.999979     14436750     46811.43
       32.26     0.999980     14436750     50412.31
       32.26     0.999982     14436750     54613.33
       32.26     0.999983     14436750     59578.18
       32.26     0.999985     14436750     65536.00
       32.26     0.999986     14436750     68985.26
       32.26     0.999986     14436750     72817.78
       32.26     0.999987     14436750     77101.18
       32.38     0.999988     14436760     81920.00
       32.51     0.999989     14436800     87381.33
       32.51     0.999989     14436800     93622.86
       32.51     0.999990     14436800    100824.62
       32.64     0.999991     14436810    109226.67
       32.77     0.999992     14436820    119156.36
       36.35     0.999992     14436870    131072.00
       36.35     0.999993     14436870    137970.53
       36.35     0.999993     14436870    145635.56
       36.35     0.999994     14436870    154202.35
       36.35     0.999994     14436870    163840.00
       36.35     0.999994     14436870    174762.67
       36.35     0.999995     14436870    187245.71
       36.35     0.999995     14436870    201649.23
       36.35     0.999995     14436870    218453.33
       36.61     0.999996     14436925    238312.73
       36.61     0.999996     14436925    262144.00
       36.61     0.999996     14436925    275941.05
       36.61     0.999997     14436925    291271.11
       36.61     0.999997     14436925    308404.71
       36.61     0.999997     14436925    327680.00
       36.61     0.999997     14436925    349525.33
       36.61     0.999997     14436925    374491.43
       36.61     0.999998     14436925    403298.46
       36.61     0.999998     14436925    436906.67
       36.61     0.999998     14436925    476625.45
       36.61     0.999998     14436925    524288.00
       36.61     0.999998     14436925    551882.11
       36.61     0.999998     14436925    582542.22
       36.61     0.999998     14436925    616809.41
       36.61     0.999998     14436925    655360.00
       36.61     0.999999     14436925    699050.67
       36.61     0.999999     14436925    748982.86
       36.61     0.999999     14436925    806596.92
       36.61     0.999999     14436925    873813.33
       36.61     0.999999     14436925    953250.91
       36.61     0.999999     14436925   1048576.00
       36.61     0.999999     14436925   1103764.21
       36.61     0.999999     14436925   1165084.44
       36.61     0.999999     14436925   1233618.82
       36.61     0.999999     14436925   1310720.00
       36.61     0.999999     14436925   1398101.33
       36.86     0.999999     14436935   1497965.71
       36.86     1.000000     14436935          inf
#[Mean    =        0.663, StdDeviation   =        0.764]
#[Max     =       36.863, Total count    =     14436935]
#[Buckets =           20, SubBuckets     =          256]
