       Value   Percentile   TotalCount 1/(1-Percentile)

        0.20     0.000000            1         1.00
        0.43     0.050000        24493         1.05
        0.46     0.100000        39943         1.11
        0.50     0.150000        59341         1.18
        0.54     0.200000        82469         1.25
        0.55     0.250000       104333         1.33
        0.56     0.300000       116559         1.43
        0.57     0.350000       139485         1.54
        0.59     0.400000       156497         1.67
        0.61     0.450000       174911         1.82
        0.63     0.500000       189710         2.00
        0.64     0.525000       199413         2.11
        0.65     0.550000       210409         2.22
        0.66     0.575000       222501         2.35
        0.66     0.600000       235235         2.50
        0.67     0.625000       247821         2.67
        0.67     0.650000       247821         2.86
        0.68     0.675000       260684         3.08
        0.69     0.700000       272849         3.33
        0.69     0.725000       283968         3.64
        0.69     0.750000       283968         4.00
        0.70     0.762500       293666         4.21
        0.70     0.775000       293666         4.44
        0.71     0.787500       301748         4.71
        0.72     0.800000       308094         5.00
        0.72     0.812500       308094         5.33
        0.73     0.825000       312923         5.71
        0.73     0.837500       316456         6.15
        0.76     0.850000       321967         6.67
        0.82     0.862500       326223         7.27
        0.85     0.875000       332392         8.00
        0.86     0.881250       335243         8.42
        0.86     0.887500       335243         8.89
        0.87     0.893750       338683         9.41
        0.88     0.900000       342673        10.00
        0.88     0.906250       342673        10.67
        0.89     0.912500       347071        11.43
        0.89     0.918750       347071        12.31
        0.90     0.925000       351744        13.33
        0.90     0.931250       356374        14.55
        0.90     0.937500       356374        16.00
        0.90     0.940625       356374        16.84
        0.91     0.943750       360832        17.78
        0.91     0.946875       360832        18.82
        0.91     0.950000       360832        20.00
        0.91     0.953125       360832        21.33
        0.92     0.956250       364891        22.86
        0.92     0.959375       364891        24.62
        0.92     0.962500       364891        26.67
        0.92     0.965625       364891        29.09
        0.93     0.968750       368427        32.00
        0.93     0.970313       368427        33.68
        0.93     0.971875       368427        35.56
        0.93     0.973437       368427        37.65
        0.93     0.975000       368427        40.00
        0.94     0.976562       371217        42.67
        0.94     0.978125       371217        45.71
        0.94     0.979688       371217        49.23
        0.94     0.981250       371217        53.33
        0.94     0.982812       373383        58.18
        0.94     0.984375       373383        64.00
        0.94     0.985156       373383        67.37
        0.94     0.985938       373383        71.11
        0.94     0.986719       373383        75.29
        0.94     0.987500       373383        80.00
        0.94     0.988281       373383        85.33
        0.95     0.989062       374932        91.43
        0.95     0.989844       374932        98.46
        0.95     0.990625       374932       106.67
        0.95     0.991406       374932       116.36
        0.95     0.992188       374932       128.00
        0.95     0.992578       374932       134.74
        0.96     0.992969       375959       142.22
        0.96     0.993359       375959       150.59
        0.96     0.993750       375959       160.00
        0.96     0.994141       375959       170.67
        0.96     0.994531       375959       182.86
        0.96     0.994922       375959       196.92
        0.96     0.995313       375959       213.33
        0.97     0.995703       376643       232.73
        0.97     0.996094       376643       256.00
        0.97     0.996289       376643       269.47
        0.97     0.996484       376643       284.44
        0.97     0.996680       376643       301.18
        0.97     0.996875       376643       320.00
        0.97     0.997070       376643       341.33
        0.97     0.997266       377052       365.71
        0.97     0.997461       377052       393.85
        0.97     0.997656       377052       426.67
        0.97     0.997852       377052       465.45
        0.97     0.998047       377052       512.00
        0.97     0.998145       377052       538.95
        0.98     0.998242       377315       568.89
        0.98     0.998340       377315       602.35
        0.98     0.998437       377315       640.00
        0.98     0.998535       377315       682.67
        0.98     0.998633       377315       731.43
        0.98     0.998730       377315       787.69
        0.98     0.998828       377315       853.33
        0.99     0.998926       377462       930.91
        0.99     0.999023       377462      1024.00
        0.99     0.999072       377462      1077.89
        0.99     0.999121       377462      1137.78
        0.99     0.999170       377462      1204.71
        0.99     0.999219       377462      1280.00
        0.99     0.999268       377462      1365.33
        1.00     0.999316       377541      1462.86
        1.00     0.999365       377541      1575.38
        1.00     0.999414       377541      1706.67
        1.00     0.999463       377541      1861.82
        1.01     0.999512       377586      2048.00
        1.01     0.999536       377586      2155.79
        1.01     0.999561       377586      2275.56
        1.01     0.999585       377586      2409.41
        1.01     0.999609       377586      2560.00
        1.01     0.999634       377626      2730.67
        1.01     0.999658       377626      2925.71
        1.01     0.999683       377626      3150.77
        1.01     0.999707       377626      3413.33
        1.01     0.999731       377626      3723.64
        1.02     0.999756       377643      4096.00
        1.02     0.999768       377643      4311.58
        1.03     0.999780       377652      4551.11
        1.03     0.999792       377652      4818.82
        1.04     0.999805       377656      5120.00
        1.05     0.999817       377663      5461.33
        1.05     0.999829       377663      5851.43
        1.05     0.999841       377671      6301.54
        1.05     0.999854       377671      6826.67
        1.07     0.999866       377677      7447.27
        1.08     0.999878       377684      8192.00
        1.08     0.999884       377684      8623.16
        1.09     0.999890       377686      9102.22
        1.09     0.999896       377694      9637.65
        1.09     0.999902       377694     10240.00
        1.09     0.999908       377694     10922.67
        1.09     0.999915       377694     11702.86
        1.10     0.999921       377698     12603.08
        1.12     0.999927       377700     13653.33
        1.13     0.999933       377702     14894.55
        1.14     0.999939       377703     16384.00
        1.15     0.999942       377705     17246.32
        1.16     0.999945       377706     18204.44
        1.18     0.999948       377708     19275.29
        1.18     0.999951       377708     20480.00
        1.18     0.999954       377709     21845.33
        1.20     0.999957       377710     23405.71
        1.25     0.999960       377714     25206.15
        1.25     0.999963       377714     27306.67
        1.25     0.999966       377714     29789.09
        1.27     0.999969       377716     32768.00
        1.27     0.999971       377716     34492.63
        1.27     0.999973       377716     36408.89
        1.29     0.999974       377717     38550.59
        1.29     0.999976       377717     40960.00
        1.31     0.999977       377718     43690.67
        1.31     0.999979       377718     46811.43
        1.33     0.999980       377719     50412.31
        1.41     0.999982       377721     54613.33
        1.41     0.999983       377721     59578.18
        1.41     0.999985       377721     65536.00
        1.41     0.999986       377721     68985.26
        1.41     0.999986       377721     72817.78
        1.57     0.999987       377722     77101.18
        1.57     0.999988       377722     81920.00
        1.57     0.999989       377722     87381.33
        1.57     0.999989       377722     93622.86
        4.13     0.999990       377723    100824.62
        4.13     0.999991       377723    109226.67
        4.13     0.999992       377723    119156.36
        4.38     0.999992       377724    131072.00
        4.38     0.999993       377724    137970.53
        4.38     0.999993       377724    145635.56
        4.38     0.999994       377724    154202.35
        4.38     0.999994       377724    163840.00
        4.38     0.999994       377724    174762.67
        4.38     0.999995       377724    187245.71
        4.45     0.999995       377725    201649.23
        4.45     0.999995       377725    218453.33
        4.45     0.999996       377725    238312.73
        4.45     0.999996       377725    262144.00
        4.45     0.999996       377725    275941.05
        4.45     0.999997       377725    291271.11
        4.45     0.999997       377725    308404.71
        4.45     0.999997       377725    327680.00
        4.45     0.999997       377725    349525.33
        4.45     0.999997       377725    374491.43
        4.86     0.999998       377726    403298.46
        4.86     1.000000       377726          inf
#[Mean    =        0.635, StdDeviation   =        0.138]
#[Max     =        4.863, Total count    =       377726]
#[Buckets =           20, SubBuckets     =          256]
