       Value   Percentile   TotalCount 1/(1-Percentile)

        0.17     0.000000            1         1.00
        0.31     0.050000        28608         1.05
        0.34     0.100000        61252         1.11
        0.36     0.150000        85973         1.18
        0.38     0.200000       115328         1.25
        0.38     0.250000       131477         1.33
        0.40     0.300000       166479         1.43
        0.41     0.350000       184233         1.54
        0.42     0.400000       216685         1.67
        0.44     0.450000       245347         1.82
        0.46     0.500000       271573         2.00
        0.46     0.525000       284927         2.11
        0.47     0.550000       298604         2.22
        0.48     0.575000       312911         2.35
        0.49     0.600000       327269         2.50
        0.49     0.625000       327269         2.67
        0.49     0.650000       341159         2.86
        0.50     0.675000       354554         3.08
        0.51     0.700000       367899         3.33
        0.52     0.725000       381158         3.64
        0.53     0.750000       394287         4.00
        0.54     0.762500       406913         4.21
        0.54     0.775000       406913         4.44
        0.54     0.787500       418665         4.71
        0.54     0.800000       418665         5.00
        0.55     0.812500       429349         5.33
        0.56     0.825000       439025         5.71
        0.56     0.837500       439025         6.15
        0.57     0.850000       447907         6.67
        0.57     0.862500       455988         7.27
        0.58     0.875000       463141         8.00
        0.58     0.881250       463141         8.42
        0.59     0.887500       469444         8.89
        0.59     0.893750       469444         9.41
        0.60     0.900000       474959        10.00
        0.60     0.906250       474959        10.67
        0.61     0.912500       479621        11.43
        0.61     0.918750       479621        12.31
        0.61     0.925000       483606        13.33
        0.62     0.931250       487317        14.55
        0.63     0.937500       490693        16.00
        0.64     0.940625       493978        16.84
        0.64     0.943750       493978        17.78
        0.65     0.946875       497125        18.82
        0.65     0.950000       497125        20.00
        0.66     0.953125       500094        21.33
        0.66     0.956250       500094        22.86
        0.66     0.959375       502835        24.62
        0.66     0.962500       502835        26.67
        0.67     0.965625       505435        29.09
        0.68     0.968750       507895        32.00
        0.68     0.970313       507895        33.68
        0.68     0.971875       507895        35.56
        0.69     0.973437       510194        37.65
        0.69     0.975000       510194        40.00
        0.69     0.976562       510194        42.67
        0.69     0.978125       512286        45.71
        0.69     0.979688       512286        49.23
        0.69     0.981250       512286        53.33
        0.70     0.982812       514196        58.18
        0.70     0.984375       514196        64.00
        0.71     0.985156       515986        67.37
        0.71     0.985938       515986        71.11
        0.71     0.986719       515986        75.29
        0.71     0.987500       515986        80.00
        0.71     0.988281       515986        85.33
        0.72     0.989062       517435        91.43
        0.72     0.989844       517435        98.46
        0.72     0.990625       517435       106.67
        0.73     0.991406       518673       116.36
        0.73     0.992188       518673       128.00
        0.73     0.992578       518673       134.74
        0.73     0.992969       518673       142.22
        0.73     0.993359       518673       150.59
        0.73     0.993750       519569       160.00
        0.73     0.994141       519569       170.67
        0.73     0.994531       519569       182.86
        0.73     0.994922       519569       196.92
        0.73     0.995313       519569       213.33
        0.74     0.995703       520233       232.73
        0.74     0.996094       520233       256.00
        0.74     0.996289       520233       269.47
        0.74     0.996484       520233       284.44
        0.75     0.996680       520724       301.18
        0.75     0.996875       520724       320.00
        0.75     0.997070       520724       341.33
        0.75     0.997266       520724       365.71
        0.75     0.997461       520724       393.85
        0.76     0.997656       521063       426.67
        0.76     0.997852       521063       465.45
        0.76     0.998047       521063       512.00
        0.76     0.998145       521063       538.95
        0.77     0.998242       521281       568.89
        0.77     0.998340       521281       602.35
        0.77     0.998437       521281       640.00
        0.77     0.998535       521281       682.67
        0.78     0.998633       521409       731.43
        0.78     0.998730       521409       787.69
        0.78     0.998828       521409       853.33
        0.78     0.998926       521513       930.91
        0.78     0.999023       521513      1024.00
        0.79     0.999072       521562      1077.89
        0.79     0.999121       521562      1137.78
        0.80     0.999170       521592      1204.71
        0.81     0.999219       521630      1280.00
        0.81     0.999268       521630      1365.33
        0.81     0.999316       521650      1462.86
        0.83     0.999365       521677      1575.38
        0.86     0.999414       521706      1706.67
        0.89     0.999463       521730      1861.82
        0.90     0.999512       521752      2048.00
        0.92     0.999536       521770      2155.79
        0.93     0.999561       521778      2275.56
        0.94     0.999585       521795      2409.41
        0.95     0.999609       521810      2560.00
        0.96     0.999634       521818      2730.67
        0.97     0.999658       521838      2925.71
        0.98     0.999683       521852      3150.77
        0.99     0.999707       521861      3413.33
        1.00     0.999731       521867      3723.64
        1.01     0.999756       521878      4096.00
        1.01     0.999768       521888      4311.58
        1.02     0.999780       521895      4551.11
        1.03     0.999792       521902      4818.82
        1.04     0.999805       521904      5120.00
        1.05     0.999817       521910      5461.33
        1.07     0.999829       521917      5851.43
        1.09     0.999841       521926      6301.54
        1.09     0.999854       521929      6826.67
        1.11     0.999866       521936      7447.27
        1.13     0.999878       521943      8192.00
        1.14     0.999884       521948      8623.16
        1.14     0.999890       521948      9102.22
        1.15     0.999896       521951      9637.65
        1.17     0.999902       521957     10240.00
        1.18     0.999908       521958     10922.67
        1.18     0.999915       521961     11702.86
        1.19     0.999921       521964     12603.08
        1.22     0.999927       521969     13653.33
        1.22     0.999933       521970     14894.55
        1.25     0.999939       521975     16384.00
        1.25     0.999942       521975     17246.32
        1.25     0.999945       521977     18204.44
        1.26     0.999948       521980     19275.29
        1.26     0.999951       521980     20480.00
        1.27     0.999954       521985     21845.33
        1.27     0.999957       521985     23405.71
        1.27     0.999960       521985     25206.15
        1.28     0.999963       521987     27306.67
        1.29     0.999966       521990     29789.09
        1.29     0.999969       521990     32768.00
        1.29     0.999971       521990     34492.63
        1.29     0.999973       521992     36408.89
        1.29     0.999974       521992     38550.59
        1.30     0.999976       521994     40960.00
        1.30     0.999977       521994     43690.67
        1.30     0.999979       521994     46811.43
        1.31     0.999980       521995     50412.31
        1.32     0.999982       521997     54613.33
        1.32     0.999983       521997     59578.18
        1.33     0.999985       521998     65536.00
        1.33     0.999986       521998     68985.26
        1.33     0.999986       521998     72817.78
        1.33     0.999987       522000     77101.18
        1.33     0.999988       522000     81920.00
        1.33     0.999989       522000     87381.33
        1.33     0.999989       522000     93622.86
        1.33     0.999990       522000    100824.62
        1.37     0.999991       522001    109226.67
        1.37     0.999992       522001    119156.36
        1.38     0.999992       522003    131072.00
        1.38     0.999993       522003    137970.53
        1.38     0.999993       522003    145635.56
        1.38     0.999994       522003    154202.35
        1.38     0.999994       522003    163840.00
        1.38     0.999994       522003    174762.67
        1.38     0.999995       522003    187245.71
        1.38     0.999995       522003    201649.23
        1.38     0.999995       522003    218453.33
        1.38     0.999996       522003    238312.73
        1.40     0.999996       522004    262144.00
        1.40     0.999996       522004    275941.05
        1.40     0.999997       522004    291271.11
        1.40     0.999997       522004    308404.71
        1.40     0.999997       522004    327680.00
        1.40     0.999997       522004    349525.33
        1.40     0.999997       522004    374491.43
        1.40     0.999998       522004    403298.46
        1.40     0.999998       522004    436906.67
        1.40     0.999998       522004    476625.45
        1.43     0.999998       522005    524288.00
        1.43     1.000000       522005          inf
#[Mean    =        0.459, StdDeviation   =        0.102]
#[Max     =        1.431, Total count    =       522005]
#[Buckets =           20, SubBuckets     =          256]
