       Value   Percentile   TotalCount 1/(1-Percentile)

        0.16     0.000000            3         1.00
        0.33     0.050000        25396         1.05
        0.34     0.100000        55985         1.11
        0.37     0.150000        75274         1.18
        0.41     0.200000       111981         1.25
        0.42     0.250000       129910         1.33
        0.43     0.300000       148494         1.43
        0.45     0.350000       185434         1.54
        0.46     0.400000       201513         1.67
        0.47     0.450000       221024         1.82
        0.49     0.500000       261249         2.00
        0.49     0.525000       261249         2.11
        0.50     0.550000       283901         2.22
        0.50     0.575000       283901         2.35
        0.51     0.600000       308789         2.50
        0.51     0.625000       308789         2.67
        0.52     0.650000       335444         2.86
        0.52     0.675000       335444         3.08
        0.53     0.700000       362580         3.33
        0.53     0.725000       362580         3.64
        0.54     0.750000       386860         4.00
        0.54     0.762500       386860         4.21
        0.54     0.775000       386860         4.44
        0.54     0.787500       386860         4.71
        0.54     0.800000       404227         5.00
        0.54     0.812500       404227         5.33
        0.55     0.825000       414051         5.71
        0.55     0.837500       414051         6.15
        0.56     0.850000       418453         6.67
        0.66     0.862500       422939         7.27
        0.69     0.875000       431153         8.00
        0.69     0.881250       437999         8.42
        0.69     0.887500       437999         8.89
        0.70     0.893750       447611         9.41
        0.70     0.900000       447611        10.00
        0.70     0.906250       447611        10.67
        0.70     0.912500       447611        11.43
        0.71     0.918750       458872        12.31
        0.71     0.925000       458872        13.33
        0.71     0.931250       458872        14.55
        0.72     0.937500       469554        16.00
        0.72     0.940625       469554        16.84
        0.72     0.943750       469554        17.78
        0.72     0.946875       469554        18.82
        0.72     0.950000       469554        20.00
        0.72     0.953125       469554        21.33
        0.72     0.956250       469554        22.86
        0.73     0.959375       478077        24.62
        0.73     0.962500       478077        26.67
        0.73     0.965625       478077        29.09
        0.73     0.968750       478077        32.00
        0.73     0.970313       478077        33.68
        0.73     0.971875       478077        35.56
        0.73     0.973437       478077        37.65
        0.73     0.975000       478077        40.00
        0.73     0.976562       483973        42.67
        0.73     0.978125       483973        45.71
        0.73     0.979688       483973        49.23
        0.73     0.981250       483973        53.33
        0.73     0.982812       483973        58.18
        0.73     0.984375       483973        64.00
        0.73     0.985156       483973        67.37
        0.73     0.985938       483973        71.11
        0.73     0.986719       483973        75.29
        0.74     0.987500       487388        80.00
        0.74     0.988281       487388        85.33
        0.74     0.989062       487388        91.43
        0.74     0.989844       487388        98.46
        0.74     0.990625       487388       106.67
        0.74     0.991406       487388       116.36
        0.74     0.992188       487388       128.00
        0.74     0.992578       487388       134.74
        0.74     0.992969       487388       142.22
        0.74     0.993359       487388       150.59
        0.74     0.993750       487388       160.00
        0.75     0.994141       489074       170.67
        0.75     0.994531       489074       182.86
        0.75     0.994922       489074       196.92
        0.75     0.995313       489074       213.33
        0.75     0.995703       489074       232.73
        0.75     0.996094       489074       256.00
        0.75     0.996289       489074       269.47
        0.75     0.996484       489074       284.44
        0.75     0.996680       489074       301.18
        0.75     0.996875       489074       320.00
        0.75     0.997070       489074       341.33
        0.75     0.997266       489074       365.71
        0.76     0.997461       489815       393.85
        0.76     0.997656       489815       426.67
        0.76     0.997852       489815       465.45
        0.76     0.998047       489815       512.00
        0.76     0.998145       489815       538.95
        0.76     0.998242       489815       568.89
        0.76     0.998340       489815       602.35
        0.76     0.998437       489815       640.00
        0.76     0.998535       489815       682.67
        0.76     0.998633       489815       731.43
        0.76     0.998730       489815       787.69
        0.76     0.998828       489815       853.33
        0.76     0.998926       489815       930.91
        0.77     0.999023       490104      1024.00
        0.77     0.999072       490104      1077.89
        0.77     0.999121       490104      1137.78
        0.77     0.999170       490104      1204.71
        0.77     0.999219       490104      1280.00
        0.77     0.999268       490104      1365.33
        0.77     0.999316       490104      1462.86
        0.77     0.999365       490104      1575.38
        0.77     0.999414       490104      1706.67
        0.77     0.999463       490104      1861.82
        0.77     0.999512       490104      2048.00
        0.77     0.999536       490104      2155.79
        0.78     0.999561       490209      2275.56
        0.78     0.999585       490209      2409.41
        0.78     0.999609       490209      2560.00
        0.78     0.999634       490209      2730.67
        0.78     0.999658       490209      2925.71
        0.78     0.999683       490209      3150.77
        0.78     0.999707       490209      3413.33
        0.78     0.999731       490209      3723.64
        0.78     0.999756       490209      4096.00
        0.78     0.999768       490209      4311.58
        0.78     0.999780       490238      4551.11
        0.78     0.999792       490238      4818.82
        0.78     0.999805       490238      5120.00
        0.78     0.999817       490238      5461.33
        0.78     0.999829       490238      5851.43
        0.79     0.999841       490256      6301.54
        0.79     0.999854       490256      6826.67
        0.79     0.999866       490256      7447.27
        0.80     0.999878       490268      8192.00
        0.80     0.999884       490268      8623.16
        0.80     0.999890       490268      9102.22
        0.81     0.999896       490275      9637.65
        0.81     0.999902       490275     10240.00
        0.81     0.999908       490281     10922.67
        0.81     0.999915       490281     11702.86
        0.82     0.999921       490286     12603.08
        0.82     0.999927       490286     13653.33
        0.84     0.999933       490291     14894.55
        0.85     0.999939       490294     16384.00
        0.85     0.999942       490294     17246.32
        0.86     0.999945       490299     18204.44
        0.86     0.999948       490299     19275.29
        0.86     0.999951       490299     20480.00
        0.86     0.999954       490299     21845.33
        0.87     0.999957       490302     23405.71
        0.87     0.999960       490302     25206.15
        0.96     0.999963       490304     27306.67
        0.98     0.999966       490306     29789.09
        1.01     0.999969       490307     32768.00
        1.01     0.999971       490307     34492.63
        1.04     0.999973       490309     36408.89
        1.04     0.999974       490309     38550.59
        1.05     0.999976       490310     40960.00
        1.05     0.999977       490310     43690.67
        1.06     0.999979       490311     46811.43
        1.12     0.999980       490312     50412.31
        1.20     0.999982       490313     54613.33
        1.20     0.999983       490313     59578.18
        1.42     0.999985       490314     65536.00
        1.42     0.999986       490314     68985.26
        1.57     0.999986       490315     72817.78
        1.57     0.999987       490315     77101.18
        1.73     0.999988       490316     81920.00
        1.73     0.999989       490316     87381.33
        1.73     0.999989       490316     93622.86
        1.77     0.999990       490317    100824.62
        1.77     0.999991       490317    109226.67
        1.77     0.999992       490317    119156.36
        6.21     0.999992       490318    131072.00
        6.21     0.999993       490318    137970.53
        6.21     0.999993       490318    145635.56
        6.21     0.999994       490318    154202.35
        6.37     0.999994       490319    163840.00
        6.37     0.999994       490319    174762.67
        6.37     0.999995       490319    187245.71
        6.37     0.999995       490319    201649.23
        6.37     0.999995       490319    218453.33
        6.37     0.999996       490319    238312.73
        6.43     0.999996       490320    262144.00
        6.43     0.999996       490320    275941.05
        6.43     0.999997       490320    291271.11
        6.43     0.999997       490320    308404.71
        6.43     0.999997       490320    327680.00
        6.43     0.999997       490320    349525.33
        6.43     0.999997       490320    374491.43
        6.43     0.999998       490320    403298.46
        6.43     0.999998       490320    436906.67
        6.43     0.999998       490320    476625.45
        6.56     0.999998       490321    524288.00
        6.56     1.000000       490321          inf
#[Mean    =        0.489, StdDeviation   =        0.113]
#[Max     =        6.559, Total count    =       490321]
#[Buckets =           20, SubBuckets     =          256]
