       Value   Percentile   TotalCount 1/(1-Percentile)

        0.27     0.000000            3         1.00
        0.47     0.050000        19459         1.05
        0.50     0.100000        36676         1.11
        0.55     0.150000        52770         1.18
        0.59     0.200000        75568         1.25
        0.61     0.250000        93837         1.33
        0.61     0.300000       104158         1.43
        0.63     0.350000       123658         1.54
        0.65     0.400000       138521         1.67
        0.67     0.450000       154287         1.82
        0.69     0.500000       171957         2.00
        0.71     0.525000       188675         2.11
        0.71     0.550000       188675         2.22
        0.72     0.575000       198587         2.35
        0.73     0.600000       208980         2.50
        0.73     0.625000       219536         2.67
        0.74     0.650000       230186         2.86
        0.75     0.675000       240617         3.08
        0.75     0.700000       240617         3.33
        0.76     0.725000       250392         3.64
        0.77     0.750000       259360         4.00
        0.78     0.762500       267205         4.21
        0.78     0.775000       267205         4.44
        0.78     0.787500       273907         4.71
        0.79     0.800000       279287         5.00
        0.79     0.812500       279287         5.33
        0.80     0.825000       283523         5.71
        0.81     0.837500       289159         6.15
        0.83     0.850000       291844         6.67
        0.91     0.862500       295961         7.27
        0.94     0.875000       301325         8.00
        0.95     0.881250       303773         8.42
        0.96     0.887500       306670         8.89
        0.96     0.893750       306670         9.41
        0.97     0.900000       309981        10.00
        0.97     0.906250       313723        10.67
        0.97     0.912500       313723        11.43
        0.98     0.918750       317584        12.31
        0.98     0.925000       317584        13.33
        0.99     0.931250       321462        14.55
        0.99     0.937500       321462        16.00
        1.00     0.940625       325265        16.84
        1.00     0.943750       325265        17.78
        1.00     0.946875       325265        18.82
        1.01     0.950000       328979        20.00
        1.01     0.953125       328979        21.33
        1.01     0.956250       328979        22.86
        1.01     0.959375       328979        24.62
        1.01     0.962500       332187        26.67
        1.01     0.965625       332187        29.09
        1.01     0.968750       332187        32.00
        1.02     0.970313       334983        33.68
        1.02     0.971875       334983        35.56
        1.02     0.973437       334983        37.65
        1.02     0.975000       334983        40.00
        1.02     0.976562       334983        42.67
        1.03     0.978125       337206        45.71
        1.03     0.979688       337206        49.23
        1.03     0.981250       337206        53.33
        1.03     0.982812       337206        58.18
        1.04     0.984375       338887        64.00
        1.04     0.985156       338887        67.37
        1.04     0.985938       338887        71.11
        1.04     0.986719       338887        75.29
        1.04     0.987500       338887        80.00
        1.04     0.988281       338887        85.33
        1.05     0.989062       340102        91.43
        1.05     0.989844       340102        98.46
        1.05     0.990625       340102       106.67
        1.05     0.991406       340102       116.36
        1.05     0.992188       340102       128.00
        1.05     0.992578       340987       134.74
        1.05     0.992969       340987       142.22
        1.05     0.993359       340987       150.59
        1.05     0.993750       340987       160.00
        1.05     0.994141       340987       170.67
        1.05     0.994531       340987       182.86
        1.05     0.994922       340987       196.92
        1.06     0.995313       341507       213.33
        1.06     0.995703       341507       232.73
        1.06     0.996094       341507       256.00
        1.06     0.996289       341507       269.47
        1.06     0.996484       341507       284.44
        1.07     0.996680       341860       301.18
        1.07     0.996875       341860       320.00
        1.07     0.997070       341860       341.33
        1.07     0.997266       341860       365.71
        1.07     0.997461       341860       393.85
        1.08     0.997656       342092       426.67
        1.08     0.997852       342092       465.45
        1.08     0.998047       342092       512.00
        1.08     0.998145       342092       538.95
        1.09     0.998242       342243       568.89
        1.09     0.998340       342243       602.35
        1.09     0.998437       342243       640.00
        1.09     0.998535       342243       682.67
        1.09     0.998633       342243       731.43
        1.09     0.998730       342328       787.69
        1.09     0.998828       342328       853.33
        1.10     0.998926       342394       930.91
        1.10     0.999023       342394      1024.00
        1.10     0.999072       342394      1077.89
        1.11     0.999121       342430      1137.78
        1.11     0.999170       342430      1204.71
        1.12     0.999219       342459      1280.00
        1.12     0.999268       342459      1365.33
        1.13     0.999316       342474      1462.86
        1.14     0.999365       342488      1575.38
        1.14     0.999414       342499      1706.67
        1.17     0.999463       342514      1861.82
        1.21     0.999512       342538      2048.00
        1.22     0.999536       342541      2155.79
        1.22     0.999561       342548      2275.56
        1.23     0.999585       342557      2409.41
        1.25     0.999609       342573      2560.00
        1.25     0.999634       342573      2730.67
        1.26     0.999658       342584      2925.71
        1.27     0.999683       342591      3150.77
        1.29     0.999707       342603      3413.33
        1.29     0.999731       342612      3723.64
        1.30     0.999756       342615      4096.00
        1.31     0.999768       342619      4311.58
        1.32     0.999780       342623      4551.11
        1.33     0.999792       342627      4818.82
        1.34     0.999805       342632      5120.00
        1.35     0.999817       342636      5461.33
        1.38     0.999829       342642      5851.43
        1.39     0.999841       342647      6301.54
        1.40     0.999854       342650      6826.67
        1.42     0.999866       342652      7447.27
        1.46     0.999878       342657      8192.00
        1.48     0.999884       342659      8623.16
        1.50     0.999890       342661      9102.22
        1.53     0.999896       342663      9637.65
        1.54     0.999902       342666     10240.00
        1.56     0.999908       342668     10922.67
        1.60     0.999915       342669     11702.86
        1.61     0.999921       342672     12603.08
        1.63     0.999927       342673     13653.33
        1.65     0.999933       342675     14894.55
        1.72     0.999939       342678     16384.00
        1.77     0.999942       342679     17246.32
        1.82     0.999945       342680     18204.44
        1.85     0.999948       342681     19275.29
        1.88     0.999951       342682     20480.00
        1.91     0.999954       342683     21845.33
        1.95     0.999957       342684     23405.71
        2.01     0.999960       342685     25206.15
        2.14     0.999963       342686     27306.67
        2.29     0.999966       342687     29789.09
        2.40     0.999969       342688     32768.00
        2.50     0.999971       342689     34492.63
        2.50     0.999973       342689     36408.89
        2.62     0.999974       342690     38550.59
        2.62     0.999976       342690     40960.00
        2.77     0.999977       342691     43690.67
        2.77     0.999979       342691     46811.43
        3.01     0.999980       342692     50412.31
        3.01     0.999982       342692     54613.33
        3.04     0.999983       342693     59578.18
        3.04     0.999985       342693     65536.00
        3.23     0.999986       342694     68985.26
        3.23     0.999986       342694     72817.78
        3.23     0.999987       342694     77101.18
        3.23     0.999988       342694     81920.00
        3.36     0.999989       342695     87381.33
        3.36     0.999989       342695     93622.86
        3.36     0.999990       342695    100824.62
        3.36     0.999991       342695    109226.67
        3.50     0.999992       342696    119156.36
        3.50     0.999992       342696    131072.00
        3.50     0.999993       342696    137970.53
        3.50     0.999993       342696    145635.56
        3.50     0.999994       342696    154202.35
        3.50     0.999994       342696    163840.00
        3.76     0.999994       342697    174762.67
        3.76     0.999995       342697    187245.71
        3.76     0.999995       342697    201649.23
        3.76     0.999995       342697    218453.33
        3.76     0.999996       342697    238312.73
        3.76     0.999996       342697    262144.00
        3.76     0.999996       342697    275941.05
        3.76     0.999997       342697    291271.11
        3.76     0.999997       342697    308404.71
        3.76     0.999997       342697    327680.00
        3.97     0.999997       342698    349525.33
        3.97     1.000000       342698          inf
#[Mean    =        0.699, StdDeviation   =        0.152]
#[Max     =        3.967, Total count    =       342698]
#[Buckets =           20, SubBuckets     =          256]
