       Value   Percentile   TotalCount 1/(1-Percentile)

        0.14     0.000000            1         1.00
        0.21     0.050000        69692         1.05
        0.21     0.100000        97279         1.11
        0.23     0.150000       119286         1.18
        0.26     0.200000       172052         1.25
        0.26     0.250000       206129         1.33
        0.28     0.300000       256331         1.43
        0.29     0.350000       293757         1.54
        0.29     0.400000       328524         1.67
        0.30     0.450000       354047         1.82
        0.31     0.500000       392790         2.00
        0.32     0.525000       452097         2.11
        0.32     0.550000       452097         2.22
        0.32     0.575000       452097         2.35
        0.33     0.600000       510159         2.50
        0.33     0.625000       510159         2.67
        0.33     0.650000       510159         2.86
        0.34     0.675000       555427         3.08
        0.34     0.700000       555427         3.33
        0.34     0.725000       596560         3.64
        0.34     0.750000       596560         4.00
        0.34     0.762500       596560         4.21
        0.35     0.775000       629337         4.44
        0.35     0.787500       629337         4.71
        0.35     0.800000       629337         5.00
        0.35     0.812500       629337         5.33
        0.36     0.825000       647023         5.71
        0.36     0.837500       647023         6.15
        0.38     0.850000       658696         6.67
        0.41     0.862500       666458         7.27
        0.44     0.875000       683741         8.00
        0.44     0.881250       683741         8.42
        0.45     0.887500       700890         8.89
        0.45     0.893750       700890         9.41
        0.45     0.900000       700890        10.00
        0.45     0.906250       700890        10.67
        0.46     0.912500       725194        11.43
        0.46     0.918750       725194        12.31
        0.46     0.925000       725194        13.33
        0.46     0.931250       725194        14.55
        0.46     0.937500       725194        16.00
        0.46     0.940625       748335        16.84
        0.46     0.943750       748335        17.78
        0.46     0.946875       748335        18.82
        0.46     0.950000       748335        20.00
        0.46     0.953125       748335        21.33
        0.46     0.956250       748335        22.86
        0.46     0.959375       748335        24.62
        0.46     0.962500       748335        26.67
        0.46     0.965625       748335        29.09
        0.46     0.968750       748335        32.00
        0.47     0.970313       762763        33.68
        0.47     0.971875       762763        35.56
        0.47     0.973437       762763        37.65
        0.47     0.975000       762763        40.00
        0.47     0.976562       762763        42.67
        0.47     0.978125       762763        45.71
        0.47     0.979688       762763        49.23
        0.47     0.981250       762763        53.33
        0.47     0.982812       762763        58.18
        0.47     0.984375       762763        64.00
        0.47     0.985156       762763        67.37
        0.47     0.985938       762763        71.11
        0.47     0.986719       762763        75.29
        0.47     0.987500       762763        80.00
        0.47     0.988281       762763        85.33
        0.48     0.989062       768634        91.43
        0.48     0.989844       768634        98.46
        0.48     0.990625       768634       106.67
        0.48     0.991406       768634       116.36
        0.48     0.992188       768634       128.00
        0.48     0.992578       768634       134.74
        0.48     0.992969       768634       142.22
        0.48     0.993359       768634       150.59
        0.48     0.993750       768634       160.00
        0.48     0.994141       768634       170.67
        0.48     0.994531       768634       182.86
        0.48     0.994922       768634       196.92
        0.48     0.995313       768634       213.33
        0.48     0.995703       768634       232.73
        0.49     0.996094       770519       256.00
        0.49     0.996289       770519       269.47
        0.49     0.996484       770519       284.44
        0.49     0.996680       770519       301.18
        0.49     0.996875       770519       320.00
        0.49     0.997070       770519       341.33
        0.49     0.997266       770519       365.71
        0.49     0.997461       770519       393.85
        0.49     0.997656       770519       426.67
        0.49     0.997852       770519       465.45
        0.49     0.998047       770519       512.00
        0.49     0.998145       770519       538.95
        0.49     0.998242       770519       568.89
        0.49     0.998340       770519       602.35
        0.49     0.998437       770519       640.00
        0.49     0.998535       771044       682.67
        0.49     0.998633       771044       731.43
        0.49     0.998730       771044       787.69
        0.49     0.998828       771044       853.33
        0.49     0.998926       771044       930.91
        0.49     0.999023       771044      1024.00
        0.49     0.999072       771044      1077.89
        0.49     0.999121       771044      1137.78
        0.50     0.999170       771263      1204.71
        0.50     0.999219       771263      1280.00
        0.50     0.999268       771263      1365.33
        0.50     0.999316       771263      1462.86
        0.50     0.999365       771263      1575.38
        0.50     0.999414       771263      1706.67
        0.51     0.999463       771353      1861.82
        0.51     0.999512       771353      2048.00
        0.51     0.999536       771353      2155.79
        0.52     0.999561       771389      2275.56
        0.52     0.999585       771389      2409.41
        0.53     0.999609       771410      2560.00
        0.54     0.999634       771441      2730.67
        0.54     0.999658       771441      2925.71
        0.54     0.999683       771467      3150.77
        0.55     0.999707       771480      3413.33
        0.56     0.999731       771499      3723.64
        0.57     0.999756       771516      4096.00
        0.57     0.999768       771529      4311.58
        0.58     0.999780       771543      4551.11
        0.58     0.999792       771543      4818.82
        0.59     0.999805       771559      5120.00
        0.59     0.999817       771559      5461.33
        0.60     0.999829       771571      5851.43
        0.61     0.999841       771578      6301.54
        0.61     0.999854       771589      6826.67
        0.62     0.999866       771597      7447.27
        0.64     0.999878       771610      8192.00
        0.65     0.999884       771612      8623.16
        0.66     0.999890       771620      9102.22
        0.66     0.999896       771620      9637.65
        0.66     0.999902       771627     10240.00
        0.67     0.999908       771631     10922.67
        0.69     0.999915       771639     11702.86
        0.69     0.999921       771639     12603.08
        0.69     0.999927       771646     13653.33
        0.70     0.999933       771653     14894.55
        0.70     0.999939       771653     16384.00
        0.71     0.999942       771658     17246.32
        0.71     0.999945       771658     18204.44
        0.73     0.999948       771661     19275.29
        0.73     0.999951       771667     20480.00
        0.73     0.999954       771667     21845.33
        0.74     0.999957       771674     23405.71
        0.74     0.999960       771674     25206.15
        0.74     0.999963       771674     27306.67
        0.75     0.999966       771676     29789.09
        0.76     0.999969       771678     32768.00
        0.76     0.999971       771678     34492.63
        0.78     0.999973       771682     36408.89
        0.78     0.999974       771682     38550.59
        0.78     0.999976       771682     40960.00
        0.78     0.999977       771685     43690.67
        0.78     0.999979       771685     46811.43
        0.78     0.999980       771685     50412.31
        0.79     0.999982       771687     54613.33
        0.81     0.999983       771690     59578.18
        0.81     0.999985       771690     65536.00
        0.81     0.999986       771690     68985.26
        0.81     0.999986       771690     72817.78
        0.81     0.999987       771690     77101.18
        0.81     0.999988       771691     81920.00
        0.82     0.999989       771692     87381.33
        0.82     0.999989       771692     93622.86
        0.83     0.999990       771694    100824.62
        0.83     0.999991       771694    109226.67
        0.83     0.999992       771694    119156.36
        0.85     0.999992       771695    131072.00
        0.85     0.999993       771695    137970.53
        0.85     0.999993       771695    145635.56
        0.85     0.999994       771695    154202.35
        0.85     0.999994       771697    163840.00
        0.85     0.999994       771697    174762.67
        0.85     0.999995       771697    187245.71
        0.85     0.999995       771697    201649.23
        0.85     0.999995       771697    218453.33
        0.85     0.999996       771697    238312.73
        0.86     0.999996       771698    262144.00
        0.86     0.999996       771698    275941.05
        0.86     0.999997       771698    291271.11
        0.86     0.999997       771698    308404.71
        0.86     0.999997       771698    327680.00
        0.86     0.999997       771698    349525.33
        0.86     0.999997       771698    374491.43
        0.87     0.999998       771699    403298.46
        0.87     0.999998       771699    436906.67
        0.87     0.999998       771699    476625.45
        0.87     0.999998       771699    524288.00
        0.87     0.999998       771699    551882.11
        0.87     0.999998       771699    582542.22
        0.87     0.999998       771699    616809.41
        0.87     0.999998       771699    655360.00
        0.87     0.999999       771699    699050.67
        0.87     0.999999       771699    748982.86
        0.91     0.999999       771700    806596.92
        0.91     1.000000       771700          inf
#[Mean    =        0.311, StdDeviation   =        0.074]
#[Max     =        0.911, Total count    =       771700]
#[Buckets =           20, SubBuckets     =          256]
