       Value   Percentile   TotalCount 1/(1-Percentile)

        0.17     0.000000            1         1.00
        0.31     0.050000        35374         1.05
        0.32     0.100000        51806         1.11
        0.37     0.150000        80377         1.18
        0.39     0.200000       117864         1.25
        0.40     0.250000       137826         1.33
        0.41     0.300000       158037         1.43
        0.42     0.350000       197017         1.54
        0.43     0.400000       211179         1.67
        0.46     0.450000       247080         1.82
        0.46     0.500000       268065         2.00
        0.47     0.525000       293658         2.11
        0.47     0.550000       293658         2.22
        0.48     0.575000       321328         2.35
        0.48     0.600000       321328         2.50
        0.49     0.625000       350370         2.67
        0.49     0.650000       350370         2.86
        0.49     0.675000       350370         3.08
        0.49     0.700000       378401         3.33
        0.49     0.725000       378401         3.64
        0.50     0.750000       402186         4.00
        0.50     0.762500       402186         4.21
        0.50     0.775000       402186         4.44
        0.51     0.787500       418985         4.71
        0.51     0.800000       418985         5.00
        0.52     0.812500       428648         5.33
        0.52     0.825000       428648         5.71
        0.53     0.837500       433751         6.15
        0.55     0.850000       440103         6.67
        0.63     0.862500       447935         7.27
        0.65     0.875000       457900         8.00
        0.65     0.881250       457900         8.42
        0.66     0.887500       466873         8.89
        0.66     0.893750       466873         9.41
        0.66     0.900000       466873        10.00
        0.66     0.906250       477523        10.67
        0.66     0.912500       477523        11.43
        0.66     0.918750       477523        12.31
        0.67     0.925000       488340        13.33
        0.67     0.931250       488340        14.55
        0.67     0.937500       488340        16.00
        0.67     0.940625       488340        16.84
        0.68     0.943750       497856        17.78
        0.68     0.946875       497856        18.82
        0.68     0.950000       497856        20.00
        0.68     0.953125       497856        21.33
        0.68     0.956250       497856        22.86
        0.68     0.959375       497856        24.62
        0.69     0.962500       504873        26.67
        0.69     0.965625       504873        29.09
        0.69     0.968750       504873        32.00
        0.69     0.970313       504873        33.68
        0.69     0.971875       504873        35.56
        0.69     0.973437       504873        37.65
        0.69     0.975000       504873        40.00
        0.69     0.976562       509464        42.67
        0.69     0.978125       509464        45.71
        0.69     0.979688       509464        49.23
        0.69     0.981250       509464        53.33
        0.69     0.982812       509464        58.18
        0.70     0.984375       512141        64.00
        0.70     0.985156       512141        67.37
        0.70     0.985938       512141        71.11
        0.70     0.986719       512141        75.29
        0.70     0.987500       512141        80.00
        0.70     0.988281       512141        85.33
        0.70     0.989062       512141        91.43
        0.71     0.989844       513544        98.46
        0.71     0.990625       513544       106.67
        0.71     0.991406       513544       116.36
        0.72     0.992188       514372       128.00
        0.72     0.992578       514372       134.74
        0.72     0.992969       514372       142.22
        0.72     0.993359       514372       150.59
        0.73     0.993750       514916       160.00
        0.73     0.994141       514916       170.67
        0.73     0.994531       514916       182.86
        0.73     0.994922       515321       196.92
        0.73     0.995313       515321       213.33
        0.74     0.995703       515654       232.73
        0.75     0.996094       515925       256.00
        0.75     0.996289       515925       269.47
        0.75     0.996484       515925       284.44
        0.76     0.996680       516175       301.18
        0.76     0.996875       516175       320.00
        0.77     0.997070       516406       341.33
        0.77     0.997266       516406       365.71
        0.77     0.997461       516406       393.85
        0.78     0.997656       516639       426.67
        0.78     0.997852       516639       465.45
        0.78     0.998047       516881       512.00
        0.78     0.998145       516881       538.95
        0.78     0.998242       516881       568.89
        0.78     0.998340       516881       602.35
        0.79     0.998437       517056       640.00
        0.79     0.998535       517056       682.67
        0.79     0.998633       517056       731.43
        0.79     0.998730       517056       787.69
        0.80     0.998828       517218       853.33
        0.80     0.998926       517218       930.91
        0.80     0.999023       517218      1024.00
        0.80     0.999072       517218      1077.89
        0.81     0.999121       517331      1137.78
        0.81     0.999170       517331      1204.71
        0.81     0.999219       517331      1280.00
        0.81     0.999268       517331      1365.33
        0.81     0.999316       517443      1462.86
        0.81     0.999365       517443      1575.38
        0.81     0.999414       517443      1706.67
        0.81     0.999463       517443      1861.82
        0.81     0.999512       517443      2048.00
        0.82     0.999536       517512      2155.79
        0.82     0.999561       517512      2275.56
        0.82     0.999585       517512      2409.41
        0.82     0.999609       517512      2560.00
        0.82     0.999634       517512      2730.67
        0.83     0.999658       517555      2925.71
        0.83     0.999683       517555      3150.77
        0.83     0.999707       517555      3413.33
        0.83     0.999731       517555      3723.64
        0.84     0.999756       517584      4096.00
        0.84     0.999768       517584      4311.58
        0.84     0.999780       517584      4551.11
        0.85     0.999792       517599      4818.82
        0.85     0.999805       517599      5120.00
        0.85     0.999817       517611      5461.33
        0.85     0.999829       517611      5851.43
        0.86     0.999841       517615      6301.54
        0.89     0.999854       517620      6826.67
        0.91     0.999866       517625      7447.27
        0.95     0.999878       517631      8192.00
        0.99     0.999884       517634      8623.16
        1.51     0.999890       517638      9102.22
        1.61     0.999896       517641      9637.65
        1.74     0.999902       517644     10240.00
        2.35     0.999908       517647     10922.67
        2.45     0.999915       517650     11702.86
        2.48     0.999921       517653     12603.08
        2.53     0.999927       517657     13653.33
        2.59     0.999933       517662     14894.55
        2.64     0.999939       517664     16384.00
        2.64     0.999942       517664     17246.32
        2.67     0.999945       517666     18204.44
        2.72     0.999948       517668     19275.29
        2.77     0.999951       517669     20480.00
        2.80     0.999954       517672     21845.33
        2.80     0.999957       517672     23405.71
        2.85     0.999960       517675     25206.15
        2.86     0.999963       517676     27306.67
        2.88     0.999966       517679     29789.09
        2.88     0.999969       517679     32768.00
        2.88     0.999971       517679     34492.63
        3.04     0.999973       517680     36408.89
        3.12     0.999974       517682     38550.59
        3.12     0.999976       517682     40960.00
        3.74     0.999977       517683     43690.67
        3.74     0.999979       517683     46811.43
        3.76     0.999980       517684     50412.31
        3.77     0.999982       517685     54613.33
        3.79     0.999983       517686     59578.18
        3.87     0.999985       517688     65536.00
        3.87     0.999986       517688     68985.26
        3.87     0.999986       517688     72817.78
        3.87     0.999987       517688     77101.18
        3.87     0.999988       517688     81920.00
        3.97     0.999989       517690     87381.33
        3.97     0.999989       517690     93622.86
        3.97     0.999990       517690    100824.62
        3.97     0.999991       517690    109226.67
        3.97     0.999992       517690    119156.36
        3.98     0.999992       517691    131072.00
        3.98     0.999993       517691    137970.53
        3.98     0.999993       517691    145635.56
        3.98     0.999994       517691    154202.35
        3.98     0.999994       517691    163840.00
        4.03     0.999994       517692    174762.67
        4.03     0.999995       517692    187245.71
        4.03     0.999995       517692    201649.23
        4.03     0.999995       517692    218453.33
        4.03     0.999996       517692    238312.73
        4.22     0.999996       517693    262144.00
        4.22     0.999996       517693    275941.05
        4.22     0.999997       517693    291271.11
        4.22     0.999997       517693    308404.71
        4.22     0.999997       517693    327680.00
        4.22     0.999997       517693    349525.33
        4.22     0.999997       517693    374491.43
        4.22     0.999998       517693    403298.46
        4.22     0.999998       517693    436906.67
        4.22     0.999998       517693    476625.45
        4.25     0.999998       517694    524288.00
        4.25     1.000000       517694          inf
#[Mean    =        0.463, StdDeviation   =        0.108]
#[Max     =        4.255, Total count    =       517694]
#[Buckets =           20, SubBuckets     =          256]
