       Value   Percentile   TotalCount 1/(1-Percentile)

        0.04     0.000000            5         1.00
        0.07     0.050000       134940         1.05
        0.08     0.100000       242693         1.11
        0.08     0.150000       242693         1.18
        0.09     0.200000       334120         1.25
        0.10     0.250000       782035         1.33
        0.10     0.300000       782035         1.43
        0.10     0.350000       782035         1.54
        0.10     0.400000       782035         1.67
        0.10     0.450000       782035         1.82
        0.10     0.500000      1037275         2.00
        0.10     0.525000      1037275         2.11
        0.10     0.550000      1037275         2.22
        0.10     0.575000      1037275         2.35
        0.10     0.600000      1037275         2.50
        0.10     0.625000      1037275         2.67
        0.10     0.650000      1037275         2.86
        0.11     0.675000      1131335         3.08
        0.11     0.700000      1131335         3.33
        0.12     0.725000      1244829         3.64
        0.12     0.750000      1244829         4.00
        0.12     0.762500      1244829         4.21
        0.12     0.775000      1244829         4.44
        0.12     0.787500      1244829         4.71
        0.13     0.800000      1338836         5.00
        0.13     0.812500      1338836         5.33
        0.13     0.825000      1338836         5.71
        0.13     0.837500      1338836         6.15
        0.13     0.850000      1338836         6.67
        0.14     0.862500      1390981         7.27
        0.14     0.875000      1390981         8.00
        0.14     0.881250      1390981         8.42
        0.14     0.887500      1437702         8.89
        0.14     0.893750      1437702         9.41
        0.14     0.900000      1437702        10.00
        0.14     0.906250      1437702        10.67
        0.14     0.912500      1437702        11.43
        0.15     0.918750      1472294        12.31
        0.15     0.925000      1472294        13.33
        0.15     0.931250      1472294        14.55
        0.16     0.937500      1490121        16.00
        0.16     0.940625      1490121        16.84
        0.16     0.943750      1490121        17.78
        0.16     0.946875      1490121        18.82
        0.17     0.950000      1502062        20.00
        0.17     0.953125      1502062        21.33
        0.17     0.956250      1510724        22.86
        0.17     0.959375      1510724        24.62
        0.18     0.962500      1516314        26.67
        0.19     0.965625      1520715        29.09
        0.20     0.968750      1524685        32.00
        0.21     0.970313      1527965        33.68
        0.21     0.971875      1527965        35.56
        0.21     0.973437      1530671        37.65
        0.22     0.975000      1532786        40.00
        0.24     0.976562      1535991        42.67
        0.25     0.978125      1537329        45.71
        0.27     0.979688      1540283        49.23
        0.30     0.981250      1542457        53.33
        0.85     0.982812      1544678        58.18
        1.03     0.984375      1547442        64.00
        1.05     0.985156      1548502        67.37
        1.06     0.985938      1550254        71.11
        1.07     0.986719      1551428        75.29
        1.08     0.987500      1552663        80.00
        1.09     0.988281      1553990        85.33
        1.09     0.989062      1555284        91.43
        1.10     0.989844      1556476        98.46
        1.11     0.990625      1557533       106.67
        1.12     0.991406      1558643       116.36
        1.13     0.992188      1559625       128.00
        1.14     0.992578      1560526       134.74
        1.14     0.992969      1561297       142.22
        1.14     0.993359      1561297       150.59
        1.15     0.993750      1561936       160.00
        1.16     0.994141      1562478       170.67
        1.18     0.994531      1563354       182.86
        1.18     0.994922      1563742       196.92
        1.20     0.995313      1564409       213.33
        1.22     0.995703      1565003       232.73
        1.24     0.996094      1565646       256.00
        1.25     0.996289      1565939       269.47
        1.27     0.996484      1566182       284.44
        1.30     0.996680      1566491       301.18
        1.37     0.996875      1566779       320.00
        1.55     0.997070      1567086       341.33
        1.80     0.997266      1567390       365.71
        2.10     0.997461      1567703       393.85
        2.24     0.997656      1568028       426.67
        2.50     0.997852      1568394       465.45
        2.53     0.998047      1568644       512.00
        2.54     0.998145      1568781       538.95
        2.58     0.998242      1569084       568.89
        2.58     0.998340      1569084       602.35
        2.61     0.998437      1569258       640.00
        2.67     0.998535      1569387       682.67
        2.98     0.998633      1569540       731.43
        3.71     0.998730      1569691       787.69
        3.94     0.998828      1569866       853.33
        4.01     0.998926      1570035       930.91
        4.06     0.999023      1570168      1024.00
        4.09     0.999072      1570232      1077.89
        4.16     0.999121      1570384      1137.78
        4.16     0.999170      1570384      1204.71
        4.22     0.999219      1570545      1280.00
        4.22     0.999268      1570545      1365.33
        4.25     0.999316      1570640      1462.86
        4.29     0.999365      1570737      1575.38
        4.32     0.999414      1570831      1706.67
        4.35     0.999463      1570905      1861.82
        4.38     0.999512      1570967      2048.00
        4.38     0.999536      1570967      2155.79
        4.42     0.999561      1571015      2275.56
        4.45     0.999585      1571050      2409.41
        4.48     0.999609      1571088      2560.00
        4.51     0.999634      1571114      2730.67
        4.58     0.999658      1571151      2925.71
        4.67     0.999683      1571196      3150.77
        4.74     0.999707      1571233      3413.33
        4.80     0.999731      1571264      3723.64
        4.86     0.999756      1571304      4096.00
        4.96     0.999768      1571325      4311.58
        5.02     0.999780      1571351      4551.11
        5.05     0.999792      1571368      4818.82
        5.09     0.999805      1571386      5120.00
        5.12     0.999817      1571398      5461.33
        5.21     0.999829      1571418      5851.43
        5.28     0.999841      1571437      6301.54
        5.41     0.999854      1571457      6826.67
        5.57     0.999866      1571480      7447.27
        5.66     0.999878      1571494      8192.00
        5.79     0.999884      1571504      8623.16
        5.86     0.999890      1571513      9102.22
        5.95     0.999896      1571522      9637.65
        6.21     0.999902      1571534     10240.00
        6.27     0.999908      1571542     10922.67
        6.66     0.999915      1571551     11702.86
        7.39     0.999921      1571561     12603.08
        7.87     0.999927      1571570     13653.33
        8.45     0.999933      1571582     14894.55
        9.21     0.999939      1571591     16384.00
        9.60     0.999942      1571598     17246.32
        9.66     0.999945      1571599     18204.44
        9.92     0.999948      1571606     19275.29
       10.24     0.999951      1571609     20480.00
       10.49     0.999954      1571614     21845.33
       10.62     0.999957      1571619     23405.71
       11.52     0.999960      1571623     25206.15
       11.97     0.999963      1571628     27306.67
       13.76     0.999966      1571634     29789.09
       14.59     0.999969      1571638     32768.00
       14.91     0.999971      1571640     34492.63
       15.04     0.999973      1571642     36408.89
       15.36     0.999974      1571647     38550.59
       15.36     0.999976      1571647     40960.00
       15.49     0.999977      1571650     43690.67
       15.62     0.999979      1571652     46811.43
       15.68     0.999980      1571654     50412.31
       16.32     0.999982      1571657     54613.33
       16.89     0.999983      1571662     59578.18
       16.89     0.999985      1571662     65536.00
       17.02     0.999986      1571664     68985.26
       17.02     0.999986      1571664     72817.78
       17.54     0.999987      1571666     77101.18
       17.54     0.999988      1571666     81920.00
       17.66     0.999989      1571668     87381.33
       19.07     0.999989      1571670     93622.86
       19.07     0.999990      1571670    100824.62
       20.73     0.999991      1571671    109226.67
       20.86     0.999992      1571672    119156.36
       24.57     0.999992      1571676    131072.00
       24.57     0.999993      1571676    137970.53
       24.57     0.999993      1571676    145635.56
       24.57     0.999994      1571676    154202.35
       24.57     0.999994      1571676    163840.00
       24.70     0.999994      1571678    174762.67
       24.70     0.999995      1571678    187245.71
       24.70     0.999995      1571678    201649.23
       24.70     0.999995      1571678    218453.33
       24.83     0.999996      1571681    238312.73
       24.83     0.999996      1571681    262144.00
       24.83     0.999996      1571681    275941.05
       24.83     0.999997      1571681    291271.11
       24.83     0.999997      1571681    308404.71
       24.83     0.999997      1571681    327680.00
       24.83     0.999997      1571681    349525.33
       24.83     0.999997      1571681    374491.43
       28.16     0.999998      1571682    403298.46
       28.16     0.999998      1571682    436906.67
       28.16     0.999998      1571682    476625.45
       29.05     0.999998      1571684    524288.00
       29.05     0.999998      1571684    551882.11
       29.05     0.999998      1571684    582542.22
       29.05     0.999998      1571684    616809.41
       29.05     0.999998      1571684    655360.00
       29.05     0.999999      1571684    699050.67
       29.05     0.999999      1571684    748982.86
       29.05     0.999999      1571684    806596.92
       29.05     0.999999      1571684    873813.33
       29.05     0.999999      1571684    953250.91
       29.05     0.999999      1571684   1048576.00
       29.05     0.999999      1571684   1103764.21
       29.05     0.999999      1571684   1165084.44
       29.05     0.999999      1571684   1233618.82
       29.05     0.999999      1571684   1310720.00
       29.05     0.999999      1571684   1398101.33
       29.05     0.999999      1571684   1497965.71
       29.18     0.999999      1571685   1613193.85
       29.18     1.000000      1571685          inf
#[Mean    =        0.127, StdDeviation   =        0.249]
#[Max     =       29.183, Total count    =      1571685]
#[Buckets =           20, SubBuckets     =          256]
