       Value   Percentile   TotalCount 1/(1-Percentile)

        0.23     0.000000            1         1.00
        0.41     0.050000        21421         1.05
        0.44     0.100000        44332         1.11
        0.48     0.150000        61780         1.18
        0.51     0.200000        86235         1.25
        0.53     0.250000       110034         1.33
        0.54     0.300000       123513         1.43
        0.55     0.350000       148728         1.54
        0.56     0.400000       158591         1.67
        0.58     0.450000       180234         1.82
        0.61     0.500000       204935         2.00
        0.61     0.525000       216129         2.11
        0.62     0.550000       228491         2.22
        0.62     0.575000       228491         2.35
        0.63     0.600000       241658         2.50
        0.64     0.625000       255298         2.67
        0.65     0.650000       268966         2.86
        0.65     0.675000       268966         3.08
        0.66     0.700000       282343         3.33
        0.66     0.725000       294631         3.64
        0.67     0.750000       305392         4.00
        0.67     0.762500       305392         4.21
        0.68     0.775000       314134         4.44
        0.68     0.787500       314134         4.71
        0.69     0.800000       321162         5.00
        0.69     0.812500       321162         5.33
        0.69     0.825000       326412         5.71
        0.71     0.837500       333236         6.15
        0.73     0.850000       336559         6.67
        0.78     0.862500       341299         7.27
        0.81     0.875000       347519         8.00
        0.82     0.881250       350406         8.42
        0.83     0.887500       353877         8.89
        0.83     0.893750       353877         9.41
        0.84     0.900000       357773        10.00
        0.85     0.906250       362226        10.67
        0.85     0.912500       362226        11.43
        0.85     0.918750       366982        12.31
        0.85     0.925000       366982        13.33
        0.86     0.931250       371952        14.55
        0.86     0.937500       371952        16.00
        0.86     0.940625       371952        16.84
        0.87     0.943750       376860        17.78
        0.87     0.946875       376860        18.82
        0.87     0.950000       376860        20.00
        0.87     0.953125       376860        21.33
        0.88     0.956250       381388        22.86
        0.88     0.959375       381388        24.62
        0.88     0.962500       381388        26.67
        0.89     0.965625       385181        29.09
        0.89     0.968750       385181        32.00
        0.89     0.970313       385181        33.68
        0.89     0.971875       385181        35.56
        0.89     0.973437       385181        37.65
        0.90     0.975000       388222        40.00
        0.90     0.976562       388222        42.67
        0.90     0.978125       388222        45.71
        0.90     0.979688       388222        49.23
        0.90     0.981250       388222        53.33
        0.90     0.982812       390523        58.18
        0.90     0.984375       390523        64.00
        0.90     0.985156       390523        67.37
        0.90     0.985938       390523        71.11
        0.90     0.986719       390523        75.29
        0.90     0.987500       390523        80.00
        0.91     0.988281       392184        85.33
        0.91     0.989062       392184        91.43
        0.91     0.989844       392184        98.46
        0.91     0.990625       392184       106.67
        0.91     0.991406       392184       116.36
        0.91     0.992188       392184       128.00
        0.92     0.992578       393284       134.74
        0.92     0.992969       393284       142.22
        0.92     0.993359       393284       150.59
        0.92     0.993750       393284       160.00
        0.92     0.994141       393284       170.67
        0.92     0.994531       393284       182.86
        0.92     0.994922       393284       196.92
        0.93     0.995313       394030       213.33
        0.93     0.995703       394030       232.73
        0.93     0.996094       394030       256.00
        0.93     0.996289       394030       269.47
        0.93     0.996484       394030       284.44
        0.93     0.996680       394030       301.18
        0.93     0.996875       394030       320.00
        0.94     0.997070       394466       341.33
        0.94     0.997266       394466       365.71
        0.94     0.997461       394466       393.85
        0.94     0.997656       394466       426.67
        0.94     0.997852       394466       465.45
        0.94     0.998047       394466       512.00
        0.94     0.998145       394466       538.95
        0.94     0.998242       394706       568.89
        0.94     0.998340       394706       602.35
        0.94     0.998437       394706       640.00
        0.94     0.998535       394706       682.67
        0.94     0.998633       394706       731.43
        0.94     0.998730       394706       787.69
        0.95     0.998828       394864       853.33
        0.95     0.998926       394864       930.91
        0.95     0.999023       394864      1024.00
        0.95     0.999072       394864      1077.89
        0.95     0.999121       394864      1137.78
        0.96     0.999170       394965      1204.71
        0.96     0.999219       394965      1280.00
        0.96     0.999268       394965      1365.33
        0.96     0.999316       394965      1462.86
        0.96     0.999365       394965      1575.38
        0.97     0.999414       395026      1706.67
        0.97     0.999463       395026      1861.82
        0.97     0.999512       395026      2048.00
        0.97     0.999536       395026      2155.79
        0.97     0.999561       395026      2275.56
        0.97     0.999585       395074      2409.41
        0.97     0.999609       395074      2560.00
        0.97     0.999634       395074      2730.67
        0.97     0.999658       395074      2925.71
        0.97     0.999683       395074      3150.77
        0.98     0.999707       395100      3413.33
        0.98     0.999731       395100      3723.64
        0.99     0.999756       395113      4096.00
        0.99     0.999768       395113      4311.58
        0.99     0.999780       395113      4551.11
        1.00     0.999792       395126      4818.82
        1.00     0.999805       395126      5120.00
        1.01     0.999817       395129      5461.33
        1.01     0.999829       395139      5851.43
        1.01     0.999841       395139      6301.54
        1.02     0.999854       395149      6826.67
        1.02     0.999866       395149      7447.27
        1.03     0.999878       395155      8192.00
        1.03     0.999884       395155      8623.16
        1.04     0.999890       395159      9102.22
        1.04     0.999896       395159      9637.65
        1.05     0.999902       395164     10240.00
        1.05     0.999908       395164     10922.67
        1.05     0.999915       395166     11702.86
        1.06     0.999921       395170     12603.08
        1.07     0.999927       395171     13653.33
        1.08     0.999933       395173     14894.55
        1.10     0.999939       395175     16384.00
        1.11     0.999942       395178     17246.32
        1.11     0.999945       395178     18204.44
        1.14     0.999948       395181     19275.29
        1.14     0.999951       395181     20480.00
        1.14     0.999954       395181     21845.33
        1.15     0.999957       395183     23405.71
        1.16     0.999960       395186     25206.15
        1.16     0.999963       395186     27306.67
        1.16     0.999966       395186     29789.09
        1.17     0.999969       395188     32768.00
        1.17     0.999971       395188     34492.63
        1.19     0.999973       395189     36408.89
        1.19     0.999974       395189     38550.59
        1.22     0.999976       395191     40960.00
        1.22     0.999977       395191     43690.67
        1.22     0.999979       395191     46811.43
        1.24     0.999980       395193     50412.31
        1.24     0.999982       395193     54613.33
        1.24     0.999983       395193     59578.18
        1.24     0.999985       395193     65536.00
        1.34     0.999986       395195     68985.26
        1.34     0.999986       395195     72817.78
        1.34     0.999987       395195     77101.18
        1.34     0.999988       395195     81920.00
        1.34     0.999989       395195     87381.33
        1.34     0.999989       395195     93622.86
        1.46     0.999990       395196    100824.62
        1.46     0.999991       395196    109226.67
        1.46     0.999992       395196    119156.36
        1.46     0.999992       395196    131072.00
        1.50     0.999993       395197    137970.53
        1.50     0.999993       395197    145635.56
        1.50     0.999994       395197    154202.35
        1.50     0.999994       395197    163840.00
        1.50     0.999994       395197    174762.67
        1.50     0.999995       395197    187245.71
        1.53     0.999995       395198    201649.23
        1.53     0.999995       395198    218453.33
        1.53     0.999996       395198    238312.73
        1.53     0.999996       395198    262144.00
        1.53     0.999996       395198    275941.05
        1.53     0.999997       395198    291271.11
        1.53     0.999997       395198    308404.71
        1.53     0.999997       395198    327680.00
        1.53     0.999997       395198    349525.33
        1.53     0.999997       395198    374491.43
        1.70     0.999998       395199    403298.46
        1.70     1.000000       395199          inf
#[Mean    =        0.607, StdDeviation   =        0.131]
#[Max     =        1.703, Total count    =       395199]
#[Buckets =           20, SubBuckets     =          256]
