       Value   Percentile   TotalCount 1/(1-Percentile)

        0.15     0.000000            1         1.00
        0.26     0.050000        31753         1.05
        0.27     0.100000        74522         1.11
        0.30     0.150000        94925         1.18
        0.33     0.200000       147491         1.25
        0.34     0.250000       177045         1.33
        0.34     0.300000       206393         1.43
        0.35     0.350000       234547         1.54
        0.36     0.400000       255136         1.67
        0.38     0.450000       288111         1.82
        0.38     0.500000       316660         2.00
        0.39     0.525000       355071         2.11
        0.39     0.550000       355071         2.22
        0.40     0.575000       396627         2.35
        0.40     0.600000       396627         2.50
        0.40     0.625000       396627         2.67
        0.41     0.650000       436690         2.86
        0.41     0.675000       436690         3.08
        0.41     0.700000       436690         3.33
        0.41     0.725000       473193         3.64
        0.41     0.750000       473193         4.00
        0.42     0.762500       499528         4.21
        0.42     0.775000       499528         4.44
        0.42     0.787500       499528         4.71
        0.42     0.800000       499528         5.00
        0.43     0.812500       513930         5.33
        0.43     0.825000       513930         5.71
        0.44     0.837500       520998         6.15
        0.46     0.850000       529397         6.67
        0.53     0.862500       538187         7.27
        0.54     0.875000       551254         8.00
        0.54     0.881250       551254         8.42
        0.55     0.887500       564033         8.89
        0.55     0.893750       564033         9.41
        0.55     0.900000       564033        10.00
        0.55     0.906250       564033        10.67
        0.56     0.912500       579587        11.43
        0.56     0.918750       579587        12.31
        0.56     0.925000       579587        13.33
        0.56     0.931250       579587        14.55
        0.57     0.937500       594640        16.00
        0.57     0.940625       594640        16.84
        0.57     0.943750       594640        17.78
        0.57     0.946875       594640        18.82
        0.57     0.950000       594640        20.00
        0.57     0.953125       594640        21.33
        0.57     0.956250       605772        22.86
        0.57     0.959375       605772        24.62
        0.57     0.962500       605772        26.67
        0.57     0.965625       605772        29.09
        0.57     0.968750       605772        32.00
        0.57     0.970313       605772        33.68
        0.57     0.971875       605772        35.56
        0.57     0.973437       605772        37.65
        0.58     0.975000       612398        40.00
        0.58     0.976562       612398        42.67
        0.58     0.978125       612398        45.71
        0.58     0.979688       612398        49.23
        0.58     0.981250       612398        53.33
        0.58     0.982812       612398        58.18
        0.58     0.984375       612398        64.00
        0.59     0.985156       615731        67.37
        0.59     0.985938       615731        71.11
        0.59     0.986719       615731        75.29
        0.59     0.987500       615731        80.00
        0.59     0.988281       615731        85.33
        0.59     0.989062       615731        91.43
        0.59     0.989844       615731        98.46
        0.60     0.990625       617445       106.67
        0.60     0.991406       617445       116.36
        0.60     0.992188       617445       128.00
        0.60     0.992578       617445       134.74
        0.61     0.992969       618467       142.22
        0.61     0.993359       618467       150.59
        0.61     0.993750       618467       160.00
        0.61     0.994141       618467       170.67
        0.61     0.994531       619158       182.86
        0.61     0.994922       619158       196.92
        0.61     0.995313       619158       213.33
        0.62     0.995703       619671       232.73
        0.62     0.996094       619671       256.00
        0.62     0.996289       619671       269.47
        0.63     0.996484       620066       284.44
        0.63     0.996680       620066       301.18
        0.63     0.996875       620066       320.00
        0.64     0.997070       620396       341.33
        0.64     0.997266       620396       365.71
        0.64     0.997461       620396       393.85
        0.65     0.997656       620706       426.67
        0.65     0.997852       620706       465.45
        0.66     0.998047       620988       512.00
        0.66     0.998145       620988       538.95
        0.66     0.998242       620988       568.89
        0.66     0.998340       620988       602.35
        0.66     0.998437       621214       640.00
        0.66     0.998535       621214       682.67
        0.66     0.998633       621214       731.43
        0.66     0.998730       621214       787.69
        0.67     0.998828       621406       853.33
        0.67     0.998926       621406       930.91
        0.67     0.999023       621406      1024.00
        0.67     0.999072       621406      1077.89
        0.68     0.999121       621578      1137.78
        0.68     0.999170       621578      1204.71
        0.68     0.999219       621578      1280.00
        0.68     0.999268       621578      1365.33
        0.68     0.999316       621578      1462.86
        0.68     0.999365       621578      1575.38
        0.69     0.999414       621689      1706.67
        0.69     0.999463       621689      1861.82
        0.69     0.999512       621689      2048.00
        0.69     0.999536       621689      2155.79
        0.69     0.999561       621769      2275.56
        0.69     0.999585       621769      2409.41
        0.69     0.999609       621769      2560.00
        0.69     0.999634       621769      2730.67
        0.69     0.999658       621769      2925.71
        0.69     0.999683       621769      3150.77
        0.70     0.999707       621822      3413.33
        0.70     0.999731       621822      3723.64
        0.70     0.999756       621822      4096.00
        0.70     0.999768       621822      4311.58
        0.71     0.999780       621855      4551.11
        0.71     0.999792       621855      4818.82
        0.71     0.999805       621855      5120.00
        0.71     0.999817       621855      5461.33
        0.72     0.999829       621871      5851.43
        0.72     0.999841       621871      6301.54
        0.73     0.999854       621882      6826.67
        0.73     0.999866       621882      7447.27
        0.74     0.999878       621891      8192.00
        0.76     0.999884       621896      8623.16
        0.77     0.999890       621897      9102.22
        0.80     0.999896       621901      9637.65
        0.84     0.999902       621905     10240.00
        0.97     0.999908       621909     10922.67
        1.35     0.999915       621912     11702.86
        1.40     0.999921       621916     12603.08
        1.51     0.999927       621920     13653.33
        2.08     0.999933       621924     14894.55
        2.19     0.999939       621928     16384.00
        2.21     0.999942       621929     17246.32
        2.25     0.999945       621931     18204.44
        2.30     0.999948       621933     19275.29
        2.32     0.999951       621935     20480.00
        2.42     0.999954       621938     21845.33
        2.46     0.999957       621939     23405.71
        2.51     0.999960       621941     25206.15
        2.65     0.999963       621944     27306.67
        2.69     0.999966       621945     29789.09
        2.72     0.999969       621948     32768.00
        2.72     0.999971       621948     34492.63
        2.72     0.999973       621948     36408.89
        2.73     0.999974       621950     38550.59
        2.73     0.999976       621950     40960.00
        2.85     0.999977       621951     43690.67
        2.90     0.999979       621952     46811.43
        2.96     0.999980       621953     50412.31
        3.31     0.999982       621954     54613.33
        3.33     0.999983       621955     59578.18
        3.34     0.999985       621958     65536.00
        3.34     0.999986       621958     68985.26
        3.34     0.999986       621958     72817.78
        3.34     0.999987       621958     77101.18
        3.34     0.999988       621958     81920.00
        3.34     0.999989       621958     87381.33
        3.38     0.999989       621959     93622.86
        3.38     0.999990       621959    100824.62
        3.41     0.999991       621961    109226.67
        3.41     0.999992       621961    119156.36
        3.41     0.999992       621961    131072.00
        3.41     0.999993       621961    137970.53
        3.41     0.999993       621961    145635.56
        3.41     0.999994       621961    154202.35
        3.42     0.999994       621963    163840.00
        3.42     0.999994       621963    174762.67
        3.42     0.999995       621963    187245.71
        3.42     0.999995       621963    201649.23
        3.42     0.999995       621963    218453.33
        3.42     0.999996       621963    238312.73
        3.42     0.999996       621963    262144.00
        3.42     0.999996       621963    275941.05
        3.42     0.999997       621963    291271.11
        3.42     0.999997       621963    308404.71
        3.54     0.999997       621964    327680.00
        3.54     0.999997       621964    349525.33
        3.54     0.999997       621964    374491.43
        3.54     0.999998       621964    403298.46
        3.54     0.999998       621964    436906.67
        3.54     0.999998       621964    476625.45
        3.54     0.999998       621964    524288.00
        3.54     0.999998       621964    551882.11
        3.54     0.999998       621964    582542.22
        3.54     0.999998       621964    616809.41
        3.58     0.999998       621965    655360.00
        3.58     1.000000       621965          inf
#[Mean    =        0.386, StdDeviation   =        0.091]
#[Max     =        3.583, Total count    =       621965]
#[Buckets =           20, SubBuckets     =          256]
