       Value   Percentile   TotalCount 1/(1-Percentile)

        0.17     0.000000            1         1.00
        0.26     0.050000        31741         1.05
        0.27     0.100000        74294         1.11
        0.30     0.150000        94265         1.18
        0.33     0.200000       145823         1.25
        0.34     0.250000       175777         1.33
        0.34     0.300000       205623         1.43
        0.35     0.350000       234246         1.54
        0.36     0.400000       254680         1.67
        0.38     0.450000       285947         1.82
        0.38     0.500000       313924         2.00
        0.39     0.525000       351990         2.11
        0.39     0.550000       351990         2.22
        0.40     0.575000       393708         2.35
        0.40     0.600000       393708         2.50
        0.40     0.625000       393708         2.67
        0.41     0.650000       433980         2.86
        0.41     0.675000       433980         3.08
        0.41     0.700000       470290         3.33
        0.41     0.725000       470290         3.64
        0.41     0.750000       470290         4.00
        0.42     0.762500       497391         4.21
        0.42     0.775000       497391         4.44
        0.42     0.787500       497391         4.71
        0.42     0.800000       497391         5.00
        0.43     0.812500       512377         5.33
        0.44     0.825000       519425         5.71
        0.45     0.837500       523269         6.15
        0.47     0.850000       529406         6.67
        0.53     0.862500       537170         7.27
        0.54     0.875000       550285         8.00
        0.54     0.881250       550285         8.42
        0.55     0.887500       563064         8.89
        0.55     0.893750       563064         9.41
        0.55     0.900000       563064        10.00
        0.55     0.906250       563064        10.67
        0.56     0.912500       578871        11.43
        0.56     0.918750       578871        12.31
        0.56     0.925000       578871        13.33
        0.56     0.931250       578871        14.55
        0.57     0.937500       593752        16.00
        0.57     0.940625       593752        16.84
        0.57     0.943750       593752        17.78
        0.57     0.946875       593752        18.82
        0.57     0.950000       593752        20.00
        0.57     0.953125       593752        21.33
        0.57     0.956250       605105        22.86
        0.57     0.959375       605105        24.62
        0.57     0.962500       605105        26.67
        0.57     0.965625       605105        29.09
        0.57     0.968750       605105        32.00
        0.57     0.970313       605105        33.68
        0.57     0.971875       605105        35.56
        0.57     0.973437       605105        37.65
        0.58     0.975000       611640        40.00
        0.58     0.976562       611640        42.67
        0.58     0.978125       611640        45.71
        0.58     0.979688       611640        49.23
        0.58     0.981250       611640        53.33
        0.58     0.982812       611640        58.18
        0.58     0.984375       611640        64.00
        0.59     0.985156       614851        67.37
        0.59     0.985938       614851        71.11
        0.59     0.986719       614851        75.29
        0.59     0.987500       614851        80.00
        0.59     0.988281       614851        85.33
        0.59     0.989062       614851        91.43
        0.59     0.989844       614851        98.46
        0.60     0.990625       616327       106.67
        0.60     0.991406       616327       116.36
        0.60     0.992188       616327       128.00
        0.61     0.992578       617234       134.74
        0.61     0.992969       617234       142.22
        0.61     0.993359       617234       150.59
        0.61     0.993750       617849       160.00
        0.61     0.994141       617849       170.67
        0.61     0.994531       617849       182.86
        0.62     0.994922       618345       196.92
        0.62     0.995313       618345       213.33
        0.63     0.995703       618772       232.73
        0.63     0.996094       618772       256.00
        0.64     0.996289       619168       269.47
        0.64     0.996484       619168       284.44
        0.64     0.996680       619168       301.18
        0.65     0.996875       619533       320.00
        0.65     0.997070       619533       341.33
        0.65     0.997266       619533       365.71
        0.66     0.997461       619873       393.85
        0.66     0.997656       619873       426.67
        0.66     0.997852       619873       465.45
        0.66     0.998047       620133       512.00
        0.66     0.998145       620133       538.95
        0.66     0.998242       620133       568.89
        0.66     0.998340       620133       602.35
        0.67     0.998437       620387       640.00
        0.67     0.998535       620387       682.67
        0.67     0.998633       620387       731.43
        0.67     0.998730       620387       787.69
        0.68     0.998828       620580       853.33
        0.68     0.998926       620580       930.91
        0.68     0.999023       620580      1024.00
        0.69     0.999072       620716      1077.89
        0.69     0.999121       620716      1137.78
        0.69     0.999170       620716      1204.71
        0.69     0.999219       620716      1280.00
        0.69     0.999268       620716      1365.33
        0.69     0.999316       620830      1462.86
        0.69     0.999365       620830      1575.38
        0.69     0.999414       620830      1706.67
        0.69     0.999463       620830      1861.82
        0.70     0.999512       620910      2048.00
        0.70     0.999536       620910      2155.79
        0.70     0.999561       620910      2275.56
        0.70     0.999585       620910      2409.41
        0.71     0.999609       620949      2560.00
        0.71     0.999634       620949      2730.67
        0.71     0.999658       620949      2925.71
        0.72     0.999683       620964      3150.77
        0.73     0.999707       620984      3413.33
        0.73     0.999731       620996      3723.64
        0.74     0.999756       621007      4096.00
        0.76     0.999768       621015      4311.58
        0.78     0.999780       621023      4551.11
        0.80     0.999792       621031      4818.82
        0.81     0.999805       621037      5120.00
        0.83     0.999817       621045      5461.33
        0.85     0.999829       621057      5851.43
        0.86     0.999841       621060      6301.54
        0.88     0.999854       621068      6826.67
        0.90     0.999866       621076      7447.27
        0.91     0.999878       621083      8192.00
        0.92     0.999884       621086      8623.16
        0.94     0.999890       621091      9102.22
        0.96     0.999896       621095      9637.65
        1.00     0.999902       621098     10240.00
        1.16     0.999908       621102     10922.67
        1.33     0.999915       621106     11702.86
        1.38     0.999921       621109     12603.08
        1.53     0.999927       621113     13653.33
        2.16     0.999933       621118     14894.55
        2.19     0.999939       621121     16384.00
        2.21     0.999942       621122     17246.32
        2.25     0.999945       621124     18204.44
        2.29     0.999948       621126     19275.29
        2.32     0.999951       621128     20480.00
        2.38     0.999954       621130     21845.33
        2.43     0.999957       621132     23405.71
        2.53     0.999960       621134     25206.15
        2.62     0.999963       621136     27306.67
        2.64     0.999966       621138     29789.09
        2.67     0.999969       621140     32768.00
        2.67     0.999971       621140     34492.63
        2.70     0.999973       621141     36408.89
        2.72     0.999974       621143     38550.59
        2.72     0.999976       621143     40960.00
        2.77     0.999977       621144     43690.67
        2.78     0.999979       621145     46811.43
        2.88     0.999980       621146     50412.31
        3.26     0.999982       621147     54613.33
        3.28     0.999983       621148     59578.18
        3.33     0.999985       621149     65536.00
        3.33     0.999986       621149     68985.26
        3.38     0.999986       621151     72817.78
        3.38     0.999987       621151     77101.18
        3.38     0.999988       621151     81920.00
        3.38     0.999989       621151     87381.33
        3.39     0.999989       621154     93622.86
        3.39     0.999990       621154    100824.62
        3.39     0.999991       621154    109226.67
        3.39     0.999992       621154    119156.36
        3.39     0.999992       621154    131072.00
        3.39     0.999993       621154    137970.53
        3.39     0.999993       621154    145635.56
        3.39     0.999994       621154    154202.35
        3.41     0.999994       621155    163840.00
        3.41     0.999994       621155    174762.67
        3.41     0.999995       621155    187245.71
        3.41     0.999995       621155    201649.23
        3.52     0.999995       621156    218453.33
        3.52     0.999996       621156    238312.73
        3.52     0.999996       621156    262144.00
        3.52     0.999996       621156    275941.05
        3.52     0.999997       621156    291271.11
        3.52     0.999997       621156    308404.71
        3.54     0.999997       621157    327680.00
        3.54     0.999997       621157    349525.33
        3.54     0.999997       621157    374491.43
        3.54     0.999998       621157    403298.46
        3.54     0.999998       621157    436906.67
        3.54     0.999998       621157    476625.45
        3.54     0.999998       621157    524288.00
        3.54     0.999998       621157    551882.11
        3.54     0.999998       621157    582542.22
        3.54     0.999998       621157    616809.41
        3.55     0.999998       621158    655360.00
        3.55     1.000000       621158          inf
#[Mean    =        0.386, StdDeviation   =        0.091]
#[Max     =        3.551, Total count    =       621158]
#[Buckets =           20, SubBuckets     =          256]
