       Value   Percentile   TotalCount 1/(1-Percentile)

        0.24     0.000000            2         1.00
        0.44     0.050000        18533         1.05
        0.47     0.100000        38092         1.11
        0.52     0.150000        57668         1.18
        0.55     0.200000        78773         1.25
        0.57     0.250000        99452         1.33
        0.57     0.300000       111468         1.43
        0.59     0.350000       134374         1.54
        0.61     0.400000       151424         1.67
        0.63     0.450000       169548         1.82
        0.66     0.500000       192013         2.00
        0.66     0.525000       201785         2.11
        0.66     0.550000       201785         2.22
        0.67     0.575000       212581         2.35
        0.68     0.600000       223882         2.50
        0.69     0.625000       235560         2.67
        0.69     0.650000       247089         2.86
        0.70     0.675000       258371         3.08
        0.70     0.700000       258371         3.33
        0.71     0.725000       268958         3.64
        0.72     0.750000       278756         4.00
        0.73     0.762500       287200         4.21
        0.73     0.775000       287200         4.44
        0.73     0.787500       294360         4.71
        0.73     0.800000       294360         5.00
        0.74     0.812500       300076         5.33
        0.75     0.825000       304470         5.71
        0.76     0.837500       307754         6.15
        0.78     0.850000       311752         6.67
        0.84     0.862500       316231         7.27
        0.88     0.875000       322393         8.00
        0.89     0.881250       325011         8.42
        0.90     0.887500       328077         8.89
        0.90     0.893750       328077         9.41
        0.90     0.900000       331592        10.00
        0.91     0.906250       335589        10.67
        0.91     0.912500       335589        11.43
        0.92     0.918750       339827        12.31
        0.92     0.925000       339827        13.33
        0.93     0.931250       344073        14.55
        0.93     0.937500       344073        16.00
        0.94     0.940625       348297        16.84
        0.94     0.943750       348297        17.78
        0.94     0.946875       348297        18.82
        0.94     0.950000       352228        20.00
        0.94     0.953125       352228        21.33
        0.94     0.956250       352228        22.86
        0.94     0.959375       352228        24.62
        0.95     0.962500       355779        26.67
        0.95     0.965625       355779        29.09
        0.95     0.968750       355779        32.00
        0.95     0.970313       355779        33.68
        0.96     0.971875       358781        35.56
        0.96     0.973437       358781        37.65
        0.96     0.975000       358781        40.00
        0.96     0.976562       358781        42.67
        0.96     0.978125       358781        45.71
        0.97     0.979688       361143        49.23
        0.97     0.981250       361143        53.33
        0.97     0.982812       361143        58.18
        0.97     0.984375       361143        64.00
        0.97     0.985156       362941        67.37
        0.97     0.985938       362941        71.11
        0.97     0.986719       362941        75.29
        0.97     0.987500       362941        80.00
        0.97     0.988281       362941        85.33
        0.97     0.989062       362941        91.43
        0.97     0.989844       362941        98.46
        0.98     0.990625       364203       106.67
        0.98     0.991406       364203       116.36
        0.98     0.992188       364203       128.00
        0.98     0.992578       364203       134.74
        0.98     0.992969       364203       142.22
        0.98     0.993359       364203       150.59
        0.99     0.993750       365056       160.00
        0.99     0.994141       365056       170.67
        0.99     0.994531       365056       182.86
        0.99     0.994922       365056       196.92
        0.99     0.995313       365056       213.33
        1.00     0.995703       365666       232.73
        1.00     0.996094       365666       256.00
        1.00     0.996289       365666       269.47
        1.00     0.996484       365666       284.44
        1.00     0.996680       365666       301.18
        1.00     0.996875       365666       320.00
        1.00     0.997070       365666       341.33
        1.00     0.997266       365666       365.71
        1.01     0.997461       366032       393.85
        1.01     0.997656       366032       426.67
        1.01     0.997852       366032       465.45
        1.01     0.998047       366032       512.00
        1.01     0.998145       366032       538.95
        1.01     0.998242       366032       568.89
        1.01     0.998340       366032       602.35
        1.01     0.998437       366230       640.00
        1.01     0.998535       366230       682.67
        1.01     0.998633       366230       731.43
        1.01     0.998730       366230       787.69
        1.01     0.998828       366230       853.33
        1.02     0.998926       366397       930.91
        1.02     0.999023       366397      1024.00
        1.02     0.999072       366397      1077.89
        1.02     0.999121       366397      1137.78
        1.02     0.999170       366397      1204.71
        1.02     0.999219       366397      1280.00
        1.02     0.999268       366397      1365.33
        1.02     0.999316       366397      1462.86
        1.03     0.999365       366473      1575.38
        1.03     0.999414       366473      1706.67
        1.03     0.999463       366473      1861.82
        1.03     0.999512       366473      2048.00
        1.03     0.999536       366473      2155.79
        1.03     0.999561       366473      2275.56
        1.04     0.999585       366521      2409.41
        1.04     0.999609       366521      2560.00
        1.04     0.999634       366521      2730.67
        1.04     0.999658       366521      2925.71
        1.04     0.999683       366521      3150.77
        1.05     0.999707       366548      3413.33
        1.05     0.999731       366548      3723.64
        1.05     0.999756       366548      4096.00
        1.05     0.999768       366567      4311.58
        1.05     0.999780       366567      4551.11
        1.05     0.999792       366567      4818.82
        1.05     0.999805       366567      5120.00
        1.05     0.999817       366567      5461.33
        1.07     0.999829       366578      5851.43
        1.07     0.999841       366578      6301.54
        1.09     0.999854       366582      6826.67
        1.10     0.999866       366586      7447.27
        1.12     0.999878       366597      8192.00
        1.12     0.999884       366597      8623.16
        1.12     0.999890       366597      9102.22
        1.12     0.999896       366597      9637.65
        1.13     0.999902       366600     10240.00
        1.14     0.999908       366605     10922.67
        1.14     0.999915       366605     11702.86
        1.14     0.999921       366605     12603.08
        1.15     0.999927       366608     13653.33
        1.18     0.999933       366611     14894.55
        1.19     0.999939       366614     16384.00
        1.19     0.999942       366614     17246.32
        1.19     0.999945       366614     18204.44
        1.20     0.999948       366615     19275.29
        1.21     0.999951       366617     20480.00
        1.22     0.999954       366618     21845.33
        1.22     0.999957       366619     23405.71
        1.24     0.999960       366621     25206.15
        1.24     0.999963       366621     27306.67
        1.25     0.999966       366622     29789.09
        1.26     0.999969       366623     32768.00
        1.27     0.999971       366627     34492.63
        1.27     0.999973       366627     36408.89
        1.27     0.999974       366627     38550.59
        1.27     0.999976       366627     40960.00
        1.27     0.999977       366627     43690.67
        1.27     0.999979       366627     46811.43
        1.27     0.999980       366627     50412.31
        1.29     0.999982       366629     54613.33
        1.29     0.999983       366629     59578.18
        1.29     0.999985       366629     65536.00
        1.29     0.999986       366629     68985.26
        1.29     0.999986       366629     72817.78
        1.34     0.999987       366630     77101.18
        1.34     0.999988       366630     81920.00
        1.34     0.999989       366630     87381.33
        1.38     0.999989       366631     93622.86
        1.38     0.999990       366631    100824.62
        1.38     0.999991       366631    109226.67
        1.38     0.999992       366631    119156.36
        1.45     0.999992       366633    131072.00
        1.45     0.999993       366633    137970.53
        1.45     0.999993       366633    145635.56
        1.45     0.999994       366633    154202.35
        1.45     0.999994       366633    163840.00
        1.45     0.999994       366633    174762.67
        1.45     0.999995       366633    187245.71
        1.45     0.999995       366633    201649.23
        1.45     0.999995       366633    218453.33
        1.45     0.999996       366633    238312.73
        1.45     0.999996       366633    262144.00
        1.45     0.999996       366633    275941.05
        1.45     0.999997       366633    291271.11
        1.45     0.999997       366633    308404.71
        1.45     0.999997       366633    327680.00
        1.45     0.999997       366633    349525.33
        1.61     0.999997       366634    374491.43
        1.61     1.000000       366634          inf
#[Mean    =        0.654, StdDeviation   =        0.141]
#[Max     =        1.615, Total count    =       366634]
#[Buckets =           20, SubBuckets     =          256]
