       Value   Percentile   TotalCount 1/(1-Percentile)

        0.18     0.000000            1         1.00
        0.31     0.050000        39157         1.05
        0.32     0.100000        55847         1.11
        0.37     0.150000        82356         1.18
        0.38     0.200000       107819         1.25
        0.40     0.250000       150891         1.33
        0.41     0.300000       173437         1.43
        0.41     0.350000       195761         1.54
        0.42     0.400000       213998         1.67
        0.45     0.450000       248660         1.82
        0.46     0.500000       267532         2.00
        0.46     0.525000       292536         2.11
        0.46     0.550000       292536         2.22
        0.47     0.575000       321565         2.35
        0.47     0.600000       321565         2.50
        0.48     0.625000       352315         2.67
        0.48     0.650000       352315         2.86
        0.49     0.675000       382808         3.08
        0.49     0.700000       382808         3.33
        0.49     0.725000       382808         3.64
        0.49     0.750000       410607         4.00
        0.49     0.762500       410607         4.21
        0.49     0.775000       410607         4.44
        0.50     0.787500       431131         4.71
        0.50     0.800000       431131         5.00
        0.50     0.812500       431131         5.33
        0.51     0.825000       442433         5.71
        0.51     0.837500       442433         6.15
        0.52     0.850000       447319         6.67
        0.61     0.862500       454352         7.27
        0.64     0.875000       465783         8.00
        0.64     0.881250       465783         8.42
        0.65     0.887500       475017         8.89
        0.65     0.893750       475017         9.41
        0.65     0.900000       475017        10.00
        0.66     0.906250       486801        10.67
        0.66     0.912500       486801        11.43
        0.66     0.918750       486801        12.31
        0.66     0.925000       486801        13.33
        0.66     0.931250       499365        14.55
        0.66     0.937500       499365        16.00
        0.66     0.940625       499365        16.84
        0.66     0.943750       499365        17.78
        0.66     0.946875       499365        18.82
        0.67     0.950000       509990        20.00
        0.67     0.953125       509990        21.33
        0.67     0.956250       509990        22.86
        0.67     0.959375       509990        24.62
        0.67     0.962500       509990        26.67
        0.67     0.965625       509990        29.09
        0.67     0.968750       509990        32.00
        0.68     0.970313       517545        33.68
        0.68     0.971875       517545        35.56
        0.68     0.973437       517545        37.65
        0.68     0.975000       517545        40.00
        0.68     0.976562       517545        42.67
        0.68     0.978125       517545        45.71
        0.68     0.979688       517545        49.23
        0.68     0.981250       517545        53.33
        0.68     0.982812       517545        58.18
        0.69     0.984375       522021        64.00
        0.69     0.985156       522021        67.37
        0.69     0.985938       522021        71.11
        0.69     0.986719       522021        75.29
        0.69     0.987500       522021        80.00
        0.69     0.988281       522021        85.33
        0.69     0.989062       522021        91.43
        0.69     0.989844       522021        98.46
        0.69     0.990625       522021       106.67
        0.69     0.991406       522021       116.36
        0.69     0.992188       522021       128.00
        0.69     0.992578       522021       134.74
        0.69     0.992969       524195       142.22
        0.69     0.993359       524195       150.59
        0.69     0.993750       524195       160.00
        0.69     0.994141       524195       170.67
        0.69     0.994531       524195       182.86
        0.69     0.994922       524195       196.92
        0.69     0.995313       524195       213.33
        0.69     0.995703       524195       232.73
        0.69     0.996094       524195       256.00
        0.69     0.996289       524195       269.47
        0.69     0.996484       524195       284.44
        0.69     0.996680       524195       301.18
        0.70     0.996875       525129       320.00
        0.70     0.997070       525129       341.33
        0.70     0.997266       525129       365.71
        0.70     0.997461       525129       393.85
        0.70     0.997656       525129       426.67
        0.70     0.997852       525129       465.45
        0.70     0.998047       525129       512.00
        0.70     0.998145       525129       538.95
        0.70     0.998242       525129       568.89
        0.70     0.998340       525129       602.35
        0.70     0.998437       525129       640.00
        0.71     0.998535       525491       682.67
        0.71     0.998633       525491       731.43
        0.71     0.998730       525491       787.69
        0.71     0.998828       525491       853.33
        0.71     0.998926       525491       930.91
        0.71     0.999023       525491      1024.00
        0.71     0.999072       525491      1077.89
        0.71     0.999121       525491      1137.78
        0.71     0.999170       525491      1204.71
        0.72     0.999219       525627      1280.00
        0.72     0.999268       525627      1365.33
        0.72     0.999316       525627      1462.86
        0.72     0.999365       525627      1575.38
        0.72     0.999414       525627      1706.67
        0.73     0.999463       525702      1861.82
        0.73     0.999512       525702      2048.00
        0.73     0.999536       525702      2155.79
        0.73     0.999561       525702      2275.56
        0.73     0.999585       525702      2409.41
        0.73     0.999609       525738      2560.00
        0.73     0.999634       525738      2730.67
        0.74     0.999658       525770      2925.71
        0.74     0.999683       525770      3150.77
        0.74     0.999707       525770      3413.33
        0.75     0.999731       525787      3723.64
        0.76     0.999756       525805      4096.00
        0.76     0.999768       525805      4311.58
        0.76     0.999780       525805      4551.11
        0.77     0.999792       525817      4818.82
        0.77     0.999805       525817      5120.00
        0.78     0.999817       525823      5461.33
        0.78     0.999829       525834      5851.43
        0.79     0.999841       525843      6301.54
        0.79     0.999854       525843      6826.67
        0.80     0.999866       525852      7447.27
        0.81     0.999878       525859      8192.00
        0.81     0.999884       525859      8623.16
        0.81     0.999890       525863      9102.22
        0.82     0.999896       525868      9637.65
        0.82     0.999902       525868     10240.00
        0.83     0.999908       525875     10922.67
        0.83     0.999915       525875     11702.86
        0.84     0.999921       525880     12603.08
        0.85     0.999927       525886     13653.33
        0.85     0.999933       525886     14894.55
        0.85     0.999939       525888     16384.00
        0.86     0.999942       525890     17246.32
        0.87     0.999945       525891     18204.44
        0.88     0.999948       525895     19275.29
        0.88     0.999951       525895     20480.00
        0.88     0.999954       525895     21845.33
        0.89     0.999957       525898     23405.71
        0.90     0.999960       525900     25206.15
        0.90     0.999963       525900     27306.67
        0.93     0.999966       525903     29789.09
        0.93     0.999969       525903     32768.00
        0.94     0.999971       525905     34492.63
        0.94     0.999973       525905     36408.89
        0.96     0.999974       525906     38550.59
        0.97     0.999976       525908     40960.00
        0.97     0.999977       525908     43690.67
        0.97     0.999979       525908     46811.43
        1.00     0.999980       525909     50412.31
        1.01     0.999982       525910     54613.33
        1.04     0.999983       525911     59578.18
        1.04     0.999985       525911     65536.00
        1.10     0.999986       525912     68985.26
        1.10     0.999986       525912     72817.78
        1.15     0.999987       525913     77101.18
        1.15     0.999988       525913     81920.00
        1.15     0.999989       525913     87381.33
        1.20     0.999989       525914     93622.86
        1.20     0.999990       525914    100824.62
        1.47     0.999991       525915    109226.67
        1.47     0.999992       525915    119156.36
        1.47     0.999992       525915    131072.00
       10.11     0.999993       525916    137970.53
       10.11     0.999993       525916    145635.56
       10.11     0.999994       525916    154202.35
       10.11     0.999994       525916    163840.00
       10.11     0.999994       525916    174762.67
       10.30     0.999995       525917    187245.71
       10.30     0.999995       525917    201649.23
       10.30     0.999995       525917    218453.33
       10.30     0.999996       525917    238312.73
       10.30     0.999996       525917    262144.00
       10.37     0.999996       525919    275941.05
       10.37     1.000000       525919          inf
#[Mean    =        0.456, StdDeviation   =        0.104]
#[Max     =       10.367, Total count    =       525919]
#[Buckets =           20, SubBuckets     =          256]
