       Value   Percentile   TotalCount 1/(1-Percentile)

        0.23     0.000000            1         1.00
        0.41     0.050000        21957         1.05
        0.45     0.100000        42538         1.11
        0.49     0.150000        60392         1.18
        0.52     0.200000        85793         1.25
        0.54     0.250000       108706         1.33
        0.54     0.300000       121258         1.43
        0.56     0.350000       143931         1.54
        0.57     0.400000       160723         1.67
        0.60     0.450000       181432         1.82
        0.61     0.500000       199750         2.00
        0.62     0.525000       210980         2.11
        0.63     0.550000       223283         2.22
        0.63     0.575000       223283         2.35
        0.64     0.600000       236011         2.50
        0.65     0.625000       248915         2.67
        0.66     0.650000       261831         2.86
        0.66     0.675000       273976         3.08
        0.66     0.700000       273976         3.33
        0.67     0.725000       285062         3.64
        0.68     0.750000       294943         4.00
        0.69     0.762500       303396         4.21
        0.69     0.775000       303396         4.44
        0.69     0.787500       310311         4.71
        0.70     0.800000       315825         5.00
        0.70     0.812500       315825         5.33
        0.72     0.825000       323146         5.71
        0.73     0.837500       325610         6.15
        0.75     0.850000       330070         6.67
        0.80     0.862500       335313         7.27
        0.82     0.875000       340427         8.00
        0.83     0.881250       343081         8.42
        0.84     0.887500       346245         8.89
        0.85     0.893750       349812         9.41
        0.85     0.900000       349812        10.00
        0.85     0.906250       353851        10.67
        0.86     0.912500       358105        11.43
        0.86     0.918750       358105        12.31
        0.87     0.925000       362634        13.33
        0.87     0.931250       362634        14.55
        0.88     0.937500       366876        16.00
        0.88     0.940625       366876        16.84
        0.88     0.943750       366876        17.78
        0.89     0.946875       370957        18.82
        0.89     0.950000       370957        20.00
        0.89     0.953125       370957        21.33
        0.90     0.956250       374470        22.86
        0.90     0.959375       374470        24.62
        0.90     0.962500       374470        26.67
        0.90     0.965625       377530        29.09
        0.90     0.968750       377530        32.00
        0.90     0.970313       377530        33.68
        0.90     0.971875       377530        35.56
        0.91     0.973437       379979        37.65
        0.91     0.975000       379979        40.00
        0.91     0.976562       379979        42.67
        0.91     0.978125       379979        45.71
        0.92     0.979688       381847        49.23
        0.92     0.981250       381847        53.33
        0.92     0.982812       381847        58.18
        0.93     0.984375       383325        64.00
        0.93     0.985156       383325        67.37
        0.93     0.985938       383325        71.11
        0.93     0.986719       383325        75.29
        0.93     0.987500       383325        80.00
        0.94     0.988281       384356        85.33
        0.94     0.989062       384356        91.43
        0.94     0.989844       384356        98.46
        0.94     0.990625       385118       106.67
        0.94     0.991406       385118       116.36
        0.94     0.992188       385118       128.00
        0.95     0.992578       385672       134.74
        0.95     0.992969       385672       142.22
        0.95     0.993359       385672       150.59
        0.95     0.993750       385672       160.00
        0.96     0.994141       386127       170.67
        0.96     0.994531       386127       182.86
        0.96     0.994922       386127       196.92
        0.97     0.995313       386436       213.33
        0.97     0.995703       386436       232.73
        0.97     0.996094       386683       256.00
        0.97     0.996289       386683       269.47
        0.98     0.996484       386885       284.44
        0.98     0.996680       386885       301.18
        0.98     0.996875       386885       320.00
        0.99     0.997070       387065       341.33
        0.99     0.997266       387065       365.71
        1.00     0.997461       387204       393.85
        1.00     0.997656       387204       426.67
        1.01     0.997852       387318       465.45
        1.01     0.998047       387318       512.00
        1.01     0.998145       387415       538.95
        1.01     0.998242       387415       568.89
        1.01     0.998340       387415       602.35
        1.02     0.998437       387503       640.00
        1.02     0.998535       387503       682.67
        1.03     0.998633       387560       731.43
        1.03     0.998730       387560       787.69
        1.04     0.998828       387626       853.33
        1.05     0.998926       387684       930.91
        1.05     0.999023       387684      1024.00
        1.05     0.999072       387731      1077.89
        1.05     0.999121       387731      1137.78
        1.05     0.999170       387731      1204.71
        1.06     0.999219       387764      1280.00
        1.07     0.999268       387799      1365.33
        1.07     0.999316       387799      1462.86
        1.08     0.999365       387822      1575.38
        1.09     0.999414       387845      1706.67
        1.09     0.999463       387845      1861.82
        1.09     0.999512       387867      2048.00
        1.10     0.999536       387877      2155.79
        1.11     0.999561       387893      2275.56
        1.11     0.999585       387893      2409.41
        1.12     0.999609       387902      2560.00
        1.14     0.999634       387916      2730.67
        1.14     0.999658       387920      2925.71
        1.16     0.999683       387932      3150.77
        1.19     0.999707       387940      3413.33
        1.22     0.999731       387951      3723.64
        1.25     0.999756       387958      4096.00
        1.26     0.999768       387963      4311.58
        1.29     0.999780       387967      4551.11
        1.32     0.999792       387972      4818.82
        1.34     0.999805       387978      5120.00
        1.37     0.999817       387983      5461.33
        1.39     0.999829       387986      5851.43
        1.45     0.999841       387991      6301.54
        1.50     0.999854       387996      6826.67
        1.61     0.999866       388000      7447.27
        2.51     0.999878       388006      8192.00
        2.65     0.999884       388007      8623.16
        3.57     0.999890       388010      9102.22
        3.71     0.999896       388012      9637.65
        3.74     0.999902       388015     10240.00
        3.76     0.999908       388018     10922.67
        3.77     0.999915       388019     11702.86
        3.95     0.999921       388022     12603.08
        4.01     0.999927       388024     13653.33
        4.09     0.999933       388026     14894.55
        4.25     0.999939       388029     16384.00
        4.42     0.999942       388030     17246.32
        4.45     0.999945       388031     18204.44
        4.51     0.999948       388032     19275.29
        4.61     0.999951       388035     20480.00
        4.61     0.999954       388035     21845.33
        4.67     0.999957       388036     23405.71
        4.77     0.999960       388039     25206.15
        4.77     0.999963       388039     27306.67
        4.77     0.999966       388039     29789.09
        6.53     0.999969       388041     32768.00
        6.53     0.999971       388041     34492.63
        6.59     0.999973       388042     36408.89
        6.59     0.999974       388042     38550.59
        6.72     0.999976       388044     40960.00
        6.72     0.999977       388044     43690.67
        6.72     0.999979       388044     46811.43
        6.78     0.999980       388045     50412.31
        6.78     0.999982       388045     54613.33
        6.85     0.999983       388046     59578.18
        6.88     0.999985       388047     65536.00
        6.88     0.999986       388047     68985.26
        6.88     0.999986       388047     72817.78
        6.88     0.999987       388047     77101.18
        6.94     0.999988       388049     81920.00
        6.94     0.999989       388049     87381.33
        6.94     0.999989       388049     93622.86
        6.94     0.999990       388049    100824.62
        6.94     0.999991       388049    109226.67
        6.94     0.999992       388049    119156.36
        7.07     0.999992       388050    131072.00
        7.07     0.999993       388050    137970.53
        7.07     0.999993       388050    145635.56
        7.07     0.999994       388050    154202.35
        7.07     0.999994       388050    163840.00
        7.07     0.999994       388050    174762.67
        7.07     0.999995       388050    187245.71
        7.13     0.999995       388051    201649.23
        7.13     0.999995       388051    218453.33
        7.13     0.999996       388051    238312.73
        7.13     0.999996       388051    262144.00
        7.13     0.999996       388051    275941.05
        7.13     0.999997       388051    291271.11
        7.13     0.999997       388051    308404.71
        7.13     0.999997       388051    327680.00
        7.13     0.999997       388051    349525.33
        7.13     0.999997       388051    374491.43
        7.17     0.999998       388052    403298.46
        7.17     1.000000       388052          inf
#[Mean    =        0.618, StdDeviation   =        0.143]
#[Max     =        7.167, Total count    =       388052]
#[Buckets =           20, SubBuckets     =          256]
