       Value   Percentile   TotalCount 1/(1-Percentile)

        0.16     0.000000            1         1.00
        0.35     0.050000        30235         1.05
        0.37     0.100000        55290         1.11
        0.39     0.150000        69523         1.18
        0.43     0.200000        92985         1.25
        0.45     0.250000       122248         1.33
        0.46     0.300000       154812         1.43
        0.47     0.350000       171291         1.54
        0.48     0.400000       186430         1.67
        0.50     0.450000       214202         1.82
        0.52     0.500000       238425         2.00
        0.53     0.525000       256514         2.11
        0.53     0.550000       256514         2.22
        0.54     0.575000       277223         2.35
        0.54     0.600000       299570         2.50
        0.54     0.625000       299570         2.67
        0.55     0.650000       323023         2.86
        0.55     0.675000       323023         3.08
        0.56     0.700000       346350         3.33
        0.56     0.725000       346350         3.64
        0.57     0.750000       366726         4.00
        0.57     0.762500       366726         4.21
        0.57     0.775000       366726         4.44
        0.57     0.787500       366726         4.71
        0.57     0.800000       381133         5.00
        0.57     0.812500       381133         5.33
        0.58     0.825000       389684         5.71
        0.58     0.837500       389684         6.15
        0.60     0.850000       395805         6.67
        0.67     0.862500       399934         7.27
        0.72     0.875000       406677         8.00
        0.73     0.881250       410866         8.42
        0.73     0.887500       417232         8.89
        0.73     0.893750       417232         9.41
        0.73     0.900000       417232        10.00
        0.74     0.906250       425652        10.67
        0.74     0.912500       425652        11.43
        0.75     0.918750       435297        12.31
        0.75     0.925000       435297        13.33
        0.75     0.931250       435297        14.55
        0.75     0.937500       435297        16.00
        0.76     0.940625       444369        16.84
        0.76     0.943750       444369        17.78
        0.76     0.946875       444369        18.82
        0.76     0.950000       444369        20.00
        0.76     0.953125       444369        21.33
        0.76     0.956250       444369        22.86
        0.77     0.959375       451862        24.62
        0.77     0.962500       451862        26.67
        0.77     0.965625       451862        29.09
        0.77     0.968750       451862        32.00
        0.77     0.970313       451862        33.68
        0.77     0.971875       451862        35.56
        0.77     0.973437       451862        37.65
        0.77     0.975000       451862        40.00
        0.78     0.976562       456975        42.67
        0.78     0.978125       456975        45.71
        0.78     0.979688       456975        49.23
        0.78     0.981250       456975        53.33
        0.78     0.982812       456975        58.18
        0.78     0.984375       456975        64.00
        0.78     0.985156       456975        67.37
        0.78     0.985938       456975        71.11
        0.78     0.986719       460045        75.29
        0.78     0.987500       460045        80.00
        0.78     0.988281       460045        85.33
        0.78     0.989062       460045        91.43
        0.78     0.989844       460045        98.46
        0.78     0.990625       460045       106.67
        0.78     0.991406       460045       116.36
        0.78     0.992188       460045       128.00
        0.78     0.992578       460045       134.74
        0.79     0.992969       461631       142.22
        0.79     0.993359       461631       150.59
        0.79     0.993750       461631       160.00
        0.79     0.994141       461631       170.67
        0.79     0.994531       461631       182.86
        0.79     0.994922       461631       196.92
        0.79     0.995313       461631       213.33
        0.79     0.995703       461631       232.73
        0.79     0.996094       461631       256.00
        0.80     0.996289       462439       269.47
        0.80     0.996484       462439       284.44
        0.80     0.996680       462439       301.18
        0.80     0.996875       462439       320.00
        0.80     0.997070       462439       341.33
        0.80     0.997266       462439       365.71
        0.80     0.997461       462439       393.85
        0.80     0.997656       462439       426.67
        0.80     0.997852       462439       465.45
        0.81     0.998047       462811       512.00
        0.81     0.998145       462811       538.95
        0.81     0.998242       462811       568.89
        0.81     0.998340       462811       602.35
        0.81     0.998437       462811       640.00
        0.81     0.998535       462811       682.67
        0.81     0.998633       462811       731.43
        0.81     0.998730       462959       787.69
        0.81     0.998828       462959       853.33
        0.81     0.998926       462959       930.91
        0.82     0.999023       463050      1024.00
        0.82     0.999072       463050      1077.89
        0.82     0.999121       463050      1137.78
        0.82     0.999170       463050      1204.71
        0.83     0.999219       463103      1280.00
        0.83     0.999268       463103      1365.33
        0.84     0.999316       463136      1462.86
        0.85     0.999365       463166      1575.38
        0.85     0.999414       463166      1706.67
        0.85     0.999463       463193      1861.82
        0.86     0.999512       463211      2048.00
        0.87     0.999536       463230      2155.79
        0.88     0.999561       463247      2275.56
        0.88     0.999585       463247      2409.41
        0.89     0.999609       463258      2560.00
        0.90     0.999634       463267      2730.67
        0.90     0.999658       463280      2925.71
        0.91     0.999683       463287      3150.77
        0.93     0.999707       463305      3413.33
        0.94     0.999731       463312      3723.64
        0.95     0.999756       463322      4096.00
        0.97     0.999768       463332      4311.58
        0.98     0.999780       463339      4551.11
        0.98     0.999792       463339      4818.82
        0.99     0.999805       463345      5120.00
        1.00     0.999817       463353      5461.33
        1.01     0.999829       463356      5851.43
        1.02     0.999841       463361      6301.54
        1.05     0.999854       463368      6826.67
        1.07     0.999866       463372      7447.27
        1.10     0.999878       463378      8192.00
        1.12     0.999884       463381      8623.16
        1.14     0.999890       463384      9102.22
        1.16     0.999896       463386      9637.65
        1.18     0.999902       463390     10240.00
        1.19     0.999908       463393     10922.67
        1.20     0.999915       463396     11702.86
        1.21     0.999921       463398     12603.08
        1.22     0.999927       463402     13653.33
        1.23     0.999933       463405     14894.55
        1.24     0.999939       463407     16384.00
        1.25     0.999942       463408     17246.32
        1.25     0.999945       463410     18204.44
        1.25     0.999948       463410     19275.29
        1.26     0.999951       463413     20480.00
        1.26     0.999954       463413     21845.33
        1.27     0.999957       463415     23405.71
        1.29     0.999960       463417     25206.15
        1.30     0.999963       463419     27306.67
        1.30     0.999966       463419     29789.09
        1.33     0.999969       463420     32768.00
        1.33     0.999971       463421     34492.63
        1.35     0.999973       463423     36408.89
        1.35     0.999974       463423     38550.59
        1.35     0.999976       463423     40960.00
        1.36     0.999977       463424     43690.67
        1.39     0.999979       463425     46811.43
        1.39     0.999980       463425     50412.31
        1.49     0.999982       463427     54613.33
        1.49     0.999983       463427     59578.18
        1.49     0.999985       463427     65536.00
        1.50     0.999986       463428     68985.26
        1.50     0.999986       463428     72817.78
        1.50     0.999987       463428     77101.18
        1.55     0.999988       463429     81920.00
        1.55     0.999989       463429     87381.33
        1.65     0.999989       463430     93622.86
        1.65     0.999990       463430    100824.62
        1.65     0.999991       463430    109226.67
        2.06     0.999992       463431    119156.36
        2.06     0.999992       463431    131072.00
        2.06     0.999993       463431    137970.53
        2.06     0.999993       463431    145635.56
        2.06     0.999994       463431    154202.35
        2.25     0.999994       463432    163840.00
        2.25     0.999994       463432    174762.67
        2.25     0.999995       463432    187245.71
        2.25     0.999995       463432    201649.23
        2.25     0.999995       463432    218453.33
        2.40     0.999996       463433    238312.73
        2.40     0.999996       463433    262144.00
        2.40     0.999996       463433    275941.05
        2.40     0.999997       463433    291271.11
        2.40     0.999997       463433    308404.71
        2.40     0.999997       463433    327680.00
        2.40     0.999997       463433    349525.33
        2.40     0.999997       463433    374491.43
        2.40     0.999998       463433    403298.46
        2.40     0.999998       463433    436906.67
        2.46     0.999998       463434    476625.45
        2.46     1.000000       463434          inf
#[Mean    =        0.517, StdDeviation   =        0.117]
#[Max     =        2.463, Total count    =       463434]
#[Buckets =           20, SubBuckets     =          256]
