       Value   Percentile   TotalCount 1/(1-Percentile)

        0.15     0.000000            1         1.00
        0.32     0.050000        27128         1.05
        0.34     0.100000        55979         1.11
        0.36     0.150000        75306         1.18
        0.40     0.200000        99651         1.25
        0.41     0.250000       130586         1.33
        0.43     0.300000       165569         1.43
        0.44     0.350000       183508         1.54
        0.45     0.400000       199035         1.67
        0.47     0.450000       229404         1.82
        0.49     0.500000       262527         2.00
        0.49     0.525000       262527         2.11
        0.49     0.550000       285495         2.22
        0.49     0.575000       285495         2.35
        0.50     0.600000       310722         2.50
        0.50     0.625000       310722         2.67
        0.51     0.650000       336486         2.86
        0.51     0.675000       336486         3.08
        0.52     0.700000       361544         3.33
        0.52     0.725000       361544         3.64
        0.53     0.750000       383319         4.00
        0.53     0.762500       383319         4.21
        0.54     0.775000       399700         4.44
        0.54     0.787500       399700         4.71
        0.54     0.800000       399700         5.00
        0.54     0.812500       409776         5.33
        0.54     0.825000       409776         5.71
        0.56     0.837500       418990         6.15
        0.57     0.850000       423040         6.67
        0.65     0.862500       428464         7.27
        0.68     0.875000       439293         8.00
        0.68     0.881250       439293         8.42
        0.69     0.887500       446960         8.89
        0.69     0.893750       446960         9.41
        0.69     0.900000       446960        10.00
        0.69     0.906250       456282        10.67
        0.69     0.912500       456282        11.43
        0.69     0.918750       456282        12.31
        0.70     0.925000       466248        13.33
        0.70     0.931250       466248        14.55
        0.70     0.937500       466248        16.00
        0.71     0.940625       475008        16.84
        0.71     0.943750       475008        17.78
        0.71     0.946875       475008        18.82
        0.71     0.950000       475008        20.00
        0.71     0.953125       475008        21.33
        0.71     0.956250       475008        22.86
        0.72     0.959375       481709        24.62
        0.72     0.962500       481709        26.67
        0.72     0.965625       481709        29.09
        0.72     0.968750       481709        32.00
        0.72     0.970313       481709        33.68
        0.73     0.971875       486511        35.56
        0.73     0.973437       486511        37.65
        0.73     0.975000       486511        40.00
        0.73     0.976562       486511        42.67
        0.73     0.978125       486511        45.71
        0.73     0.979688       486511        49.23
        0.73     0.981250       489409        53.33
        0.73     0.982812       489409        58.18
        0.73     0.984375       489409        64.00
        0.73     0.985156       489409        67.37
        0.74     0.985938       491160        71.11
        0.74     0.986719       491160        75.29
        0.74     0.987500       491160        80.00
        0.74     0.988281       491160        85.33
        0.74     0.989062       491160        91.43
        0.75     0.989844       492281        98.46
        0.75     0.990625       492281       106.67
        0.75     0.991406       492281       116.36
        0.76     0.992188       493050       128.00
        0.76     0.992578       493050       134.74
        0.76     0.992969       493050       142.22
        0.77     0.993359       493635       150.59
        0.77     0.993750       493635       160.00
        0.77     0.994141       493635       170.67
        0.78     0.994531       494095       182.86
        0.78     0.994922       494095       196.92
        0.78     0.995313       494435       213.33
        0.78     0.995703       494435       232.73
        0.79     0.996094       494753       256.00
        0.79     0.996289       494753       269.47
        0.79     0.996484       494753       284.44
        0.80     0.996680       495054       301.18
        0.80     0.996875       495054       320.00
        0.80     0.997070       495054       341.33
        0.81     0.997266       495310       365.71
        0.81     0.997461       495310       393.85
        0.81     0.997656       495310       426.67
        0.81     0.997852       495523       465.45
        0.81     0.998047       495523       512.00
        0.81     0.998145       495523       538.95
        0.82     0.998242       495743       568.89
        0.82     0.998340       495743       602.35
        0.82     0.998437       495743       640.00
        0.82     0.998535       495743       682.67
        0.83     0.998633       495940       731.43
        0.83     0.998730       495940       787.69
        0.83     0.998828       495940       853.33
        0.83     0.998926       495940       930.91
        0.84     0.999023       496071      1024.00
        0.84     0.999072       496071      1077.89
        0.84     0.999121       496071      1137.78
        0.84     0.999170       496071      1204.71
        0.84     0.999219       496071      1280.00
        0.84     0.999268       496071      1365.33
        0.85     0.999316       496183      1462.86
        0.85     0.999365       496183      1575.38
        0.85     0.999414       496183      1706.67
        0.85     0.999463       496183      1861.82
        0.85     0.999512       496247      2048.00
        0.85     0.999536       496247      2155.79
        0.85     0.999561       496247      2275.56
        0.85     0.999585       496247      2409.41
        0.85     0.999609       496247      2560.00
        0.85     0.999634       496247      2730.67
        0.86     0.999658       496287      2925.71
        0.86     0.999683       496287      3150.77
        0.86     0.999707       496287      3413.33
        0.87     0.999731       496313      3723.64
        0.87     0.999756       496313      4096.00
        0.87     0.999768       496313      4311.58
        0.88     0.999780       496331      4551.11
        0.88     0.999792       496331      4818.82
        0.89     0.999805       496336      5120.00
        0.90     0.999817       496341      5461.33
        0.90     0.999829       496345      5851.43
        0.94     0.999841       496352      6301.54
        0.95     0.999854       496357      6826.67
        0.97     0.999866       496362      7447.27
        1.05     0.999878       496368      8192.00
        1.21     0.999884       496371      8623.16
        1.62     0.999890       496374      9102.22
        1.64     0.999896       496377      9637.65
        1.72     0.999902       496380     10240.00
        1.82     0.999908       496383     10922.67
        2.58     0.999915       496386     11702.86
        2.67     0.999921       496389     12603.08
        2.73     0.999927       496393     13653.33
        2.80     0.999933       496397     14894.55
        2.85     0.999939       496398     16384.00
        2.88     0.999942       496400     17246.32
        2.91     0.999945       496401     18204.44
        3.07     0.999948       496403     19275.29
        3.09     0.999951       496404     20480.00
        3.20     0.999954       496406     21845.33
        3.21     0.999957       496407     23405.71
        3.28     0.999960       496409     25206.15
        3.31     0.999963       496410     27306.67
        3.38     0.999966       496412     29789.09
        3.39     0.999969       496413     32768.00
        3.44     0.999971       496414     34492.63
        3.63     0.999973       496415     36408.89
        3.66     0.999974       496416     38550.59
        3.66     0.999976       496416     40960.00
        4.13     0.999977       496417     43690.67
        4.16     0.999979       496418     46811.43
        4.19     0.999980       496419     50412.31
        4.19     0.999982       496419     54613.33
        4.22     0.999983       496420     59578.18
        4.35     0.999985       496421     65536.00
        4.35     0.999986       496421     68985.26
        4.38     0.999986       496423     72817.78
        4.38     0.999987       496423     77101.18
        4.38     0.999988       496423     81920.00
        4.38     0.999989       496423     87381.33
        4.38     0.999989       496423     93622.86
        4.42     0.999990       496424    100824.62
        4.42     0.999991       496424    109226.67
        4.42     0.999992       496424    119156.36
        4.45     0.999992       496425    131072.00
        4.45     0.999993       496425    137970.53
        4.45     0.999993       496425    145635.56
        4.45     0.999994       496425    154202.35
        4.45     0.999994       496425    163840.00
        4.58     0.999994       496426    174762.67
        4.58     0.999995       496426    187245.71
        4.58     0.999995       496426    201649.23
        4.58     0.999995       496426    218453.33
        4.58     0.999996       496426    238312.73
        4.61     0.999996       496427    262144.00
        4.61     0.999996       496427    275941.05
        4.61     0.999997       496427    291271.11
        4.61     0.999997       496427    308404.71
        4.61     0.999997       496427    327680.00
        4.61     0.999997       496427    349525.33
        4.61     0.999997       496427    374491.43
        4.61     0.999998       496427    403298.46
        4.61     0.999998       496427    436906.67
        4.61     0.999998       496427    476625.45
        4.64     0.999998       496428    524288.00
        4.64     1.000000       496428          inf
#[Mean    =        0.483, StdDeviation   =        0.117]
#[Max     =        4.639, Total count    =       496428]
#[Buckets =           20, SubBuckets     =          256]
