       Value   Percentile   TotalCount 1/(1-Percentile)

        0.18     0.000000            2         1.00
        0.31     0.050000        34027         1.05
        0.33     0.100000        60139         1.11
        0.37     0.150000        77775         1.18
        0.39     0.200000       116223         1.25
        0.40     0.250000       136000         1.33
        0.41     0.300000       156097         1.43
        0.42     0.350000       194328         1.54
        0.43     0.400000       207181         1.67
        0.46     0.450000       242489         1.82
        0.46     0.500000       263455         2.00
        0.47     0.525000       289034         2.11
        0.47     0.550000       289034         2.22
        0.48     0.575000       316920         2.35
        0.48     0.600000       316920         2.50
        0.49     0.625000       345623         2.67
        0.49     0.650000       345623         2.86
        0.49     0.675000       373599         3.08
        0.49     0.700000       373599         3.33
        0.49     0.725000       373599         3.64
        0.50     0.750000       396621         4.00
        0.50     0.762500       396621         4.21
        0.51     0.775000       412278         4.44
        0.51     0.787500       412278         4.71
        0.51     0.800000       412278         5.00
        0.52     0.812500       421234         5.33
        0.53     0.825000       426281         5.71
        0.55     0.837500       432924         6.15
        0.59     0.850000       438407         6.67
        0.63     0.862500       445850         7.27
        0.65     0.875000       457340         8.00
        0.65     0.881250       457340         8.42
        0.65     0.887500       457340         8.89
        0.66     0.893750       466669         9.41
        0.66     0.900000       466669        10.00
        0.66     0.906250       477435        10.67
        0.66     0.912500       477435        11.43
        0.66     0.918750       477435        12.31
        0.66     0.925000       477435        13.33
        0.67     0.931250       488024        14.55
        0.67     0.937500       488024        16.00
        0.67     0.940625       488024        16.84
        0.67     0.943750       488024        17.78
        0.67     0.946875       488024        18.82
        0.68     0.950000       496337        20.00
        0.68     0.953125       496337        21.33
        0.68     0.956250       496337        22.86
        0.68     0.959375       496337        24.62
        0.68     0.962500       496337        26.67
        0.69     0.965625       502409        29.09
        0.69     0.968750       502409        32.00
        0.69     0.970313       502409        33.68
        0.69     0.971875       502409        35.56
        0.69     0.973437       502409        37.65
        0.69     0.975000       502409        40.00
        0.69     0.976562       506163        42.67
        0.69     0.978125       506163        45.71
        0.69     0.979688       506163        49.23
        0.69     0.981250       506163        53.33
        0.70     0.982812       508270        58.18
        0.70     0.984375       508270        64.00
        0.70     0.985156       508270        67.37
        0.70     0.985938       508270        71.11
        0.71     0.986719       509564        75.29
        0.71     0.987500       509564        80.00
        0.71     0.988281       509564        85.33
        0.72     0.989062       510367        91.43
        0.72     0.989844       510367        98.46
        0.73     0.990625       510918       106.67
        0.73     0.991406       510918       116.36
        0.73     0.992188       511296       128.00
        0.74     0.992578       511656       134.74
        0.74     0.992969       511656       142.22
        0.75     0.993359       511982       150.59
        0.76     0.993750       512283       160.00
        0.76     0.994141       512283       170.67
        0.77     0.994531       512562       182.86
        0.78     0.994922       512804       196.92
        0.78     0.995313       513090       213.33
        0.78     0.995703       513090       232.73
        0.79     0.996094       513369       256.00
        0.79     0.996289       513369       269.47
        0.80     0.996484       513677       284.44
        0.80     0.996680       513677       301.18
        0.80     0.996875       513677       320.00
        0.81     0.997070       514012       341.33
        0.81     0.997266       514012       365.71
        0.81     0.997461       514012       393.85
        0.81     0.997656       514284       426.67
        0.81     0.997852       514284       465.45
        0.81     0.998047       514284       512.00
        0.82     0.998145       514525       538.95
        0.82     0.998242       514525       568.89
        0.82     0.998340       514525       602.35
        0.82     0.998437       514525       640.00
        0.82     0.998535       514525       682.67
        0.83     0.998633       514712       731.43
        0.83     0.998730       514712       787.69
        0.83     0.998828       514712       853.33
        0.83     0.998926       514712       930.91
        0.84     0.999023       514846      1024.00
        0.84     0.999072       514846      1077.89
        0.84     0.999121       514846      1137.78
        0.84     0.999170       514846      1204.71
        0.85     0.999219       514936      1280.00
        0.85     0.999268       514936      1365.33
        0.85     0.999316       514936      1462.86
        0.85     0.999365       514936      1575.38
        0.85     0.999414       514992      1706.67
        0.85     0.999463       514992      1861.82
        0.86     0.999512       515024      2048.00
        0.86     0.999536       515024      2155.79
        0.87     0.999561       515055      2275.56
        0.87     0.999585       515055      2409.41
        0.87     0.999609       515055      2560.00
        0.88     0.999634       515073      2730.67
        0.89     0.999658       515096      2925.71
        0.89     0.999683       515096      3150.77
        0.90     0.999707       515107      3413.33
        0.90     0.999731       515115      3723.64
        0.93     0.999756       515130      4096.00
        0.94     0.999768       515132      4311.58
        0.96     0.999780       515141      4551.11
        0.97     0.999792       515146      4818.82
        0.99     0.999805       515152      5120.00
        1.01     0.999817       515158      5461.33
        1.03     0.999829       515166      5851.43
        1.05     0.999841       515171      6301.54
        1.08     0.999854       515177      6826.67
        1.12     0.999866       515183      7447.27
        1.30     0.999878       515189      8192.00
        1.38     0.999884       515193      8623.16
        1.61     0.999890       515195      9102.22
        1.72     0.999896       515198      9637.65
        2.35     0.999902       515201     10240.00
        2.42     0.999908       515206     10922.67
        2.43     0.999915       515207     11702.86
        2.50     0.999921       515211     12603.08
        2.56     0.999927       515215     13653.33
        2.62     0.999933       515217     14894.55
        2.72     0.999939       515220     16384.00
        2.78     0.999942       515223     17246.32
        2.78     0.999945       515223     18204.44
        2.81     0.999948       515226     19275.29
        2.81     0.999951       515226     20480.00
        2.88     0.999954       515228     21845.33
        2.94     0.999957       515229     23405.71
        3.01     0.999960       515231     25206.15
        3.04     0.999963       515234     27306.67
        3.04     0.999966       515234     29789.09
        3.49     0.999969       515236     32768.00
        3.58     0.999971       515237     34492.63
        3.58     0.999973       515237     36408.89
        3.62     0.999974       515238     38550.59
        3.63     0.999976       515239     40960.00
        3.65     0.999977       515240     43690.67
        3.65     0.999979       515240     46811.43
        3.68     0.999980       515241     50412.31
        3.69     0.999982       515242     54613.33
        3.74     0.999983       515243     59578.18
        3.76     0.999985       515244     65536.00
        3.76     0.999986       515244     68985.26
        3.76     0.999986       515244     72817.78
        3.79     0.999987       515245     77101.18
        3.79     0.999988       515245     81920.00
        3.81     0.999989       515246     87381.33
        3.81     0.999989       515246     93622.86
        3.81     0.999990       515246    100824.62
        3.85     0.999991       515248    109226.67
        3.85     0.999992       515248    119156.36
        3.85     0.999992       515248    131072.00
        3.85     0.999993       515248    137970.53
        3.85     0.999993       515248    145635.56
        3.85     0.999994       515248    154202.35
        3.85     0.999994       515248    163840.00
        3.95     0.999994       515249    174762.67
        3.95     0.999995       515249    187245.71
        3.95     0.999995       515249    201649.23
        3.95     0.999995       515249    218453.33
        3.95     0.999996       515249    238312.73
        4.00     0.999996       515250    262144.00
        4.00     0.999996       515250    275941.05
        4.00     0.999997       515250    291271.11
        4.00     0.999997       515250    308404.71
        4.00     0.999997       515250    327680.00
        4.00     0.999997       515250    349525.33
        4.00     0.999997       515250    374491.43
        4.00     0.999998       515250    403298.46
        4.00     0.999998       515250    436906.67
        4.00     0.999998       515250    476625.45
        4.05     0.999998       515251    524288.00
        4.05     1.000000       515251          inf
#[Mean    =        0.466, StdDeviation   =        0.110]
#[Max     =        4.047, Total count    =       515251]
#[Buckets =           20, SubBuckets     =          256]
