       Value   Percentile   TotalCount 1/(1-Percentile)

        0.21     0.000000            1         1.00
        0.47     0.050000        20492         1.05
        0.50     0.100000        36244         1.11
        0.54     0.150000        51992         1.18
        0.58     0.200000        74015         1.25
        0.60     0.250000        89503         1.33
        0.61     0.300000       107431         1.43
        0.63     0.350000       124539         1.54
        0.65     0.400000       138338         1.67
        0.67     0.450000       155230         1.82
        0.69     0.500000       174884         2.00
        0.70     0.525000       182497         2.11
        0.71     0.550000       191036         2.22
        0.72     0.575000       199925         2.35
        0.73     0.600000       209171         2.50
        0.73     0.625000       218477         2.67
        0.74     0.650000       227271         2.86
        0.75     0.675000       235783         3.08
        0.76     0.700000       243863         3.33
        0.77     0.725000       251246         3.64
        0.78     0.750000       257829         4.00
        0.78     0.762500       263635         4.21
        0.79     0.775000       268551         4.44
        0.80     0.787500       272634         4.71
        0.81     0.800000       275934         5.00
        0.81     0.812500       278658         5.33
        0.83     0.825000       282782         5.71
        0.85     0.837500       287064         6.15
        0.89     0.850000       291370         6.67
        0.91     0.862500       294997         7.27
        0.94     0.875000       300338         8.00
        0.94     0.881250       302598         8.42
        0.95     0.887500       305175         8.89
        0.96     0.893750       307902         9.41
        0.96     0.900000       307902        10.00
        0.97     0.906250       310936        10.67
        0.97     0.912500       314104        11.43
        0.97     0.918750       314104        12.31
        0.98     0.925000       317250        13.33
        0.99     0.931250       320331        14.55
        0.99     0.937500       320331        16.00
        1.00     0.940625       323342        16.84
        1.00     0.943750       323342        17.78
        1.01     0.946875       326159        18.82
        1.01     0.950000       326159        20.00
        1.01     0.953125       326159        21.33
        1.01     0.956250       328634        22.86
        1.01     0.959375       328634        24.62
        1.02     0.962500       330837        26.67
        1.02     0.965625       330837        29.09
        1.03     0.968750       332697        32.00
        1.03     0.970313       332697        33.68
        1.03     0.971875       332697        35.56
        1.03     0.973437       332697        37.65
        1.04     0.975000       334245        40.00
        1.04     0.976562       334245        42.67
        1.04     0.978125       334245        45.71
        1.05     0.979688       335455        49.23
        1.05     0.981250       335455        53.33
        1.05     0.982812       336366        58.18
        1.05     0.984375       336366        64.00
        1.06     0.985156       337107        67.37
        1.06     0.985938       337107        71.11
        1.06     0.986719       337107        75.29
        1.07     0.987500       337660        80.00
        1.07     0.988281       337660        85.33
        1.08     0.989062       338129        91.43
        1.08     0.989844       338129        98.46
        1.09     0.990625       338511       106.67
        1.09     0.991406       338792       116.36
        1.10     0.992188       339030       128.00
        1.10     0.992578       339030       134.74
        1.11     0.992969       339248       142.22
        1.12     0.993359       339450       150.59
        1.12     0.993750       339450       160.00
        1.13     0.994141       339623       170.67
        1.14     0.994531       339759       182.86
        1.14     0.994922       339913       196.92
        1.15     0.995313       340038       213.33
        1.16     0.995703       340153       232.73
        1.17     0.996094       340260       256.00
        1.18     0.996289       340367       269.47
        1.18     0.996484       340367       284.44
        1.18     0.996680       340467       301.18
        1.19     0.996875       340545       320.00
        1.20     0.997070       340630       341.33
        1.20     0.997266       340630       365.71
        1.21     0.997461       340707       393.85
        1.22     0.997656       340779       426.67
        1.22     0.997852       340842       465.45
        1.23     0.998047       340890       512.00
        1.24     0.998145       340942       538.95
        1.25     0.998242       340994       568.89
        1.25     0.998340       340994       602.35
        1.25     0.998437       341034       640.00
        1.26     0.998535       341067       682.67
        1.27     0.998633       341099       731.43
        1.28     0.998730       341123       787.69
        1.29     0.998828       341163       853.33
        1.29     0.998926       341190       930.91
        1.31     0.999023       341231      1024.00
        1.32     0.999072       341247      1077.89
        1.33     0.999121       341266      1137.78
        1.33     0.999170       341283      1204.71
        1.34     0.999219       341297      1280.00
        1.35     0.999268       341308      1365.33
        1.36     0.999316       341326      1462.86
        1.37     0.999365       341343      1575.38
        1.38     0.999414       341361      1706.67
        1.39     0.999463       341379      1861.82
        1.40     0.999512       341392      2048.00
        1.41     0.999536       341397      2155.79
        1.42     0.999561       341408      2275.56
        1.44     0.999585       341419      2409.41
        1.45     0.999609       341427      2560.00
        1.46     0.999634       341432      2730.67
        1.47     0.999658       341442      2925.71
        1.49     0.999683       341450      3150.77
        1.50     0.999707       341459      3413.33
        1.51     0.999731       341464      3723.64
        1.53     0.999756       341472      4096.00
        1.54     0.999768       341479      4311.58
        1.54     0.999780       341479      4551.11
        1.57     0.999792       341487      4818.82
        1.57     0.999805       341488      5120.00
        1.59     0.999817       341493      5461.33
        1.61     0.999829       341497      5851.43
        1.62     0.999841       341500      6301.54
        1.65     0.999854       341504      6826.67
        1.69     0.999866       341509      7447.27
        1.72     0.999878       341513      8192.00
        1.74     0.999884       341515      8623.16
        1.77     0.999890       341517      9102.22
        1.80     0.999896       341519      9637.65
        1.87     0.999902       341521     10240.00
        2.02     0.999908       341523     10922.67
        2.27     0.999915       341525     11702.86
        4.00     0.999921       341527     12603.08
        4.19     0.999927       341530     13653.33
        4.25     0.999933       341532     14894.55
        4.42     0.999939       341534     16384.00
        4.48     0.999942       341535     17246.32
        4.54     0.999945       341536     18204.44
        4.58     0.999948       341538     19275.29
        4.58     0.999951       341538     20480.00
        4.86     0.999954       341539     21845.33
        5.05     0.999957       341540     23405.71
        5.12     0.999960       341541     25206.15
        5.34     0.999963       341542     27306.67
        6.56     0.999966       341543     29789.09
        6.62     0.999969       341544     32768.00
        6.88     0.999971       341545     34492.63
        6.88     0.999973       341545     36408.89
        6.97     0.999974       341547     38550.59
        6.97     0.999976       341547     40960.00
        6.97     0.999977       341547     43690.67
        6.97     0.999979       341547     46811.43
        7.01     0.999980       341548     50412.31
        7.01     0.999982       341548     54613.33
        7.17     0.999983       341549     59578.18
        7.17     0.999985       341549     65536.00
        7.23     0.999986       341550     68985.26
        7.23     0.999986       341550     72817.78
        7.23     0.999987       341550     77101.18
        7.23     0.999988       341550     81920.00
        8.19     0.999989       341551     87381.33
        8.19     0.999989       341551     93622.86
        8.19     0.999990       341551    100824.62
        8.19     0.999991       341551    109226.67
        8.38     0.999992       341552    119156.36
        8.38     0.999992       341552    131072.00
        8.38     0.999993       341552    137970.53
        8.38     0.999993       341552    145635.56
        8.38     0.999994       341552    154202.35
        8.38     0.999994       341552    163840.00
        8.64     0.999994       341553    174762.67
        8.64     0.999995       341553    187245.71
        8.64     0.999995       341553    201649.23
        8.64     0.999995       341553    218453.33
        8.64     0.999996       341553    238312.73
        8.64     0.999996       341553    262144.00
        8.64     0.999996       341553    275941.05
        8.64     0.999997       341553    291271.11
        8.64     0.999997       341553    308404.71
        8.64     0.999997       341553    327680.00
        8.83     0.999997       341554    349525.33
        8.83     1.000000       341554          inf
#[Mean    =        0.702, StdDeviation   =        0.166]
#[Max     =        8.831, Total count    =       341554]
#[Buckets =           20, SubBuckets     =          256]
