       Value   Percentile   TotalCount 1/(1-Percentile)

        0.10     0.000000           10         1.00
        0.22     0.050000       446440         1.05
        0.26     0.100000       909715         1.11
        0.28     0.150000      1311380         1.18
        0.32     0.200000      1783065         1.25
        0.55     0.250000      2190155         1.33
        0.81     0.300000      2666005         1.43
        0.92     0.350000      3061410         1.54
        1.01     0.400000      3540205         1.67
        1.04     0.450000      4049125         1.82
        1.05     0.500000      4371695         2.00
        1.05     0.525000      4769140         2.11
        1.06     0.550000      5213640         2.22
        1.06     0.575000      5213640         2.35
        1.07     0.600000      5661825         2.50
        1.07     0.625000      5661825         2.67
        1.08     0.650000      6068025         2.86
        1.08     0.675000      6068025         3.08
        1.09     0.700000      6412785         3.33
        1.09     0.725000      6412785         3.64
        1.09     0.750000      6692325         4.00
        1.09     0.762500      6692325         4.21
        1.10     0.775000      6912080         4.44
        1.10     0.787500      6912080         4.71
        1.11     0.800000      7080075         5.00
        1.12     0.812500      7200365         5.33
        1.13     0.825000      7288835         5.71
        1.14     0.837500      7356020         6.15
        1.15     0.850000      7447175         6.67
        1.18     0.862500      7533980         7.27
        1.22     0.875000      7643580         8.00
        1.25     0.881250      7714205         8.42
        1.27     0.887500      7755580         8.89
        1.29     0.893750      7821650         9.41
        1.31     0.900000      7875570        10.00
        1.33     0.906250      7931790        10.67
        1.34     0.912500      7989590        11.43
        1.36     0.918750      8046480        12.31
        1.38     0.925000      8094800        13.33
        1.39     0.931250      8139250        14.55
        1.42     0.937500      8195145        16.00
        1.43     0.940625      8226145        16.84
        1.45     0.943750      8253180        17.78
        1.46     0.946875      8277290        18.82
        1.48     0.950000      8299925        20.00
        1.50     0.953125      8332245        21.33
        1.52     0.956250      8352765        22.86
        1.54     0.959375      8379490        24.62
        1.57     0.962500      8412705        26.67
        1.61     0.965625      8438895        29.09
        1.65     0.968750      8464780        32.00
        1.67     0.970313      8476325        33.68
        1.71     0.971875      8489790        35.56
        1.77     0.973437      8502995        37.65
        1.85     0.975000      8515375        40.00
        1.98     0.976562      8529015        42.67
        2.13     0.978125      8543895        45.71
        2.30     0.979688      8556465        49.23
        2.59     0.981250      8570535        53.33
        3.01     0.982812      8583660        58.18
        3.95     0.984375      8597380        64.00
        4.67     0.985156      8604065        67.37
        5.50     0.985938      8610900        71.11
        6.30     0.986719      8617920        75.29
        6.85     0.987500      8624700        80.00
        7.33     0.988281      8631395        85.33
        7.84     0.989062      8638485        91.43
        8.38     0.989844      8645745        98.46
        8.89     0.990625      8651780       106.67
        9.60     0.991406      8659025       116.36
       10.49     0.992188      8665720       128.00
       11.78     0.992578      8668835       134.74
       12.99     0.992969      8672275       142.22
       14.85     0.993359      8675675       150.59
       16.25     0.993750      8679500       160.00
       16.64     0.994141      8682675       170.67
       17.15     0.994531      8686055       182.86
       18.43     0.994922      8689490       196.92
       20.35     0.995313      8693710       213.33
       20.73     0.995703      8696915       232.73
       21.76     0.996094      8699715       256.00
       23.04     0.996289      8701315       269.47
       24.19     0.996484      8703655       284.44
       24.32     0.996680      8713045       301.18
       24.32     0.996875      8713045       320.00
       24.32     0.997070      8713045       341.33
       24.32     0.997266      8713045       365.71
       24.32     0.997461      8713045       393.85
       24.45     0.997656      8720005       426.67
       24.45     0.997852      8720005       465.45
       24.45     0.998047      8720005       512.00
       24.45     0.998145      8720005       538.95
       24.45     0.998242      8720005       568.89
       24.45     0.998340      8720005       602.35
       24.45     0.998437      8720005       640.00
       24.70     0.998535      8721300       682.67
       24.83     0.998633      8722170       731.43
       25.09     0.998730      8722805       787.69
       25.47     0.998828      8723555       853.33
       26.11     0.998926      8724275       930.91
       27.39     0.999023      8725225      1024.00
       28.16     0.999072      8725775      1077.89
       28.29     0.999121      8727390      1137.78
       28.29     0.999170      8727390      1204.71
       28.29     0.999219      8727390      1280.00
       28.29     0.999268      8727390      1365.33
       28.41     0.999316      8729470      1462.86
       28.41     0.999365      8729470      1575.38
       28.41     0.999414      8729470      1706.67
       28.41     0.999463      8729470      1861.82
       28.41     0.999512      8729470      2048.00
       28.54     0.999536      8729705      2155.79
       28.67     0.999561      8730010      2275.56
       28.80     0.999585      8730385      2409.41
       28.80     0.999609      8730385      2560.00
       28.93     0.999634      8730480      2730.67
       29.31     0.999658      8730700      2925.71
       29.95     0.999683      8730935      3150.77
       30.46     0.999707      8731095      3413.33
       32.13     0.999731      8731325      3723.64
       32.26     0.999756      8731715      4096.00
       32.26     0.999768      8731715      4311.58
       32.38     0.999780      8732525      4551.11
       32.38     0.999792      8732525      4818.82
       32.38     0.999805      8732525      5120.00
       32.38     0.999817      8732525      5461.33
       32.38     0.999829      8732525      5851.43
       32.38     0.999841      8732525      6301.54
       32.38     0.999854      8732525      6826.67
       32.38     0.999866      8732525      7447.27
       32.51     0.999878      8732710      8192.00
       32.51     0.999884      8732710      8623.16
       32.51     0.999890      8732710      9102.22
       32.64     0.999896      8732770      9637.65
       32.77     0.999902      8732850     10240.00
       33.02     0.999908      8732955     10922.67
       33.02     0.999915      8732955     11702.86
       33.28     0.999921      8732980     12603.08
       33.53     0.999927      8733015     13653.33
       34.30     0.999933      8733080     14894.55
       36.35     0.999939      8733255     16384.00
       36.35     0.999942      8733255     17246.32
       36.35     0.999945      8733255     18204.44
       36.35     0.999948      8733255     19275.29
       36.35     0.999951      8733255     20480.00
       36.35     0.999954      8733255     21845.33
       36.61     0.999957      8733320     23405.71
       36.61     0.999960      8733320     25206.15
       37.38     0.999963      8733340     27306.67
       39.42     0.999966      8733360     29789.09
       39.68     0.999969      8733385     32768.00
       40.19     0.999971      8733405     34492.63
       40.45     0.999973      8733550     36408.89
       40.45     0.999974      8733550     38550.59
       40.45     0.999976      8733550     40960.00
       40.45     0.999977      8733550     43690.67
       40.45     0.999979      8733550     46811.43
       40.45     0.999980      8733550     50412.31
       40.45     0.999982      8733550     54613.33
       40.45     0.999983      8733550     59578.18
       40.45     0.999985      8733550     65536.00
       40.45     0.999986      8733550     68985.26
       40.45     0.999986      8733550     72817.78
       40.45     0.999987      8733550     77101.18
       40.45     0.999988      8733550     81920.00
       40.70     0.999989      8733605     87381.33
       40.70     0.999989      8733605     93622.86
       40.70     0.999990      8733605    100824.62
       40.70     0.999991      8733605    109226.67
       40.70     0.999992      8733605    119156.36
       40.70     0.999992      8733605    131072.00
       40.70     0.999993      8733605    137970.53
       40.70     0.999993      8733605    145635.56
       40.70     0.999994      8733605    154202.35
       40.70     0.999994      8733605    163840.00
       40.70     0.999994      8733605    174762.67
       40.70     0.999995      8733605    187245.71
       40.96     0.999995      8733620    201649.23
       40.96     0.999995      8733620    218453.33
       40.96     0.999996      8733620    238312.73
       40.96     0.999996      8733620    262144.00
       40.96     0.999996      8733620    275941.05
       41.22     0.999997      8733630    291271.11
       41.22     0.999997      8733630    308404.71
       41.22     0.999997      8733630    327680.00
       41.22     0.999997      8733630    349525.33
       41.22     0.999997      8733630    374491.43
       41.22     0.999998      8733630    403298.46
       41.47     0.999998      8733645    436906.67
       41.47     0.999998      8733645    476625.45
       41.47     0.999998      8733645    524288.00
       41.47     0.999998      8733645    551882.11
       41.47     0.999998      8733645    582542.22
       41.47     0.999998      8733645    616809.41
       41.47     0.999998      8733645    655360.00
       41.47     0.999999      8733645    699050.67
       41.47     0.999999      8733645    748982.86
       41.47     0.999999      8733645    806596.92
       41.47     0.999999      8733645    873813.33
       41.47     0.999999      8733645    953250.91
       41.47     0.999999      8733645   1048576.00
       41.47     0.999999      8733645   1103764.21
       41.47     0.999999      8733645   1165084.44
       41.47     0.999999      8733645   1233618.82
       41.47     0.999999      8733645   1310720.00
       41.47     0.999999      8733645   1398101.33
       41.47     0.999999      8733645   1497965.71
       41.47     0.999999      8733645   1613193.85
       41.73     0.999999      8733650   1747626.67
       41.73     1.000000      8733650          inf
#[Mean    =        1.093, StdDeviation   =        1.975]
#[Max     =       41.727, Total count    =      8733650]
#[Buckets =           20, SubBuckets     =          256]
