       Value   Percentile   TotalCount 1/(1-Percentile)

        0.06     0.000000           15         1.00
        0.14     0.050000      1183325         1.05
        0.14     0.100000      1929855         1.11
        0.16     0.150000      2708515         1.18
        0.18     0.200000      3351225         1.25
        0.39     0.250000      4167495         1.33
        0.43     0.300000      5020840         1.43
        0.51     0.350000      5889775         1.54
        0.55     0.400000      6769590         1.67
        0.56     0.450000      9278185         1.82
        0.56     0.500000      9278185         2.00
        0.56     0.525000      9278185         2.11
        0.56     0.550000      9278185         2.22
        0.57     0.575000     12194900         2.35
        0.57     0.600000     12194900         2.50
        0.57     0.625000     12194900         2.67
        0.57     0.650000     12194900         2.86
        0.57     0.675000     12194900         3.08
        0.57     0.700000     12194900         3.33
        0.57     0.725000     12194900         3.64
        0.57     0.750000     13377380         4.00
        0.57     0.762500     13377380         4.21
        0.57     0.775000     13377380         4.44
        0.57     0.787500     13377380         4.71
        0.57     0.800000     13377380         5.00
        0.58     0.812500     13920940         5.33
        0.58     0.825000     13920940         5.71
        0.59     0.837500     14210960         6.15
        0.59     0.850000     14210960         6.67
        0.61     0.862500     14488855         7.27
        0.61     0.875000     14583040         8.00
        0.63     0.881250     14729050         8.42
        0.65     0.887500     14843350         8.89
        0.66     0.893750     14901335         9.41
        0.67     0.900000     15032095        10.00
        0.69     0.906250     15167330        10.67
        0.69     0.912500     15263245        11.43
        0.70     0.918750     15416710        12.31
        0.70     0.925000     15416710        13.33
        0.71     0.931250     15543220        14.55
        0.72     0.937500     15627505        16.00
        0.73     0.940625     15703160        16.84
        0.73     0.943750     15766770        17.78
        0.74     0.946875     15829185        18.82
        0.75     0.950000     15884045        20.00
        0.76     0.953125     15933920        21.33
        0.77     0.956250     15980750        22.86
        0.78     0.959375     16020570        24.62
        0.78     0.962500     16055755        26.67
        0.80     0.965625     16112025        29.09
        0.81     0.968750     16156685        32.00
        0.82     0.970313     16174570        33.68
        0.84     0.971875     16211540        35.56
        0.85     0.973437     16232450        37.65
        0.85     0.975000     16249540        40.00
        0.87     0.976562     16281265        42.67
        0.89     0.978125     16307585        45.71
        0.90     0.979688     16327380        49.23
        0.94     0.981250     16356825        53.33
        1.00     0.982812     16379800        58.18
        1.09     0.984375     16405720        64.00
        1.15     0.985156     16418430        67.37
        1.23     0.985938     16431825        71.11
        1.31     0.986719     16444395        75.29
        1.42     0.987500     16457490        80.00
        1.57     0.988281     16470535        85.33
        1.82     0.989062     16483480        91.43
        2.19     0.989844     16496505        98.46
        2.77     0.990625     16509585       106.67
        3.46     0.991406     16522495       116.36
        4.25     0.992188     16535695       128.00
        4.74     0.992578     16542270       134.74
        5.18     0.992969     16548705       142.22
        5.76     0.993359     16555205       150.59
        6.40     0.993750     16561830       160.00
        6.88     0.994141     16568255       170.67
        7.33     0.994531     16574615       182.86
        7.74     0.994922     16581595       196.92
        8.19     0.995313     16587640       213.33
        8.77     0.995703     16594665       232.73
        9.47     0.996094     16600850       256.00
        9.86     0.996289     16604435       269.47
       10.18     0.996484     16607165       284.44
       10.94     0.996680     16610485       301.18
       12.10     0.996875     16613860       320.00
       12.61     0.997070     16616915       341.33
       13.63     0.997266     16620170       365.71
       14.85     0.997461     16623490       393.85
       16.13     0.997656     16626765       426.67
       16.38     0.997852     16630680       465.45
       17.02     0.998047     16633225       512.00
       17.79     0.998145     16635065       538.95
       18.43     0.998242     16636495       568.89
       19.45     0.998340     16638125       602.35
       20.22     0.998437     16641875       640.00
       20.22     0.998535     16641875       682.67
       20.35     0.998633     16642955       731.43
       20.73     0.998730     16644800       787.69
       21.76     0.998828     16646235       853.33
       23.17     0.998926     16647875       930.91
       24.19     0.999023     16655210      1024.00
       24.19     0.999072     16655210      1077.89
       24.19     0.999121     16655210      1137.78
       24.19     0.999170     16655210      1204.71
       24.19     0.999219     16655210      1280.00
       24.19     0.999268     16655210      1365.33
       24.19     0.999316     16655210      1462.86
       24.19     0.999365     16655210      1575.38
       24.32     0.999414     16656325      1706.67
       24.45     0.999463     16657325      1861.82
       24.57     0.999512     16657815      2048.00
       24.70     0.999536     16658165      2155.79
       24.96     0.999561     16658445      2275.56
       25.34     0.999585     16658890      2409.41
       25.60     0.999609     16659255      2560.00
       26.11     0.999634     16659650      2730.67
       26.75     0.999658     16660060      2925.71
       27.65     0.999683     16660440      3150.77
       28.16     0.999707     16661825      3413.33
       28.16     0.999731     16661825      3723.64
       28.16     0.999756     16661825      4096.00
       28.29     0.999768     16662950      4311.58
       28.29     0.999780     16662950      4551.11
       28.29     0.999792     16662950      4818.82
       28.29     0.999805     16662950      5120.00
       28.29     0.999817     16662950      5461.33
       28.29     0.999829     16662950      5851.43
       28.41     0.999841     16663465      6301.54
       28.41     0.999854     16663465      6826.67
       28.54     0.999866     16663680      7447.27
       28.54     0.999878     16663680      8192.00
       28.67     0.999884     16663800      8623.16
       28.80     0.999890     16663885      9102.22
       28.93     0.999896     16664005      9637.65
       29.57     0.999902     16664125     10240.00
       30.08     0.999908     16664185     10922.67
       30.85     0.999915     16664305     11702.86
       32.13     0.999921     16664545     12603.08
       32.13     0.999927     16664545     13653.33
       32.26     0.999933     16665025     14894.55
       32.26     0.999939     16665025     16384.00
       32.26     0.999942     16665025     17246.32
       32.26     0.999945     16665025     18204.44
       32.26     0.999948     16665025     19275.29
       32.26     0.999951     16665025     20480.00
       32.26     0.999954     16665025     21845.33
       32.26     0.999957     16665025     23405.71
       32.38     0.999960     16665185     25206.15
       32.38     0.999963     16665185     27306.67
       32.38     0.999966     16665185     29789.09
       32.51     0.999969     16665270     32768.00
       32.51     0.999971     16665270     34492.63
       32.51     0.999973     16665270     36408.89
       32.64     0.999974     16665290     38550.59
       32.77     0.999976     16665305     40960.00
       33.02     0.999977     16665360     43690.67
       33.02     0.999979     16665360     46811.43
       33.28     0.999980     16665385     50412.31
       36.09     0.999982     16665420     54613.33
       36.35     0.999983     16665545     59578.18
       36.35     0.999985     16665545     65536.00
       36.35     0.999986     16665545     68985.26
       36.35     0.999986     16665545     72817.78
       36.35     0.999987     16665545     77101.18
       36.35     0.999988     16665545     81920.00
       36.35     0.999989     16665545     87381.33
       36.35     0.999989     16665545     93622.86
       36.35     0.999990     16665545    100824.62
       36.61     0.999991     16665585    109226.67
       36.61     0.999992     16665585    119156.36
       36.61     0.999992     16665585    131072.00
       36.61     0.999993     16665585    137970.53
       38.66     0.999993     16665625    145635.56
       38.66     0.999994     16665625    154202.35
       38.66     0.999994     16665625    163840.00
       38.66     0.999994     16665625    174762.67
       38.66     0.999995     16665625    187245.71
       38.66     0.999995     16665625    201649.23
       40.19     0.999995     16665665    218453.33
       40.19     0.999996     16665665    238312.73
       40.19     0.999996     16665665    262144.00
       40.19     0.999996     16665665    275941.05
       40.19     0.999997     16665665    291271.11
       40.19     0.999997     16665665    308404.71
       40.19     0.999997     16665665    327680.00
       40.19     0.999997     16665665    349525.33
       40.19     0.999997     16665665    374491.43
       40.19     0.999998     16665665    403298.46
       41.22     0.999998     16665705    436906.67
       41.22     1.000000     16665705          inf
#[Mean    =        0.574, StdDeviation   =        1.252]
#[Max     =       41.215, Total count    =     16665705]
#[Buckets =           20, SubBuckets     =          256]
