       Value   Percentile   TotalCount 1/(1-Percentile)

        0.20     0.000000           75         1.00
        0.39     0.050000        59599         1.05
        0.42     0.100000       134583         1.11
        0.44     0.150000       199130         1.18
        0.45     0.200000       233487         1.25
        0.46     0.250000       293766         1.33
        0.48     0.300000       337203         1.43
        0.53     0.350000       389004         1.54
        1.22     0.400000       442858         1.67
        1.63     0.450000       498298         1.82
        1.96     0.500000       553974         2.00
        2.08     0.525000       584993         2.11
        2.22     0.550000       609599         2.22
        2.42     0.575000       639403         2.35
        2.53     0.600000       665604         2.50
        2.75     0.625000       693608         2.67
        2.91     0.650000       721925         2.86
        3.09     0.675000       747782         3.08
        3.23     0.700000       775700         3.33
        3.31     0.725000       803080         3.64
        3.39     0.750000       831092         4.00
        3.44     0.762500       845513         4.21
        3.49     0.775000       859781         4.44
        3.54     0.787500       874232         4.71
        3.58     0.800000       888052         5.00
        3.63     0.812500       900207         5.33
        3.69     0.825000       913199         5.71
        3.82     0.837500       927257         6.15
        4.38     0.850000       941166         6.67
        4.93     0.862500       955621         7.27
        5.34     0.875000       969328         8.00
        5.60     0.881250       975678         8.42
        6.05     0.887500       982442         8.89
        6.53     0.893750       989571         9.41
        6.97     0.900000       996508        10.00
        7.36     0.906250      1003218        10.67
        7.74     0.912500      1009977        11.43
        8.10     0.918750      1017138        12.31
        8.57     0.925000      1024658        13.33
        9.09     0.931250      1031276        14.55
        9.92     0.937500      1037964        16.00
       10.43     0.940625      1041418        16.84
       10.94     0.943750      1044562        17.78
       11.52     0.946875      1048288        18.82
       12.03     0.950000      1051701        20.00
       12.67     0.953125      1055195        21.33
       13.57     0.956250      1058462        22.86
       14.91     0.959375      1061937        24.62
       16.38     0.962500      1065382        26.67
       18.56     0.965625      1068843        29.09
       20.99     0.968750      1072330        32.00
       22.27     0.970313      1073968        33.68
       23.93     0.971875      1075734        35.56
       24.83     0.973437      1077625        37.65
       25.86     0.975000      1079136        40.00
       27.52     0.976562      1080896        42.67
       28.54     0.978125      1085699        45.71
       28.54     0.979688      1085699        49.23
       28.93     0.981250      1086209        53.33
       30.08     0.982812      1087853        58.18
       32.00     0.984375      1089535        64.00
       32.64     0.985156      1090457        67.37
       33.28     0.985938      1091394        71.11
       34.05     0.986719      1092119        75.29
       35.07     0.987500      1092968        80.00
       36.35     0.988281      1093850        85.33
       36.86     0.989062      1094743        91.43
       37.89     0.989844      1095791        98.46
       38.91     0.990625      1096574       106.67
       40.19     0.991406      1097330       116.36
       40.96     0.992188      1098177       128.00
       41.47     0.992578      1098637       134.74
       41.98     0.992969      1099115       142.22
       42.49     0.993359      1099561       150.59
       43.01     0.993750      1099989       160.00
       43.77     0.994141      1100405       170.67
       44.54     0.994531      1101032       182.86
       44.80     0.994922      1101180       196.92
       45.31     0.995313      1101717       213.33
       45.82     0.995703      1102055       232.73
       46.59     0.996094      1102618       256.00
       46.85     0.996289      1102786       269.47
       47.10     0.996484      1102923       284.44
       47.62     0.996680      1103159       301.18
       48.13     0.996875      1103347       320.00
       48.64     0.997070      1103742       341.33
       48.90     0.997266      1103894       365.71
       49.15     0.997461      1104011       393.85
       49.41     0.997656      1104225       426.67
       49.92     0.997852      1104504       465.45
       50.17     0.998047      1104629       512.00
       50.69     0.998145      1104797       538.95
       50.94     0.998242      1104904       568.89
       51.20     0.998340      1104969       602.35
       51.97     0.998437      1105120       640.00
       52.22     0.998535      1105169       682.67
       52.48     0.998633      1105383       731.43
       52.73     0.998730      1105456       787.69
       52.99     0.998828      1105610       853.33
       52.99     0.998926      1105610       930.91
       53.50     0.999023      1105798      1024.00
       53.50     0.999072      1105798      1077.89
       53.76     0.999121      1105877      1137.78
       53.76     0.999170      1105877      1204.71
       54.02     0.999219      1105971      1280.00
       54.27     0.999268      1106030      1365.33
       54.53     0.999316      1106103      1462.86
       54.53     0.999365      1106103      1575.38
       54.78     0.999414      1106158      1706.67
       55.30     0.999463      1106217      1861.82
       56.06     0.999512      1106268      2048.00
       56.58     0.999536      1106364      2155.79
       56.58     0.999561      1106364      2275.56
       56.58     0.999585      1106364      2409.41
       56.58     0.999609      1106364      2560.00
       56.83     0.999634      1106393      2730.67
       57.09     0.999658      1106436      2925.71
       57.34     0.999683      1106494      3150.77
       57.34     0.999707      1106494      3413.33
       57.34     0.999731      1106494      3723.64
       58.11     0.999756      1106530      4096.00
       58.37     0.999768      1106541      4311.58
       58.62     0.999780      1106574      4551.11
       58.62     0.999792      1106574      4818.82
       58.62     0.999805      1106574      5120.00
       59.13     0.999817      1106593      5461.33
       59.39     0.999829      1106603      5851.43
       60.41     0.999841      1106623      6301.54
       60.67     0.999854      1106663      6826.67
       60.67     0.999866      1106663      7447.27
       60.67     0.999878      1106663      8192.00
       60.67     0.999884      1106663      8623.16
       60.93     0.999890      1106689      9102.22
       60.93     0.999896      1106689      9637.65
       60.93     0.999902      1106689     10240.00
       60.93     0.999908      1106689     10922.67
       61.44     0.999915      1106697     11702.86
       61.70     0.999921      1106707     12603.08
       61.95     0.999927      1106710     13653.33
       62.21     0.999933      1106717     14894.55
       62.46     0.999939      1106723     16384.00
       64.51     0.999942      1106741     17246.32
       64.51     0.999945      1106741     18204.44
       64.51     0.999948      1106741     19275.29
       64.51     0.999951      1106741     20480.00
       64.51     0.999954      1106741     21845.33
       67.58     0.999957      1106747     23405.71
       67.58     0.999960      1106747     25206.15
       68.09     0.999963      1106751     27306.67
       68.61     0.999966      1106759     29789.09
       68.61     0.999969      1106759     32768.00
       68.61     0.999971      1106759     34492.63
       69.63     0.999973      1106769     36408.89
       69.63     0.999974      1106769     38550.59
       69.63     0.999976      1106769     40960.00
       69.63     0.999977      1106769     43690.67
       69.63     0.999979      1106769     46811.43
       69.63     0.999980      1106769     50412.31
       70.14     0.999982      1106780     54613.33
       70.14     0.999983      1106780     59578.18
       70.14     0.999985      1106780     65536.00
       70.14     0.999986      1106780     68985.26
       70.14     0.999986      1106780     72817.78
       70.14     0.999987      1106780     77101.18
       70.14     0.999988      1106780     81920.00
       70.14     0.999989      1106780     87381.33
       70.14     0.999989      1106780     93622.86
       70.14     0.999990      1106780    100824.62
       70.14     0.999991      1106780    109226.67
       71.17     0.999992      1106782    119156.36
       71.17     0.999992      1106782    131072.00
       71.17     0.999993      1106782    137970.53
       72.70     0.999993      1106785    145635.56
       72.70     0.999994      1106785    154202.35
       72.70     0.999994      1106785    163840.00
       72.70     0.999994      1106785    174762.67
       72.70     0.999995      1106785    187245.71
       72.70     0.999995      1106785    201649.23
       72.70     0.999995      1106785    218453.33
       73.22     0.999996      1106790    238312.73
       73.22     1.000000      1106790          inf
#[Mean    =        3.468, StdDeviation   =        6.393]
#[Max     =       73.215, Total count    =      1106790]
#[Buckets =           20, SubBuckets     =          256]
