       Value   Percentile   TotalCount 1/(1-Percentile)

        0.14     0.000000            3         1.00
        0.19     0.050000        65785         1.05
        0.20     0.100000       101036         1.11
        0.21     0.150000       135706         1.18
        0.23     0.200000       168983         1.25
        0.25     0.250000       237390         1.33
        0.26     0.300000       261711         1.43
        0.26     0.350000       292130         1.54
        0.27     0.400000       337803         1.67
        0.29     0.450000       398528         1.82
        0.29     0.500000       451272         2.00
        0.29     0.525000       451272         2.11
        0.30     0.550000       516862         2.22
        0.30     0.575000       516862         2.35
        0.30     0.600000       516862         2.50
        0.31     0.625000       568235         2.67
        0.31     0.650000       568235         2.86
        0.31     0.675000       568235         3.08
        0.32     0.700000       616601         3.33
        0.32     0.725000       616601         3.64
        0.33     0.750000       663679         4.00
        0.33     0.762500       663679         4.21
        0.33     0.775000       663679         4.44
        0.33     0.787500       663679         4.71
        0.33     0.800000       663679         5.00
        0.34     0.812500       691903         5.33
        0.34     0.825000       691903         5.71
        0.34     0.837500       703695         6.15
        0.34     0.850000       703695         6.67
        0.38     0.862500       715837         7.27
        0.40     0.875000       725702         8.00
        0.41     0.881250       733358         8.42
        0.41     0.887500       748886         8.89
        0.41     0.893750       748886         9.41
        0.41     0.900000       748886        10.00
        0.42     0.906250       774781        10.67
        0.42     0.912500       774781        11.43
        0.42     0.918750       774781        12.31
        0.42     0.925000       774781        13.33
        0.42     0.931250       774781        14.55
        0.43     0.937500       802392        16.00
        0.43     0.940625       802392        16.84
        0.43     0.943750       802392        17.78
        0.43     0.946875       802392        18.82
        0.43     0.950000       802392        20.00
        0.43     0.953125       802392        21.33
        0.43     0.956250       802392        22.86
        0.43     0.959375       802392        24.62
        0.43     0.962500       802392        26.67
        0.43     0.965625       802392        29.09
        0.43     0.968750       802392        32.00
        0.44     0.970313       819234        33.68
        0.44     0.971875       819234        35.56
        0.44     0.973437       819234        37.65
        0.44     0.975000       819234        40.00
        0.44     0.976562       819234        42.67
        0.44     0.978125       819234        45.71
        0.44     0.979688       819234        49.23
        0.44     0.981250       819234        53.33
        0.44     0.982812       819234        58.18
        0.44     0.984375       819234        64.00
        0.44     0.985156       819234        67.37
        0.44     0.985938       819234        71.11
        0.44     0.986719       819234        75.29
        0.44     0.987500       819234        80.00
        0.44     0.988281       819234        85.33
        0.44     0.989062       819234        91.43
        0.45     0.989844       825300        98.46
        0.45     0.990625       825300       106.67
        0.45     0.991406       825300       116.36
        0.45     0.992188       825300       128.00
        0.45     0.992578       825300       134.74
        0.45     0.992969       825300       142.22
        0.45     0.993359       825300       150.59
        0.45     0.993750       825300       160.00
        0.45     0.994141       825300       170.67
        0.45     0.994531       825300       182.86
        0.45     0.994922       825300       196.92
        0.45     0.995313       825300       213.33
        0.45     0.995703       825300       232.73
        0.45     0.996094       825300       256.00
        0.45     0.996289       825300       269.47
        0.45     0.996484       825300       284.44
        0.45     0.996680       825300       301.18
        0.45     0.996875       825300       320.00
        0.46     0.997070       826784       341.33
        0.46     0.997266       826784       365.71
        0.46     0.997461       826784       393.85
        0.46     0.997656       826784       426.67
        0.46     0.997852       826784       465.45
        0.46     0.998047       826784       512.00
        0.46     0.998145       826784       538.95
        0.46     0.998242       826784       568.89
        0.46     0.998340       826784       602.35
        0.46     0.998437       826784       640.00
        0.46     0.998535       826784       682.67
        0.46     0.998633       826784       731.43
        0.46     0.998730       826784       787.69
        0.46     0.998828       827138       853.33
        0.46     0.998926       827138       930.91
        0.46     0.999023       827138      1024.00
        0.46     0.999072       827138      1077.89
        0.46     0.999121       827138      1137.78
        0.46     0.999170       827138      1204.71
        0.47     0.999219       827296      1280.00
        0.47     0.999268       827296      1365.33
        0.47     0.999316       827296      1462.86
        0.48     0.999365       827389      1575.38
        0.48     0.999414       827389      1706.67
        0.48     0.999463       827389      1861.82
        0.49     0.999512       827439      2048.00
        0.49     0.999536       827462      2155.79
        0.49     0.999561       827462      2275.56
        0.50     0.999585       827491      2409.41
        0.51     0.999609       827507      2560.00
        0.52     0.999634       827528      2730.67
        0.53     0.999658       827553      2925.71
        0.54     0.999683       827581      3150.77
        0.54     0.999707       827581      3413.33
        0.54     0.999731       827605      3723.64
        0.56     0.999756       827634      4096.00
        0.56     0.999768       827634      4311.58
        0.57     0.999780       827648      4551.11
        0.57     0.999792       827660      4818.82
        0.58     0.999805       827675      5120.00
        0.58     0.999817       827675      5461.33
        0.59     0.999829       827685      5851.43
        0.60     0.999841       827698      6301.54
        0.61     0.999854       827708      6826.67
        0.61     0.999866       827720      7447.27
        0.62     0.999878       827729      8192.00
        0.62     0.999884       827729      8623.16
        0.64     0.999890       827734      9102.22
        0.66     0.999896       827741      9637.65
        0.66     0.999902       827751     10240.00
        0.66     0.999908       827751     10922.67
        0.67     0.999915       827755     11702.86
        0.69     0.999921       827760     12603.08
        0.69     0.999927       827768     13653.33
        0.69     0.999933       827768     14894.55
        0.70     0.999939       827775     16384.00
        0.71     0.999942       827778     17246.32
        0.71     0.999945       827778     18204.44
        0.72     0.999948       827782     19275.29
        0.73     0.999951       827785     20480.00
        0.73     0.999954       827791     21845.33
        0.73     0.999957       827791     23405.71
        0.73     0.999960       827791     25206.15
        0.74     0.999963       827797     27306.67
        0.74     0.999966       827797     29789.09
        0.75     0.999969       827798     32768.00
        0.76     0.999971       827802     34492.63
        0.76     0.999973       827802     36408.89
        0.76     0.999974       827802     38550.59
        0.77     0.999976       827803     40960.00
        0.78     0.999977       827805     43690.67
        0.78     0.999979       827807     46811.43
        0.78     0.999980       827807     50412.31
        0.79     0.999982       827808     54613.33
        0.80     0.999983       827811     59578.18
        0.80     0.999985       827811     65536.00
        0.81     0.999986       827814     68985.26
        0.81     0.999986       827814     72817.78
        0.81     0.999987       827814     77101.18
        0.81     0.999988       827814     81920.00
        0.81     0.999989       827814     87381.33
        0.82     0.999989       827816     93622.86
        0.82     0.999990       827816    100824.62
        0.82     0.999991       827816    109226.67
        0.83     0.999992       827819    119156.36
        0.83     0.999992       827819    131072.00
        0.83     0.999993       827819    137970.53
        0.83     0.999993       827819    145635.56
        0.83     0.999994       827819    154202.35
        0.83     0.999994       827819    163840.00
        0.83     0.999994       827819    174762.67
        0.83     0.999995       827819    187245.71
        0.83     0.999995       827819    201649.23
        0.84     0.999995       827820    218453.33
        0.84     0.999996       827820    238312.73
        0.84     0.999996       827820    262144.00
        0.85     0.999996       827821    275941.05
        0.85     0.999997       827821    291271.11
        0.85     0.999997       827821    308404.71
        0.85     0.999997       827821    327680.00
        0.85     0.999997       827821    349525.33
        0.85     0.999997       827821    374491.43
        0.85     0.999998       827821    403298.46
        0.86     0.999998       827822    436906.67
        0.86     0.999998       827822    476625.45
        0.86     0.999998       827822    524288.00
        0.86     0.999998       827822    551882.11
        0.86     0.999998       827822    582542.22
        0.86     0.999998       827822    616809.41
        0.86     0.999998       827822    655360.00
        0.86     0.999999       827822    699050.67
        0.86     0.999999       827822    748982.86
        0.86     0.999999       827822    806596.92
        0.91     0.999999       827823    873813.33
        0.91     1.000000       827823          inf
#[Mean    =        0.290, StdDeviation   =        0.069]
#[Max     =        0.911, Total count    =       827823]
#[Buckets =           20, SubBuckets     =          256]
