       Value   Percentile   TotalCount 1/(1-Percentile)

        0.17     0.000000            1         1.00
        0.32     0.050000        41201         1.05
        0.33     0.100000        56475         1.11
        0.37     0.150000        78600         1.18
        0.39     0.200000       110072         1.25
        0.40     0.250000       130332         1.33
        0.41     0.300000       173712         1.43
        0.42     0.350000       194589         1.54
        0.43     0.400000       211517         1.67
        0.46     0.450000       243597         1.82
        0.46     0.500000       260924         2.00
        0.47     0.525000       284606         2.11
        0.47     0.550000       284606         2.22
        0.48     0.575000       312303         2.35
        0.48     0.600000       312303         2.50
        0.49     0.625000       341458         2.67
        0.49     0.650000       341458         2.86
        0.49     0.675000       370899         3.08
        0.49     0.700000       370899         3.33
        0.50     0.725000       398351         3.64
        0.50     0.750000       398351         4.00
        0.50     0.762500       398351         4.21
        0.51     0.775000       419361         4.44
        0.51     0.787500       419361         4.71
        0.51     0.800000       419361         5.00
        0.52     0.812500       432063         5.33
        0.52     0.825000       432063         5.71
        0.53     0.837500       438229         6.15
        0.54     0.850000       440793         6.67
        0.62     0.862500       445606         7.27
        0.65     0.875000       456138         8.00
        0.65     0.881250       456138         8.42
        0.66     0.887500       464654         8.89
        0.66     0.893750       464654         9.41
        0.66     0.900000       475744        10.00
        0.66     0.906250       475744        10.67
        0.66     0.912500       475744        11.43
        0.66     0.918750       475744        12.31
        0.67     0.925000       487584        13.33
        0.67     0.931250       487584        14.55
        0.67     0.937500       487584        16.00
        0.67     0.940625       487584        16.84
        0.67     0.943750       487584        17.78
        0.68     0.946875       498230        18.82
        0.68     0.950000       498230        20.00
        0.68     0.953125       498230        21.33
        0.68     0.956250       498230        22.86
        0.68     0.959375       498230        24.62
        0.68     0.962500       498230        26.67
        0.69     0.965625       506270        29.09
        0.69     0.968750       506270        32.00
        0.69     0.970313       506270        33.68
        0.69     0.971875       506270        35.56
        0.69     0.973437       506270        37.65
        0.69     0.975000       506270        40.00
        0.69     0.976562       506270        42.67
        0.69     0.978125       506270        45.71
        0.69     0.979688       506270        49.23
        0.69     0.981250       511434        53.33
        0.69     0.982812       511434        58.18
        0.69     0.984375       511434        64.00
        0.69     0.985156       511434        67.37
        0.69     0.985938       511434        71.11
        0.69     0.986719       511434        75.29
        0.69     0.987500       511434        80.00
        0.69     0.988281       511434        85.33
        0.69     0.989062       511434        91.43
        0.69     0.989844       511434        98.46
        0.70     0.990625       514247       106.67
        0.70     0.991406       514247       116.36
        0.70     0.992188       514247       128.00
        0.70     0.992578       514247       134.74
        0.70     0.992969       514247       142.22
        0.70     0.993359       514247       150.59
        0.70     0.993750       514247       160.00
        0.70     0.994141       514247       170.67
        0.70     0.994531       514247       182.86
        0.70     0.994922       514247       196.92
        0.70     0.995313       514247       213.33
        0.71     0.995703       515609       232.73
        0.71     0.996094       515609       256.00
        0.71     0.996289       515609       269.47
        0.71     0.996484       515609       284.44
        0.71     0.996680       515609       301.18
        0.71     0.996875       515609       320.00
        0.71     0.997070       515609       341.33
        0.71     0.997266       515609       365.71
        0.71     0.997461       515609       393.85
        0.71     0.997656       515609       426.67
        0.71     0.997852       515609       465.45
        0.71     0.998047       515609       512.00
        0.72     0.998145       516134       538.95
        0.72     0.998242       516134       568.89
        0.72     0.998340       516134       602.35
        0.72     0.998437       516134       640.00
        0.72     0.998535       516134       682.67
        0.72     0.998633       516134       731.43
        0.72     0.998730       516134       787.69
        0.72     0.998828       516134       853.33
        0.72     0.998926       516134       930.91
        0.72     0.999023       516134      1024.00
        0.72     0.999072       516134      1077.89
        0.73     0.999121       516380      1137.78
        0.73     0.999170       516380      1204.71
        0.73     0.999219       516380      1280.00
        0.73     0.999268       516380      1365.33
        0.73     0.999316       516380      1462.86
        0.73     0.999365       516380      1575.38
        0.73     0.999414       516380      1706.67
        0.73     0.999463       516380      1861.82
        0.73     0.999512       516380      2048.00
        0.73     0.999536       516380      2155.79
        0.73     0.999561       516474      2275.56
        0.73     0.999585       516474      2409.41
        0.73     0.999609       516474      2560.00
        0.73     0.999634       516474      2730.67
        0.73     0.999658       516474      2925.71
        0.73     0.999683       516474      3150.77
        0.73     0.999707       516474      3413.33
        0.73     0.999731       516474      3723.64
        0.74     0.999756       516513      4096.00
        0.74     0.999768       516513      4311.58
        0.74     0.999780       516513      4551.11
        0.74     0.999792       516513      4818.82
        0.74     0.999805       516513      5120.00
        0.75     0.999817       516523      5461.33
        0.75     0.999829       516523      5851.43
        0.77     0.999841       516535      6301.54
        0.78     0.999854       516538      6826.67
        0.78     0.999866       516546      7447.27
        0.79     0.999878       516550      8192.00
        0.80     0.999884       516553      8623.16
        0.81     0.999890       516557      9102.22
        0.81     0.999896       516558      9637.65
        0.83     0.999902       516563     10240.00
        0.84     0.999908       516565     10922.67
        0.85     0.999915       516567     11702.86
        0.92     0.999921       516572     12603.08
        0.94     0.999927       516574     13653.33
        0.97     0.999933       516577     14894.55
        0.98     0.999939       516581     16384.00
        1.01     0.999942       516582     17246.32
        1.02     0.999945       516583     18204.44
        1.08     0.999948       516586     19275.29
        1.08     0.999951       516586     20480.00
        1.09     0.999954       516588     21845.33
        1.17     0.999957       516589     23405.71
        1.21     0.999960       516591     25206.15
        1.44     0.999963       516593     27306.67
        1.46     0.999966       516594     29789.09
        1.60     0.999969       516596     32768.00
        1.69     0.999971       516597     34492.63
        1.69     0.999973       516597     36408.89
        1.73     0.999974       516598     38550.59
        1.81     0.999976       516599     40960.00
        1.85     0.999977       516600     43690.67
        1.85     0.999979       516600     46811.43
        1.96     0.999980       516601     50412.31
        2.11     0.999982       516602     54613.33
        2.17     0.999983       516603     59578.18
       12.03     0.999985       516604     65536.00
       12.03     0.999986       516604     68985.26
       12.03     0.999986       516604     72817.78
       12.16     0.999987       516605     77101.18
       12.16     0.999988       516605     81920.00
       12.29     0.999989       516607     87381.33
       12.29     0.999989       516607     93622.86
       12.29     0.999990       516607    100824.62
       12.29     0.999991       516607    109226.67
       12.29     0.999992       516607    119156.36
       12.61     0.999992       516608    131072.00
       12.61     0.999993       516608    137970.53
       12.61     0.999993       516608    145635.56
       12.61     0.999994       516608    154202.35
       12.61     0.999994       516608    163840.00
       12.73     0.999994       516610    174762.67
       12.73     0.999995       516610    187245.71
       12.73     0.999995       516610    201649.23
       12.73     0.999995       516610    218453.33
       12.73     0.999996       516610    238312.73
       12.73     0.999996       516610    262144.00
       12.73     0.999996       516610    275941.05
       12.73     0.999997       516610    291271.11
       12.73     0.999997       516610    308404.71
       12.73     0.999997       516610    327680.00
       12.73     0.999997       516610    349525.33
       12.73     0.999997       516610    374491.43
       12.73     0.999998       516610    403298.46
       12.73     0.999998       516610    436906.67
       12.73     0.999998       516610    476625.45
       12.93     0.999998       516611    524288.00
       12.93     1.000000       516611          inf
#[Mean    =        0.464, StdDeviation   =        0.113]
#[Max     =       12.927, Total count    =       516611]
#[Buckets =           20, SubBuckets     =          256]
