       Value   Percentile   TotalCount 1/(1-Percentile)

        0.03     0.000000           63         1.00
        0.06     0.050000       218747         1.05
        0.07     0.100000       537927         1.11
        0.07     0.150000       537927         1.18
        0.07     0.200000       537927         1.25
        0.08     0.250000       943550         1.33
        0.08     0.300000       943550         1.43
        0.08     0.350000       943550         1.54
        0.08     0.400000       943550         1.67
        0.09     0.450000      1317630         1.82
        0.09     0.500000      1317630         2.00
        0.09     0.525000      1317630         2.11
        0.09     0.550000      1317630         2.22
        0.09     0.575000      1317630         2.35
        0.09     0.600000      1317630         2.50
        0.10     0.625000      1601656         2.67
        0.10     0.650000      1601656         2.86
        0.10     0.675000      1601656         3.08
        0.10     0.700000      1601656         3.33
        0.10     0.725000      1601656         3.64
        0.10     0.750000      1781917         4.00
        0.10     0.762500      1781917         4.21
        0.10     0.775000      1781917         4.44
        0.10     0.787500      1781917         4.71
        0.10     0.800000      1781917         5.00
        0.10     0.812500      1781917         5.33
        0.11     0.825000      1909838         5.71
        0.11     0.837500      1909838         6.15
        0.11     0.850000      1909838         6.67
        0.11     0.862500      1909838         7.27
        0.12     0.875000      2014228         8.00
        0.12     0.881250      2014228         8.42
        0.12     0.887500      2014228         8.89
        0.12     0.893750      2014228         9.41
        0.12     0.900000      2014228        10.00
        0.12     0.906250      2014228        10.67
        0.12     0.912500      2014228        11.43
        0.13     0.918750      2098179        12.31
        0.13     0.925000      2098179        13.33
        0.13     0.931250      2098179        14.55
        0.13     0.937500      2098179        16.00
        0.13     0.940625      2098179        16.84
        0.13     0.943750      2098179        17.78
        0.13     0.946875      2098179        18.82
        0.13     0.950000      2098179        20.00
        0.13     0.953125      2098179        21.33
        0.13     0.956250      2098179        22.86
        0.14     0.959375      2146060        24.62
        0.14     0.962500      2146060        26.67
        0.14     0.965625      2146060        29.09
        0.14     0.968750      2146060        32.00
        0.14     0.970313      2146060        33.68
        0.14     0.971875      2146060        35.56
        0.14     0.973437      2146060        37.65
        0.14     0.975000      2146060        40.00
        0.14     0.976562      2146060        42.67
        0.14     0.978125      2146060        45.71
        0.14     0.979688      2168622        49.23
        0.14     0.981250      2168622        53.33
        0.14     0.982812      2168622        58.18
        0.14     0.984375      2168622        64.00
        0.14     0.985156      2168622        67.37
        0.14     0.985938      2168622        71.11
        0.14     0.986719      2168622        75.29
        0.14     0.987500      2168622        80.00
        0.14     0.988281      2168622        85.33
        0.15     0.989062      2177658        91.43
        0.15     0.989844      2177658        98.46
        0.15     0.990625      2177658       106.67
        0.15     0.991406      2177658       116.36
        0.15     0.992188      2177658       128.00
        0.15     0.992578      2177658       134.74
        0.15     0.992969      2177658       142.22
        0.16     0.993359      2182330       150.59
        0.16     0.993750      2182330       160.00
        0.16     0.994141      2182330       170.67
        0.16     0.994531      2182330       182.86
        0.16     0.994922      2182330       196.92
        0.17     0.995313      2185453       213.33
        0.17     0.995703      2185453       232.73
        0.17     0.996094      2185453       256.00
        0.17     0.996289      2185453       269.47
        0.17     0.996484      2185453       284.44
        0.17     0.996680      2187249       301.18
        0.17     0.996875      2187249       320.00
        0.17     0.997070      2187249       341.33
        0.17     0.997266      2187249       365.71
        0.17     0.997461      2187249       393.85
        0.18     0.997656      2188217       426.67
        0.18     0.997852      2188217       465.45
        0.19     0.998047      2188706       512.00
        0.20     0.998145      2189053       538.95
        0.20     0.998242      2189053       568.89
        0.21     0.998340      2189252       602.35
        0.21     0.998437      2189411       640.00
        0.23     0.998535      2189587       682.67
        0.29     0.998633      2189796       731.43
        2.14     0.998730      2190005       787.69
        4.48     0.998828      2190241       853.33
        4.58     0.998926      2190489       930.91
        4.64     0.999023      2190876      1024.00
        4.64     0.999072      2190876      1077.89
        4.64     0.999121      2190876      1137.78
        4.67     0.999170      2191223      1204.71
        4.67     0.999219      2191223      1280.00
        4.67     0.999268      2191223      1365.33
        4.70     0.999316      2191608      1462.86
        4.70     0.999365      2191608      1575.38
        4.70     0.999414      2191608      1706.67
        4.70     0.999463      2191608      1861.82
        4.74     0.999512      2191989      2048.00
        4.74     0.999536      2191989      2155.79
        4.74     0.999561      2191989      2275.56
        4.74     0.999585      2191989      2409.41
        4.74     0.999609      2191989      2560.00
        4.74     0.999634      2191989      2730.67
        4.77     0.999658      2192294      2925.71
        4.77     0.999683      2192294      3150.77
        4.77     0.999707      2192294      3413.33
        4.77     0.999731      2192294      3723.64
        4.77     0.999756      2192294      4096.00
        4.77     0.999768      2192294      4311.58
        4.80     0.999780      2192489      4551.11
        4.80     0.999792      2192489      4818.82
        4.80     0.999805      2192489      5120.00
        4.80     0.999817      2192489      5461.33
        4.80     0.999829      2192489      5851.43
        4.80     0.999841      2192489      6301.54
        4.80     0.999854      2192489      6826.67
        4.83     0.999866      2192604      7447.27
        4.83     0.999878      2192604      8192.00
        4.83     0.999884      2192604      8623.16
        4.83     0.999890      2192604      9102.22
        4.83     0.999896      2192604      9637.65
        4.83     0.999902      2192604     10240.00
        4.83     0.999908      2192604     10922.67
        4.83     0.999915      2192604     11702.86
        4.86     0.999921      2192658     12603.08
        4.86     0.999927      2192658     13653.33
        4.86     0.999933      2192658     14894.55
        4.86     0.999939      2192658     16384.00
        4.86     0.999942      2192658     17246.32
        4.89     0.999945      2192687     18204.44
        4.89     0.999948      2192687     19275.29
        4.89     0.999951      2192687     20480.00
        4.89     0.999954      2192687     21845.33
        4.93     0.999957      2192707     23405.71
        4.93     0.999960      2192707     25206.15
        4.93     0.999963      2192707     27306.67
        4.96     0.999966      2192727     29789.09
        4.96     0.999969      2192727     32768.00
        4.96     0.999971      2192727     34492.63
        4.96     0.999973      2192727     36408.89
        4.99     0.999974      2192742     38550.59
        4.99     0.999976      2192742     40960.00
        4.99     0.999977      2192742     43690.67
        4.99     0.999979      2192742     46811.43
        4.99     0.999980      2192742     50412.31
        5.02     0.999982      2192752     54613.33
        5.02     0.999983      2192752     59578.18
        5.02     0.999985      2192752     65536.00
        5.05     0.999986      2192759     68985.26
        5.05     0.999986      2192759     72817.78
        5.05     0.999987      2192759     77101.18
        5.05     0.999988      2192759     81920.00
        5.05     0.999989      2192759     87381.33
        5.12     0.999989      2192761     93622.86
        5.28     0.999990      2192763    100824.62
        5.34     0.999991      2192764    109226.67
        5.38     0.999992      2192766    119156.36
        5.41     0.999992      2192770    131072.00
        5.41     0.999993      2192770    137970.53
        5.41     0.999993      2192770    145635.56
        5.41     0.999994      2192770    154202.35
        6.30     0.999994      2192772    163840.00
        6.30     0.999994      2192772    174762.67
        6.33     0.999995      2192775    187245.71
        6.33     0.999995      2192775    201649.23
        6.33     0.999995      2192775    218453.33
        6.33     0.999996      2192775    238312.73
        6.37     0.999996      2192777    262144.00
        6.37     0.999996      2192777    275941.05
        6.37     0.999997      2192777    291271.11
        6.37     0.999997      2192777    308404.71
        6.59     0.999997      2192778    327680.00
        6.59     0.999997      2192778    349525.33
        6.66     0.999997      2192779    374491.43
        6.66     0.999998      2192779    403298.46
        6.66     0.999998      2192779    436906.67
        6.69     0.999998      2192780    476625.45
        6.69     0.999998      2192780    524288.00
        8.89     0.999998      2192783    551882.11
        8.89     0.999998      2192783    582542.22
        8.89     0.999998      2192783    616809.41
        8.89     0.999998      2192783    655360.00
        8.89     0.999999      2192783    699050.67
        8.89     0.999999      2192783    748982.86
        8.89     0.999999      2192783    806596.92
        8.89     0.999999      2192783    873813.33
        8.89     0.999999      2192783    953250.91
        8.89     0.999999      2192783   1048576.00
        8.89     0.999999      2192783   1103764.21
        8.89     0.999999      2192783   1165084.44
        8.89     0.999999      2192783   1233618.82
        8.89     0.999999      2192783   1310720.00
        8.89     0.999999      2192783   1398101.33
        8.89     0.999999      2192783   1497965.71
        8.89     0.999999      2192783   1613193.85
        8.89     0.999999      2192783   1747626.67
        8.89     0.999999      2192783   1906501.82
        8.89     1.000000      2192783   2097152.00
        8.96     1.000000      2192784   2207528.42
        8.96     1.000000      2192784          inf
#[Mean    =        0.093, StdDeviation   =        0.163]
#[Max     =        8.959, Total count    =      2192784]
#[Buckets =           20, SubBuckets     =          256]
