       Value   Percentile   TotalCount 1/(1-Percentile)

        0.17     0.000000            1         1.00
        0.28     0.050000        29093         1.05
        0.29     0.100000        65338         1.11
        0.34     0.150000        87975         1.18
        0.35     0.200000       113844         1.25
        0.37     0.250000       160769         1.33
        0.38     0.300000       185502         1.43
        0.38     0.350000       209277         1.54
        0.39     0.400000       227150         1.67
        0.41     0.450000       271145         1.82
        0.42     0.500000       298772         2.00
        0.42     0.525000       298772         2.11
        0.43     0.550000       331903         2.22
        0.43     0.575000       331903         2.35
        0.44     0.600000       366477         2.50
        0.44     0.625000       366477         2.67
        0.45     0.650000       400612         2.86
        0.45     0.675000       400612         3.08
        0.45     0.700000       400612         3.33
        0.46     0.725000       431421         3.64
        0.46     0.750000       431421         4.00
        0.46     0.762500       453783         4.21
        0.46     0.775000       453783         4.44
        0.46     0.787500       453783         4.71
        0.47     0.800000       466774         5.00
        0.47     0.812500       466774         5.33
        0.48     0.825000       473481         5.71
        0.49     0.837500       477301         6.15
        0.51     0.850000       483199         6.67
        0.57     0.862500       489613         7.27
        0.59     0.875000       500104         8.00
        0.59     0.881250       500104         8.42
        0.60     0.887500       510522         8.89
        0.60     0.893750       510522         9.41
        0.61     0.900000       523541        10.00
        0.61     0.906250       523541        10.67
        0.61     0.912500       523541        11.43
        0.61     0.918750       523541        12.31
        0.61     0.925000       536778        13.33
        0.61     0.931250       536778        14.55
        0.61     0.937500       536778        16.00
        0.61     0.940625       536778        16.84
        0.61     0.943750       536778        17.78
        0.62     0.946875       547570        18.82
        0.62     0.950000       547570        20.00
        0.62     0.953125       547570        21.33
        0.62     0.956250       547570        22.86
        0.62     0.959375       547570        24.62
        0.62     0.962500       547570        26.67
        0.63     0.965625       554963        29.09
        0.63     0.968750       554963        32.00
        0.63     0.970313       554963        33.68
        0.63     0.971875       554963        35.56
        0.63     0.973437       554963        37.65
        0.63     0.975000       554963        40.00
        0.63     0.976562       554963        42.67
        0.63     0.978125       554963        45.71
        0.64     0.979688       559154        49.23
        0.64     0.981250       559154        53.33
        0.64     0.982812       559154        58.18
        0.64     0.984375       559154        64.00
        0.64     0.985156       559154        67.37
        0.65     0.985938       561300        71.11
        0.65     0.986719       561300        75.29
        0.65     0.987500       561300        80.00
        0.65     0.988281       561300        85.33
        0.65     0.989062       561300        91.43
        0.66     0.989844       562535        98.46
        0.66     0.990625       562535       106.67
        0.66     0.991406       562535       116.36
        0.66     0.992188       563405       128.00
        0.66     0.992578       563405       134.74
        0.66     0.992969       563405       142.22
        0.67     0.993359       564116       150.59
        0.67     0.993750       564116       160.00
        0.67     0.994141       564116       170.67
        0.68     0.994531       564658       182.86
        0.68     0.994922       564658       196.92
        0.68     0.995313       564658       213.33
        0.69     0.995703       565123       232.73
        0.69     0.996094       565123       256.00
        0.69     0.996289       565553       269.47
        0.69     0.996484       565553       284.44
        0.69     0.996680       565553       301.18
        0.69     0.996875       565553       320.00
        0.70     0.997070       565930       341.33
        0.70     0.997266       565930       365.71
        0.70     0.997461       565930       393.85
        0.71     0.997656       566258       426.67
        0.71     0.997852       566258       465.45
        0.71     0.998047       566258       512.00
        0.72     0.998145       566506       538.95
        0.72     0.998242       566506       568.89
        0.72     0.998340       566506       602.35
        0.72     0.998437       566506       640.00
        0.72     0.998535       566506       682.67
        0.73     0.998633       566685       731.43
        0.73     0.998730       566685       787.69
        0.73     0.998828       566685       853.33
        0.73     0.998926       566839       930.91
        0.73     0.999023       566839      1024.00
        0.73     0.999072       566839      1077.89
        0.73     0.999121       566839      1137.78
        0.74     0.999170       566978      1204.71
        0.74     0.999219       566978      1280.00
        0.74     0.999268       566978      1365.33
        0.74     0.999316       566978      1462.86
        0.74     0.999365       566978      1575.38
        0.75     0.999414       567070      1706.67
        0.75     0.999463       567070      1861.82
        0.75     0.999512       567070      2048.00
        0.75     0.999536       567070      2155.79
        0.75     0.999561       567070      2275.56
        0.76     0.999585       567135      2409.41
        0.76     0.999609       567135      2560.00
        0.76     0.999634       567135      2730.67
        0.76     0.999658       567135      2925.71
        0.76     0.999683       567135      3150.77
        0.77     0.999707       567179      3413.33
        0.77     0.999731       567179      3723.64
        0.77     0.999756       567179      4096.00
        0.78     0.999768       567205      4311.58
        0.78     0.999780       567205      4551.11
        0.78     0.999792       567205      4818.82
        0.78     0.999805       567205      5120.00
        0.78     0.999817       567219      5461.33
        0.78     0.999829       567219      5851.43
        0.79     0.999841       567228      6301.54
        0.80     0.999854       567231      6826.67
        0.81     0.999866       567238      7447.27
        0.86     0.999878       567246      8192.00
        0.90     0.999884       567250      8623.16
        0.94     0.999890       567252      9102.22
        1.45     0.999896       567256      9637.65
        1.58     0.999902       567259     10240.00
        1.63     0.999908       567263     10922.67
        1.77     0.999915       567266     11702.86
        2.40     0.999921       567271     12603.08
        2.50     0.999927       567273     13653.33
        2.59     0.999933       567276     14894.55
        2.70     0.999939       567280     16384.00
        2.73     0.999942       567282     17246.32
        2.77     0.999945       567284     18204.44
        2.80     0.999948       567285     19275.29
        2.83     0.999951       567287     20480.00
        2.98     0.999954       567290     21845.33
        2.98     0.999957       567290     23405.71
        3.12     0.999960       567292     25206.15
        3.18     0.999963       567296     27306.67
        3.18     0.999966       567296     29789.09
        3.25     0.999969       567298     32768.00
        3.25     0.999971       567298     34492.63
        3.28     0.999973       567299     36408.89
        3.31     0.999974       567300     38550.59
        3.42     0.999976       567301     40960.00
        3.50     0.999977       567302     43690.67
        3.50     0.999979       567302     46811.43
        3.63     0.999980       567303     50412.31
        3.66     0.999982       567304     54613.33
        3.69     0.999983       567306     59578.18
        3.69     0.999985       567306     65536.00
        3.69     0.999986       567306     68985.26
        3.73     0.999986       567307     72817.78
        3.73     0.999987       567307     77101.18
        3.79     0.999988       567309     81920.00
        3.79     0.999989       567309     87381.33
        3.79     0.999989       567309     93622.86
        3.79     0.999990       567309    100824.62
        3.79     0.999991       567309    109226.67
        3.81     0.999992       567311    119156.36
        3.81     0.999992       567311    131072.00
        3.81     0.999993       567311    137970.53
        3.81     0.999993       567311    145635.56
        3.81     0.999994       567311    154202.35
        3.81     0.999994       567311    163840.00
        3.81     0.999994       567311    174762.67
        3.81     0.999995       567311    187245.71
        3.84     0.999995       567312    201649.23
        3.84     0.999995       567312    218453.33
        3.84     0.999996       567312    238312.73
        3.84     0.999996       567312    262144.00
        3.84     0.999996       567312    275941.05
        3.92     0.999997       567313    291271.11
        3.92     0.999997       567313    308404.71
        3.92     0.999997       567313    327680.00
        3.92     0.999997       567313    349525.33
        3.92     0.999997       567313    374491.43
        3.92     0.999998       567313    403298.46
        3.92     0.999998       567313    436906.67
        3.92     0.999998       567313    476625.45
        3.92     0.999998       567313    524288.00
        3.92     0.999998       567313    551882.11
        3.95     0.999998       567314    582542.22
        3.95     1.000000       567314          inf
#[Mean    =        0.423, StdDeviation   =        0.100]
#[Max     =        3.951, Total count    =       567314]
#[Buckets =           20, SubBuckets     =          256]
