       Value   Percentile   TotalCount 1/(1-Percentile)

        0.21     0.000000            1         1.00
        0.61     0.050000        17401         1.05
        0.64     0.100000        36946         1.11
        0.66     0.150000        53072         1.18
        0.67     0.200000        74545         1.25
        0.68     0.250000        87456         1.33
        0.69     0.300000       101687         1.43
        0.69     0.350000       117004         1.54
        0.71     0.400000       150200         1.67
        0.71     0.450000       150200         1.82
        0.72     0.500000       167227         2.00
        0.73     0.525000       184332         2.11
        0.73     0.550000       184332         2.22
        0.73     0.575000       200903         2.35
        0.73     0.600000       200903         2.50
        0.74     0.625000       216910         2.67
        0.74     0.650000       216910         2.86
        0.75     0.675000       231723         3.08
        0.76     0.700000       245421         3.33
        0.76     0.725000       245421         3.64
        0.77     0.750000       257830         4.00
        0.77     0.762500       257830         4.21
        0.78     0.775000       268962         4.44
        0.78     0.787500       268962         4.71
        0.78     0.800000       268962         5.00
        0.78     0.812500       278733         5.33
        0.78     0.825000       278733         5.71
        0.79     0.837500       287268         6.15
        0.79     0.850000       287268         6.67
        0.80     0.862500       294869         7.27
        0.80     0.875000       294869         8.00
        0.80     0.881250       294869         8.42
        0.81     0.887500       301412         8.89
        0.81     0.893750       301412         9.41
        0.81     0.900000       301412        10.00
        0.81     0.906250       306810        10.67
        0.81     0.912500       306810        11.43
        0.81     0.918750       306810        12.31
        0.82     0.925000       311477        13.33
        0.82     0.931250       311477        14.55
        0.83     0.937500       315299        16.00
        0.83     0.940625       315299        16.84
        0.83     0.943750       315299        17.78
        0.84     0.946875       318420        18.82
        0.84     0.950000       318420        20.00
        0.84     0.953125       318420        21.33
        0.85     0.956250       321121        22.86
        0.85     0.959375       321121        24.62
        0.85     0.962500       321121        26.67
        0.85     0.965625       323354        29.09
        0.85     0.968750       323354        32.00
        0.86     0.970313       325124        33.68
        0.86     0.971875       325124        35.56
        0.86     0.973437       325124        37.65
        0.86     0.975000       325124        40.00
        0.87     0.976562       326609        42.67
        0.87     0.978125       326609        45.71
        0.87     0.979688       326609        49.23
        0.88     0.981250       327773        53.33
        0.88     0.982812       327773        58.18
        0.89     0.984375       328823        64.00
        0.89     0.985156       328823        67.37
        0.89     0.985938       328823        71.11
        0.90     0.986719       329648        75.29
        0.90     0.987500       329648        80.00
        0.90     0.988281       329648        85.33
        0.90     0.989062       329648        91.43
        0.90     0.989844       330350        98.46
        0.90     0.990625       330350       106.67
        0.91     0.991406       330919       116.36
        0.91     0.992188       330919       128.00
        0.91     0.992578       330919       134.74
        0.92     0.992969       331398       142.22
        0.92     0.993359       331398       150.59
        0.92     0.993750       331398       160.00
        0.92     0.994141       331398       170.67
        0.93     0.994531       331755       182.86
        0.93     0.994922       331755       196.92
        0.93     0.995313       331755       213.33
        0.94     0.995703       332038       232.73
        0.94     0.996094       332038       256.00
        0.94     0.996289       332038       269.47
        0.94     0.996484       332259       284.44
        0.94     0.996680       332259       301.18
        0.94     0.996875       332259       320.00
        0.95     0.997070       332440       341.33
        0.95     0.997266       332440       365.71
        0.95     0.997461       332440       393.85
        0.96     0.997656       332567       426.67
        0.96     0.997852       332567       465.45
        0.97     0.998047       332675       512.00
        0.97     0.998145       332675       538.95
        0.97     0.998242       332760       568.89
        0.97     0.998340       332760       602.35
        0.97     0.998437       332760       640.00
        0.98     0.998535       332840       682.67
        0.98     0.998633       332840       731.43
        0.98     0.998730       332840       787.69
        0.99     0.998828       332875       853.33
        1.01     0.998926       332935       930.91
        1.01     0.999023       332962      1024.00
        1.01     0.999072       332962      1077.89
        1.02     0.999121       332979      1137.78
        1.03     0.999170       332990      1204.71
        1.04     0.999219       333004      1280.00
        1.06     0.999268       333028      1365.33
        1.07     0.999316       333043      1462.86
        1.09     0.999365       333064      1575.38
        1.09     0.999414       333069      1706.67
        1.11     0.999463       333085      1861.82
        1.14     0.999512       333105      2048.00
        1.15     0.999536       333116      2155.79
        1.16     0.999561       333117      2275.56
        1.18     0.999585       333128      2409.41
        1.18     0.999609       333139      2560.00
        1.19     0.999634       333145      2730.67
        1.20     0.999658       333154      2925.71
        1.21     0.999683       333164      3150.77
        1.22     0.999707       333166      3413.33
        1.23     0.999731       333175      3723.64
        1.25     0.999756       333184      4096.00
        1.25     0.999768       333188      4311.58
        1.26     0.999780       333193      4551.11
        1.27     0.999792       333198      4818.82
        1.27     0.999805       333198      5120.00
        1.28     0.999817       333205      5461.33
        1.29     0.999829       333212      5851.43
        1.29     0.999841       333212      6301.54
        1.30     0.999854       333215      6826.67
        1.33     0.999866       333219      7447.27
        1.33     0.999878       333223      8192.00
        1.34     0.999884       333226      8623.16
        1.35     0.999890       333227      9102.22
        1.37     0.999896       333229      9637.65
        1.38     0.999902       333231     10240.00
        1.46     0.999908       333233     10922.67
        1.57     0.999915       333235     11702.86
        2.01     0.999921       333237     12603.08
        2.06     0.999927       333239     13653.33
        2.61     0.999933       333241     14894.55
        2.64     0.999939       333243     16384.00
        2.81     0.999942       333244     17246.32
        2.94     0.999945       333245     18204.44
        3.13     0.999948       333247     19275.29
        3.13     0.999951       333247     20480.00
        3.23     0.999954       333248     21845.33
        3.49     0.999957       333249     23405.71
        3.52     0.999960       333250     25206.15
        3.60     0.999963       333251     27306.67
        3.81     0.999966       333253     29789.09
        3.81     0.999969       333253     32768.00
        4.19     0.999971       333254     34492.63
        4.19     0.999973       333254     36408.89
        4.25     0.999974       333256     38550.59
        4.25     0.999976       333256     40960.00
        4.25     0.999977       333256     43690.67
        4.25     0.999979       333256     46811.43
        4.51     0.999980       333257     50412.31
        4.51     0.999982       333257     54613.33
        4.54     0.999983       333258     59578.18
        4.54     0.999985       333258     65536.00
        4.61     0.999986       333259     68985.26
        4.61     0.999986       333259     72817.78
        4.61     0.999987       333259     77101.18
        4.61     0.999988       333259     81920.00
        4.67     0.999989       333260     87381.33
        4.67     0.999989       333260     93622.86
        4.67     0.999990       333260    100824.62
        4.67     0.999991       333260    109226.67
        5.12     0.999992       333261    119156.36
        5.12     0.999992       333261    131072.00
        5.12     0.999993       333261    137970.53
        5.12     0.999993       333261    145635.56
        5.12     0.999994       333261    154202.35
        5.12     0.999994       333261    163840.00
        5.15     0.999994       333263    174762.67
        5.15     1.000000       333263          inf
#[Mean    =        0.719, StdDeviation   =        0.080]
#[Max     =        5.151, Total count    =       333263]
#[Buckets =           20, SubBuckets     =          256]
