       Value   Percentile   TotalCount 1/(1-Percentile)

        0.19     0.000000            5         1.00
        0.28     0.050000        38152         1.05
        0.29     0.100000        57848         1.11
        0.34     0.150000        92635         1.18
        0.35     0.200000       126289         1.25
        0.36     0.250000       149986         1.33
        0.37     0.300000       173814         1.43
        0.38     0.350000       220154         1.54
        0.39     0.400000       235295         1.67
        0.41     0.450000       263720         1.82
        0.41     0.500000       288609         2.00
        0.42     0.525000       321015         2.11
        0.42     0.550000       321015         2.22
        0.43     0.575000       355883         2.35
        0.43     0.600000       355883         2.50
        0.44     0.625000       390451         2.67
        0.44     0.650000       390451         2.86
        0.44     0.675000       390451         3.08
        0.45     0.700000       422614         3.33
        0.45     0.725000       422614         3.64
        0.46     0.750000       448886         4.00
        0.46     0.762500       448886         4.21
        0.46     0.775000       448886         4.44
        0.46     0.787500       465715         4.71
        0.46     0.800000       465715         5.00
        0.46     0.812500       465715         5.33
        0.47     0.825000       474578         5.71
        0.49     0.837500       482577         6.15
        0.51     0.850000       487813         6.67
        0.57     0.862500       496400         7.27
        0.58     0.875000       502122         8.00
        0.59     0.881250       511579         8.42
        0.59     0.887500       511579         8.89
        0.60     0.893750       524153         9.41
        0.60     0.900000       524153        10.00
        0.60     0.906250       524153        10.67
        0.60     0.912500       524153        11.43
        0.61     0.918750       537614        12.31
        0.61     0.925000       537614        13.33
        0.61     0.931250       537614        14.55
        0.61     0.937500       537614        16.00
        0.61     0.940625       549710        16.84
        0.61     0.943750       549710        17.78
        0.61     0.946875       549710        18.82
        0.61     0.950000       549710        20.00
        0.61     0.953125       549710        21.33
        0.61     0.956250       549710        22.86
        0.61     0.959375       549710        24.62
        0.62     0.962500       558338        26.67
        0.62     0.965625       558338        29.09
        0.62     0.968750       558338        32.00
        0.62     0.970313       558338        33.68
        0.62     0.971875       558338        35.56
        0.62     0.973437       558338        37.65
        0.63     0.975000       563335        40.00
        0.63     0.976562       563335        42.67
        0.63     0.978125       563335        45.71
        0.63     0.979688       563335        49.23
        0.63     0.981250       563335        53.33
        0.63     0.982812       563335        58.18
        0.64     0.984375       566020        64.00
        0.64     0.985156       566020        67.37
        0.64     0.985938       566020        71.11
        0.64     0.986719       566020        75.29
        0.64     0.987500       566020        80.00
        0.65     0.988281       567561        85.33
        0.65     0.989062       567561        91.43
        0.65     0.989844       567561        98.46
        0.65     0.990625       567561       106.67
        0.66     0.991406       568476       116.36
        0.66     0.992188       568476       128.00
        0.66     0.992578       569156       134.74
        0.66     0.992969       569156       142.22
        0.66     0.993359       569156       150.59
        0.67     0.993750       569685       160.00
        0.67     0.994141       569685       170.67
        0.67     0.994531       569685       182.86
        0.68     0.994922       570189       196.92
        0.68     0.995313       570189       213.33
        0.69     0.995703       570630       232.73
        0.69     0.996094       570630       256.00
        0.69     0.996289       571055       269.47
        0.69     0.996484       571055       284.44
        0.69     0.996680       571055       301.18
        0.69     0.996875       571055       320.00
        0.70     0.997070       571449       341.33
        0.70     0.997266       571449       365.71
        0.70     0.997461       571449       393.85
        0.71     0.997656       571762       426.67
        0.71     0.997852       571762       465.45
        0.71     0.998047       571762       512.00
        0.71     0.998145       571762       538.95
        0.72     0.998242       572005       568.89
        0.72     0.998340       572005       602.35
        0.72     0.998437       572005       640.00
        0.72     0.998535       572005       682.67
        0.73     0.998633       572189       731.43
        0.73     0.998730       572189       787.69
        0.73     0.998828       572189       853.33
        0.73     0.998926       572348       930.91
        0.73     0.999023       572348      1024.00
        0.73     0.999072       572348      1077.89
        0.73     0.999121       572348      1137.78
        0.73     0.999170       572348      1204.71
        0.74     0.999219       572461      1280.00
        0.74     0.999268       572461      1365.33
        0.74     0.999316       572461      1462.86
        0.74     0.999365       572461      1575.38
        0.75     0.999414       572515      1706.67
        0.75     0.999463       572515      1861.82
        0.76     0.999512       572563      2048.00
        0.76     0.999536       572563      2155.79
        0.77     0.999561       572592      2275.56
        0.77     0.999585       572592      2409.41
        0.77     0.999609       572592      2560.00
        0.78     0.999634       572609      2730.67
        0.78     0.999658       572622      2925.71
        0.79     0.999683       572635      3150.77
        0.81     0.999707       572649      3413.33
        0.85     0.999731       572664      3723.64
        0.87     0.999756       572680      4096.00
        0.88     0.999768       572684      4311.58
        0.90     0.999780       572693      4551.11
        0.90     0.999792       572697      4818.82
        0.92     0.999805       572709      5120.00
        0.93     0.999817       572712      5461.33
        0.94     0.999829       572723      5851.43
        0.95     0.999841       572726      6301.54
        0.97     0.999854       572732      6826.67
        0.99     0.999866       572740      7447.27
        1.02     0.999878       572747      8192.00
        1.05     0.999884       572750      8623.16
        1.12     0.999890       572753      9102.22
        1.36     0.999896       572756      9637.65
        1.50     0.999902       572760     10240.00
        1.56     0.999908       572763     10922.67
        1.88     0.999915       572767     11702.86
        2.35     0.999921       572770     12603.08
        2.38     0.999927       572774     13653.33
        2.50     0.999933       572777     14894.55
        2.56     0.999939       572781     16384.00
        2.61     0.999942       572782     17246.32
        2.64     0.999945       572784     18204.44
        2.67     0.999948       572786     19275.29
        2.72     0.999951       572788     20480.00
        2.75     0.999954       572789     21845.33
        2.90     0.999957       572791     23405.71
        2.96     0.999960       572793     25206.15
        3.07     0.999963       572795     27306.67
        3.12     0.999966       572796     29789.09
        3.17     0.999969       572799     32768.00
        3.17     0.999971       572799     34492.63
        3.20     0.999973       572800     36408.89
        3.36     0.999974       572802     38550.59
        3.36     0.999976       572802     40960.00
        3.36     0.999977       572802     43690.67
        3.39     0.999979       572803     46811.43
        3.50     0.999980       572804     50412.31
        3.57     0.999982       572806     54613.33
        3.57     0.999983       572806     59578.18
        3.62     0.999985       572807     65536.00
        3.62     0.999986       572807     68985.26
        3.65     0.999986       572808     72817.78
        3.65     0.999987       572808     77101.18
        3.68     0.999988       572809     81920.00
        3.68     0.999989       572809     87381.33
        3.68     0.999989       572809     93622.86
        3.71     0.999990       572810    100824.62
        3.71     0.999991       572810    109226.67
        3.74     0.999992       572811    119156.36
        3.74     0.999992       572811    131072.00
        3.74     0.999993       572811    137970.53
        3.76     0.999993       572812    145635.56
        3.76     0.999994       572812    154202.35
        3.76     0.999994       572812    163840.00
        3.76     0.999994       572812    174762.67
        3.76     0.999995       572812    187245.71
        3.84     0.999995       572813    201649.23
        3.84     0.999995       572813    218453.33
        3.84     0.999996       572813    238312.73
        3.84     0.999996       572813    262144.00
        3.84     0.999996       572813    275941.05
        3.92     0.999997       572814    291271.11
        3.92     0.999997       572814    308404.71
        3.92     0.999997       572814    327680.00
        3.92     0.999997       572814    349525.33
        3.92     0.999997       572814    374491.43
        3.92     0.999998       572814    403298.46
        3.92     0.999998       572814    436906.67
        3.92     0.999998       572814    476625.45
        3.92     0.999998       572814    524288.00
        3.92     0.999998       572814    551882.11
        4.00     0.999998       572815    582542.22
        4.00     1.000000       572815          inf
#[Mean    =        0.419, StdDeviation   =        0.100]
#[Max     =        3.999, Total count    =       572815]
#[Buckets =           20, SubBuckets     =          256]
