       Value   Percentile   TotalCount 1/(1-Percentile)

        0.03     0.000000          109         1.00
        0.06     0.050000       348067         1.05
        0.06     0.100000       348067         1.11
        0.07     0.150000       803003         1.18
        0.07     0.200000       803003         1.25
        0.07     0.250000       803003         1.33
        0.08     0.300000      1326021         1.43
        0.08     0.350000      1326021         1.54
        0.08     0.400000      1326021         1.67
        0.08     0.450000      1326021         1.82
        0.09     0.500000      1763263         2.00
        0.09     0.525000      1763263         2.11
        0.09     0.550000      1763263         2.22
        0.09     0.575000      1763263         2.35
        0.09     0.600000      1763263         2.50
        0.09     0.625000      1763263         2.67
        0.09     0.650000      1763263         2.86
        0.10     0.675000      2075245         3.08
        0.10     0.700000      2075245         3.33
        0.10     0.725000      2075245         3.64
        0.10     0.750000      2075245         4.00
        0.10     0.762500      2075245         4.21
        0.10     0.775000      2277248         4.44
        0.10     0.787500      2277248         4.71
        0.10     0.800000      2277248         5.00
        0.10     0.812500      2277248         5.33
        0.10     0.825000      2277248         5.71
        0.10     0.837500      2277248         6.15
        0.11     0.850000      2423598         6.67
        0.11     0.862500      2423598         7.27
        0.11     0.875000      2423598         8.00
        0.11     0.881250      2423598         8.42
        0.11     0.887500      2423598         8.89
        0.11     0.893750      2423598         9.41
        0.12     0.900000      2539571        10.00
        0.12     0.906250      2539571        10.67
        0.12     0.912500      2539571        11.43
        0.12     0.918750      2539571        12.31
        0.12     0.925000      2539571        13.33
        0.12     0.931250      2539571        14.55
        0.12     0.937500      2539571        16.00
        0.12     0.940625      2539571        16.84
        0.13     0.943750      2621592        17.78
        0.13     0.946875      2621592        18.82
        0.13     0.950000      2621592        20.00
        0.13     0.953125      2621592        21.33
        0.13     0.956250      2621592        22.86
        0.13     0.959375      2621592        24.62
        0.13     0.962500      2621592        26.67
        0.13     0.965625      2621592        29.09
        0.13     0.968750      2621592        32.00
        0.13     0.970313      2621592        33.68
        0.13     0.971875      2621592        35.56
        0.14     0.973437      2661797        37.65
        0.14     0.975000      2661797        40.00
        0.14     0.976562      2661797        42.67
        0.14     0.978125      2661797        45.71
        0.14     0.979688      2661797        49.23
        0.14     0.981250      2661797        53.33
        0.14     0.982812      2661797        58.18
        0.14     0.984375      2661797        64.00
        0.14     0.985156      2661797        67.37
        0.14     0.985938      2661797        71.11
        0.14     0.986719      2661797        75.29
        0.14     0.987500      2661797        80.00
        0.14     0.988281      2679256        85.33
        0.14     0.989062      2679256        91.43
        0.14     0.989844      2679256        98.46
        0.14     0.990625      2679256       106.67
        0.14     0.991406      2679256       116.36
        0.14     0.992188      2679256       128.00
        0.14     0.992578      2679256       134.74
        0.14     0.992969      2679256       142.22
        0.14     0.993359      2679256       150.59
        0.14     0.993750      2679256       160.00
        0.14     0.994141      2679256       170.67
        0.15     0.994531      2685183       182.86
        0.15     0.994922      2685183       196.92
        0.15     0.995313      2685183       213.33
        0.15     0.995703      2685183       232.73
        0.15     0.996094      2685183       256.00
        0.15     0.996289      2685183       269.47
        0.15     0.996484      2685183       284.44
        0.16     0.996680      2687778       301.18
        0.16     0.996875      2687778       320.00
        0.16     0.997070      2687778       341.33
        0.16     0.997266      2687778       365.71
        0.16     0.997461      2687778       393.85
        0.17     0.997656      2688973       426.67
        0.17     0.997852      2688973       465.45
        0.17     0.998047      2689636       512.00
        0.17     0.998145      2689636       538.95
        0.18     0.998242      2690053       568.89
        0.19     0.998340      2690344       602.35
        0.20     0.998437      2690546       640.00
        0.21     0.998535      2690682       682.67
        0.24     0.998633      2690968       731.43
        1.48     0.998730      2691184       787.69
        4.29     0.998828      2691472       853.33
        4.35     0.998926      2691941       930.91
        4.38     0.999023      2692483      1024.00
        4.38     0.999072      2692483      1077.89
        4.38     0.999121      2692483      1137.78
        4.38     0.999170      2692483      1204.71
        4.42     0.999219      2693142      1280.00
        4.42     0.999268      2693142      1365.33
        4.42     0.999316      2693142      1462.86
        4.42     0.999365      2693142      1575.38
        4.42     0.999414      2693142      1706.67
        4.45     0.999463      2693742      1861.82
        4.45     0.999512      2693742      2048.00
        4.45     0.999536      2693742      2155.79
        4.45     0.999561      2693742      2275.56
        4.45     0.999585      2693742      2409.41
        4.45     0.999609      2693742      2560.00
        4.45     0.999634      2693742      2730.67
        4.45     0.999658      2693742      2925.71
        4.48     0.999683      2694155      3150.77
        4.48     0.999707      2694155      3413.33
        4.48     0.999731      2694155      3723.64
        4.48     0.999756      2694155      4096.00
        4.48     0.999768      2694155      4311.58
        4.48     0.999780      2694155      4551.11
        4.48     0.999792      2694155      4818.82
        4.48     0.999805      2694155      5120.00
        4.48     0.999817      2694155      5461.33
        4.48     0.999829      2694155      5851.43
        4.51     0.999841      2694372      6301.54
        4.51     0.999854      2694372      6826.67
        4.51     0.999866      2694372      7447.27
        4.51     0.999878      2694372      8192.00
        4.51     0.999884      2694372      8623.16
        4.51     0.999890      2694372      9102.22
        4.51     0.999896      2694372      9637.65
        4.51     0.999902      2694372     10240.00
        4.51     0.999908      2694372     10922.67
        4.54     0.999915      2694483     11702.86
        4.54     0.999921      2694483     12603.08
        4.54     0.999927      2694483     13653.33
        4.54     0.999933      2694483     14894.55
        4.54     0.999939      2694483     16384.00
        4.54     0.999942      2694483     17246.32
        4.54     0.999945      2694483     18204.44
        4.54     0.999948      2694483     19275.29
        4.54     0.999951      2694483     20480.00
        4.54     0.999954      2694483     21845.33
        4.58     0.999957      2694529     23405.71
        4.58     0.999960      2694529     25206.15
        4.58     0.999963      2694529     27306.67
        4.58     0.999966      2694529     29789.09
        4.58     0.999969      2694529     32768.00
        4.58     0.999971      2694529     34492.63
        4.58     0.999973      2694529     36408.89
        4.61     0.999974      2694559     38550.59
        4.61     0.999976      2694559     40960.00
        4.61     0.999977      2694559     43690.67
        4.61     0.999979      2694559     46811.43
        4.61     0.999980      2694559     50412.31
        4.61     0.999982      2694559     54613.33
        4.61     0.999983      2694559     59578.18
        4.64     0.999985      2694565     65536.00
        4.64     0.999986      2694565     68985.26
        4.67     0.999986      2694570     72817.78
        4.67     0.999987      2694570     77101.18
        4.70     0.999988      2694573     81920.00
        4.70     0.999989      2694573     87381.33
        4.74     0.999989      2694580     93622.86
        4.74     0.999990      2694580    100824.62
        4.74     0.999991      2694580    109226.67
        4.77     0.999992      2694585    119156.36
        4.77     0.999992      2694585    131072.00
        4.77     0.999993      2694585    137970.53
        4.77     0.999993      2694585    145635.56
        4.80     0.999994      2694592    154202.35
        4.80     0.999994      2694592    163840.00
        4.80     0.999994      2694592    174762.67
        4.80     0.999995      2694592    187245.71
        4.80     0.999995      2694592    201649.23
        4.80     0.999995      2694592    218453.33
        4.80     0.999996      2694592    238312.73
        4.86     0.999996      2694595    262144.00
        4.86     0.999996      2694595    275941.05
        4.86     0.999997      2694595    291271.11
        4.86     0.999997      2694595    308404.71
        4.86     0.999997      2694595    327680.00
        4.89     0.999997      2694596    349525.33
        4.89     0.999997      2694596    374491.43
        5.95     0.999998      2694597    403298.46
        5.95     0.999998      2694597    436906.67
        5.98     0.999998      2694599    476625.45
        5.98     0.999998      2694599    524288.00
        5.98     0.999998      2694599    551882.11
        5.98     0.999998      2694599    582542.22
        5.98     0.999998      2694599    616809.41
        5.98     0.999998      2694599    655360.00
        6.01     0.999999      2694600    699050.67
        6.01     0.999999      2694600    748982.86
        6.01     0.999999      2694600    806596.92
        6.01     0.999999      2694600    873813.33
        6.11     0.999999      2694601    953250.91
        6.11     0.999999      2694601   1048576.00
        6.11     0.999999      2694601   1103764.21
        6.11     0.999999      2694601   1165084.44
        6.11     0.999999      2694601   1233618.82
        6.11     0.999999      2694601   1310720.00
        6.17     0.999999      2694602   1398101.33
        6.17     0.999999      2694602   1497965.71
        6.17     0.999999      2694602   1613193.85
        6.17     0.999999      2694602   1747626.67
        6.17     0.999999      2694602   1906501.82
        6.17     1.000000      2694602   2097152.00
        6.17     1.000000      2694602   2207528.42
        6.17     1.000000      2694602   2330168.89
        6.17     1.000000      2694602   2467237.65
        6.17     1.000000      2694602   2621440.00
        6.24     1.000000      2694603   2796202.67
        6.24     1.000000      2694603          inf
#[Mean    =        0.089, StdDeviation   =        0.152]
#[Max     =        6.239, Total count    =      2694603]
#[Buckets =           20, SubBuckets     =          256]
