       Value   Percentile   TotalCount 1/(1-Percentile)

        0.20     0.000000            1         1.00
        0.60     0.050000        20646         1.05
        0.62     0.100000        38742         1.11
        0.64     0.150000        57281         1.18
        0.65     0.200000        68756         1.25
        0.66     0.250000        96200         1.33
        0.67     0.300000       111897         1.43
        0.68     0.350000       128707         1.54
        0.69     0.400000       146567         1.67
        0.69     0.450000       164875         1.82
        0.70     0.500000       183372         2.00
        0.70     0.525000       183372         2.11
        0.71     0.550000       201360         2.22
        0.71     0.575000       201360         2.35
        0.72     0.600000       218659         2.50
        0.72     0.625000       218659         2.67
        0.73     0.650000       234810         2.86
        0.73     0.675000       234810         3.08
        0.73     0.700000       249846         3.33
        0.73     0.725000       249846         3.64
        0.74     0.750000       263379         4.00
        0.74     0.762500       263379         4.21
        0.75     0.775000       275578         4.44
        0.75     0.787500       275578         4.71
        0.75     0.800000       275578         5.00
        0.76     0.812500       286094         5.33
        0.76     0.825000       286094         5.71
        0.77     0.837500       295270         6.15
        0.77     0.850000       295270         6.67
        0.78     0.862500       303281         7.27
        0.78     0.875000       303281         8.00
        0.78     0.881250       303281         8.42
        0.78     0.887500       310095         8.89
        0.78     0.893750       310095         9.41
        0.78     0.900000       310095        10.00
        0.79     0.906250       315896        10.67
        0.79     0.912500       315896        11.43
        0.79     0.918750       315896        12.31
        0.80     0.925000       320640        13.33
        0.80     0.931250       320640        14.55
        0.81     0.937500       324689        16.00
        0.81     0.940625       324689        16.84
        0.81     0.943750       324689        17.78
        0.81     0.946875       324689        18.82
        0.81     0.950000       327936        20.00
        0.81     0.953125       327936        21.33
        0.81     0.956250       327936        22.86
        0.82     0.959375       330712        24.62
        0.82     0.962500       330712        26.67
        0.83     0.965625       332993        29.09
        0.83     0.968750       332993        32.00
        0.83     0.970313       332993        33.68
        0.84     0.971875       334820        35.56
        0.84     0.973437       334820        37.65
        0.84     0.975000       334820        40.00
        0.84     0.976562       334820        42.67
        0.85     0.978125       336344        45.71
        0.85     0.979688       336344        49.23
        0.85     0.981250       336344        53.33
        0.85     0.982812       337541        58.18
        0.85     0.984375       337541        64.00
        0.86     0.985156       338533        67.37
        0.86     0.985938       338533        71.11
        0.86     0.986719       338533        75.29
        0.86     0.987500       338533        80.00
        0.87     0.988281       339353        85.33
        0.87     0.989062       339353        91.43
        0.87     0.989844       339353        98.46
        0.88     0.990625       340047       106.67
        0.88     0.991406       340047       116.36
        0.88     0.992188       340047       128.00
        0.89     0.992578       340580       134.74
        0.89     0.992969       340580       142.22
        0.89     0.993359       340580       150.59
        0.89     0.993750       340580       160.00
        0.90     0.994141       340985       170.67
        0.90     0.994531       340985       182.86
        0.90     0.994922       340985       196.92
        0.90     0.995313       341287       213.33
        0.90     0.995703       341287       232.73
        0.91     0.996094       341547       256.00
        0.91     0.996289       341547       269.47
        0.91     0.996484       341547       284.44
        0.91     0.996680       341547       301.18
        0.92     0.996875       341751       320.00
        0.92     0.997070       341751       341.33
        0.92     0.997266       341751       365.71
        0.93     0.997461       341891       393.85
        0.93     0.997656       341891       426.67
        0.94     0.997852       342002       465.45
        0.94     0.998047       342002       512.00
        0.94     0.998145       342106       538.95
        0.94     0.998242       342106       568.89
        0.94     0.998340       342106       602.35
        0.95     0.998437       342176       640.00
        0.95     0.998535       342176       682.67
        0.96     0.998633       342214       731.43
        0.96     0.998730       342214       787.69
        0.97     0.998828       342256       853.33
        0.97     0.998926       342294       930.91
        0.98     0.999023       342325      1024.00
        0.99     0.999072       342353      1077.89
        0.99     0.999121       342353      1137.78
        1.00     0.999170       342380      1204.71
        1.01     0.999219       342398      1280.00
        1.01     0.999268       342398      1365.33
        1.02     0.999316       342425      1462.86
        1.03     0.999365       342437      1575.38
        1.04     0.999414       342451      1706.67
        1.06     0.999463       342472      1861.82
        1.08     0.999512       342485      2048.00
        1.09     0.999536       342491      2155.79
        1.09     0.999561       342503      2275.56
        1.10     0.999585       342509      2409.41
        1.11     0.999609       342517      2560.00
        1.12     0.999634       342526      2730.67
        1.13     0.999658       342535      2925.71
        1.14     0.999683       342542      3150.77
        1.14     0.999707       342549      3413.33
        1.16     0.999731       342556      3723.64
        1.18     0.999756       342565      4096.00
        1.19     0.999768       342575      4311.58
        1.19     0.999780       342575      4551.11
        1.20     0.999792       342583      4818.82
        1.20     0.999805       342583      5120.00
        1.21     0.999817       342587      5461.33
        1.22     0.999829       342591      5851.43
        1.22     0.999841       342596      6301.54
        1.23     0.999854       342603      6826.67
        1.23     0.999866       342603      7447.27
        1.25     0.999878       342609      8192.00
        1.25     0.999884       342609      8623.16
        1.26     0.999890       342612      9102.22
        1.28     0.999896       342614      9637.65
        1.29     0.999902       342615     10240.00
        1.30     0.999908       342619     10922.67
        1.30     0.999915       342619     11702.86
        1.32     0.999921       342624     12603.08
        1.32     0.999927       342624     13653.33
        1.38     0.999933       342625     14894.55
        1.40     0.999939       342628     16384.00
        2.45     0.999942       342629     17246.32
        2.72     0.999945       342630     18204.44
        2.83     0.999948       342631     19275.29
        2.91     0.999951       342632     20480.00
        2.94     0.999954       342633     21845.33
        2.96     0.999957       342634     23405.71
        2.99     0.999960       342635     25206.15
        3.02     0.999963       342637     27306.67
        3.02     0.999966       342637     29789.09
        3.47     0.999969       342638     32768.00
        3.49     0.999971       342639     34492.63
        3.49     0.999973       342639     36408.89
        3.54     0.999974       342640     38550.59
        3.54     0.999976       342640     40960.00
        4.06     0.999977       342641     43690.67
        4.06     0.999979       342641     46811.43
        4.16     0.999980       342642     50412.31
        4.16     0.999982       342642     54613.33
        4.67     0.999983       342643     59578.18
        4.67     0.999985       342643     65536.00
        4.70     0.999986       342644     68985.26
        4.70     0.999986       342644     72817.78
        4.70     0.999987       342644     77101.18
        4.70     0.999988       342644     81920.00
        4.77     0.999989       342645     87381.33
        4.77     0.999989       342645     93622.86
        4.77     0.999990       342645    100824.62
        4.77     0.999991       342645    109226.67
        4.83     0.999992       342646    119156.36
        4.83     0.999992       342646    131072.00
        4.83     0.999993       342646    137970.53
        4.83     0.999993       342646    145635.56
        4.83     0.999994       342646    154202.35
        4.83     0.999994       342646    163840.00
        4.86     0.999994       342647    174762.67
        4.86     0.999995       342647    187245.71
        4.86     0.999995       342647    201649.23
        4.86     0.999995       342647    218453.33
        4.86     0.999996       342647    238312.73
        4.86     0.999996       342647    262144.00
        4.86     0.999996       342647    275941.05
        4.86     0.999997       342647    291271.11
        4.86     0.999997       342647    308404.71
        4.86     0.999997       342647    327680.00
        4.93     0.999997       342648    349525.33
        4.93     1.000000       342648          inf
#[Mean    =        0.699, StdDeviation   =        0.073]
#[Max     =        4.927, Total count    =       342648]
#[Buckets =           20, SubBuckets     =          256]
