       Value   Percentile   TotalCount 1/(1-Percentile)

        0.17     0.000000            1         1.00
        0.29     0.050000        46827         1.05
        0.29     0.100000        64482         1.11
        0.34     0.150000        86870         1.18
        0.36     0.200000       134013         1.25
        0.37     0.250000       159023         1.33
        0.38     0.300000       184501         1.43
        0.38     0.350000       208811         1.54
        0.39     0.400000       227659         1.67
        0.41     0.450000       270683         1.82
        0.42     0.500000       298022         2.00
        0.42     0.525000       298022         2.11
        0.43     0.550000       331253         2.22
        0.43     0.575000       331253         2.35
        0.44     0.600000       366408         2.50
        0.44     0.625000       366408         2.67
        0.45     0.650000       401144         2.86
        0.45     0.675000       401144         3.08
        0.45     0.700000       401144         3.33
        0.46     0.725000       432136         3.64
        0.46     0.750000       432136         4.00
        0.46     0.762500       455464         4.21
        0.46     0.775000       455464         4.44
        0.46     0.787500       455464         4.71
        0.46     0.800000       455464         5.00
        0.47     0.812500       468734         5.33
        0.47     0.825000       468734         5.71
        0.48     0.837500       475337         6.15
        0.50     0.850000       482503         6.67
        0.58     0.862500       491769         7.27
        0.59     0.875000       498010         8.00
        0.60     0.881250       508229         8.42
        0.60     0.887500       508229         8.89
        0.60     0.893750       508229         9.41
        0.61     0.900000       521166        10.00
        0.61     0.906250       521166        10.67
        0.61     0.912500       521166        11.43
        0.61     0.918750       521166        12.31
        0.61     0.925000       535121        13.33
        0.61     0.931250       535121        14.55
        0.61     0.937500       535121        16.00
        0.61     0.940625       535121        16.84
        0.62     0.943750       546757        17.78
        0.62     0.946875       546757        18.82
        0.62     0.950000       546757        20.00
        0.62     0.953125       546757        21.33
        0.62     0.956250       546757        22.86
        0.62     0.959375       546757        24.62
        0.62     0.962500       546757        26.67
        0.63     0.965625       554839        29.09
        0.63     0.968750       554839        32.00
        0.63     0.970313       554839        33.68
        0.63     0.971875       554839        35.56
        0.63     0.973437       554839        37.65
        0.63     0.975000       554839        40.00
        0.63     0.976562       554839        42.67
        0.63     0.978125       554839        45.71
        0.64     0.979688       559552        49.23
        0.64     0.981250       559552        53.33
        0.64     0.982812       559552        58.18
        0.64     0.984375       559552        64.00
        0.64     0.985156       559552        67.37
        0.64     0.985938       559552        71.11
        0.65     0.986719       561963        75.29
        0.65     0.987500       561963        80.00
        0.65     0.988281       561963        85.33
        0.65     0.989062       561963        91.43
        0.65     0.989844       561963        98.46
        0.65     0.990625       561963       106.67
        0.66     0.991406       563273       116.36
        0.66     0.992188       563273       128.00
        0.66     0.992578       563273       134.74
        0.66     0.992969       563273       142.22
        0.66     0.993359       564048       150.59
        0.66     0.993750       564048       160.00
        0.66     0.994141       564048       170.67
        0.67     0.994531       564676       182.86
        0.67     0.994922       564676       196.92
        0.67     0.995313       564676       213.33
        0.68     0.995703       565161       232.73
        0.68     0.996094       565161       256.00
        0.68     0.996289       565161       269.47
        0.68     0.996484       565161       284.44
        0.69     0.996680       565544       301.18
        0.69     0.996875       565544       320.00
        0.69     0.997070       565544       341.33
        0.69     0.997266       565888       365.71
        0.69     0.997461       565888       393.85
        0.69     0.997656       565888       426.67
        0.70     0.997852       566161       465.45
        0.70     0.998047       566161       512.00
        0.70     0.998145       566161       538.95
        0.70     0.998242       566161       568.89
        0.71     0.998340       566412       602.35
        0.71     0.998437       566412       640.00
        0.71     0.998535       566412       682.67
        0.71     0.998633       566412       731.43
        0.72     0.998730       566589       787.69
        0.72     0.998828       566589       853.33
        0.72     0.998926       566589       930.91
        0.73     0.999023       566718      1024.00
        0.73     0.999072       566718      1077.89
        0.73     0.999121       566718      1137.78
        0.73     0.999170       566718      1204.71
        0.73     0.999219       566718      1280.00
        0.73     0.999268       566814      1365.33
        0.73     0.999316       566814      1462.86
        0.73     0.999365       566814      1575.38
        0.74     0.999414       566892      1706.67
        0.74     0.999463       566892      1861.82
        0.74     0.999512       566892      2048.00
        0.74     0.999536       566892      2155.79
        0.75     0.999561       566937      2275.56
        0.75     0.999585       566937      2409.41
        0.75     0.999609       566937      2560.00
        0.76     0.999634       566966      2730.67
        0.76     0.999658       566966      2925.71
        0.77     0.999683       566992      3150.77
        0.77     0.999707       566992      3413.33
        0.78     0.999731       567007      3723.64
        0.79     0.999756       567020      4096.00
        0.80     0.999768       567025      4311.58
        0.81     0.999780       567034      4551.11
        0.82     0.999792       567038      4818.82
        0.83     0.999805       567045      5120.00
        0.84     0.999817       567051      5461.33
        0.85     0.999829       567058      5851.43
        0.86     0.999841       567065      6301.54
        0.88     0.999854       567073      6826.67
        0.91     0.999866       567079      7447.27
        0.94     0.999878       567085      8192.00
        0.96     0.999884       567090      8623.16
        0.97     0.999890       567092      9102.22
        1.03     0.999896       567096      9637.65
        1.06     0.999902       567099     10240.00
        1.46     0.999908       567103     10922.67
        1.58     0.999915       567106     11702.86
        1.73     0.999921       567109     12603.08
        2.30     0.999927       567113     13653.33
        2.37     0.999933       567117     14894.55
        2.40     0.999939       567120     16384.00
        2.43     0.999942       567123     17246.32
        2.43     0.999945       567123     18204.44
        2.48     0.999948       567125     19275.29
        2.53     0.999951       567127     20480.00
        2.58     0.999954       567129     21845.33
        2.61     0.999957       567130     23405.71
        2.69     0.999960       567132     25206.15
        2.75     0.999963       567134     27306.67
        2.77     0.999966       567136     29789.09
        2.78     0.999969       567139     32768.00
        2.78     0.999971       567139     34492.63
        2.78     0.999973       567139     36408.89
        2.93     0.999974       567140     38550.59
        2.99     0.999976       567141     40960.00
        3.02     0.999977       567142     43690.67
        3.02     0.999979       567142     46811.43
        3.42     0.999980       567143     50412.31
        3.47     0.999982       567145     54613.33
        3.47     0.999983       567145     59578.18
        3.55     0.999985       567146     65536.00
        3.55     0.999986       567146     68985.26
        3.62     0.999986       567147     72817.78
        3.62     0.999987       567147     77101.18
        3.63     0.999988       567148     81920.00
        3.63     0.999989       567148     87381.33
        3.63     0.999989       567148     93622.86
        3.65     0.999990       567149    100824.62
        3.65     0.999991       567149    109226.67
        3.66     0.999992       567151    119156.36
        3.66     0.999992       567151    131072.00
        3.66     0.999993       567151    137970.53
        3.66     0.999993       567151    145635.56
        3.66     0.999994       567151    154202.35
        3.66     0.999994       567151    163840.00
        3.66     0.999994       567151    174762.67
        3.66     0.999995       567151    187245.71
        3.79     0.999995       567152    201649.23
        3.79     0.999995       567152    218453.33
        3.79     0.999996       567152    238312.73
        3.79     0.999996       567152    262144.00
        3.79     0.999996       567152    275941.05
        3.89     0.999997       567153    291271.11
        3.89     0.999997       567153    308404.71
        3.89     0.999997       567153    327680.00
        3.89     0.999997       567153    349525.33
        3.89     0.999997       567153    374491.43
        3.89     0.999998       567153    403298.46
        3.89     0.999998       567153    436906.67
        3.89     0.999998       567153    476625.45
        3.89     0.999998       567153    524288.00
        3.89     0.999998       567153    551882.11
        3.92     0.999998       567154    582542.22
        3.92     1.000000       567154          inf
#[Mean    =        0.423, StdDeviation   =        0.099]
#[Max     =        3.919, Total count    =       567154]
#[Buckets =           20, SubBuckets     =          256]
